128
0 71 81 52 10 39 72 45 14 41 82 59 99 76 81 35 12 3 31 52 60 56 26 46 99 68 28 75 65 33 61 75 56 75 70 89 43 57 69 79 8 90 69 58 44 13 5 27 24 54 30 61 65 19 90 99 29 87 47 18 60 21 9 8 8 8 33 7 43 15 73 89 100000 77 13 92 13 63 59 18 6 89 93 7 45 54 55 82 71 35 58 62 8 21 51 55 68 81 59 71 80 87 36 81 0 32 24 10 99 54 88 13 98 50 21 97 13 99 49 2 23 39 23 63 1 8 35 98
71 0 30 92 14 61 31 55 30 70 28 99 24 58 67 27 30 85 72 2 23 3 100000 42 49 44 47 57 71 61 90 93 74 49 0 89 2 91 25 91 22 61 74 39 82 57 17 79 3 47 44 49 96 59 48 78 94 42 31 9 92 34 9 48 9 24 42 82 80 10 69 31 57 77 8 73 69 100000 33 46 19 93 82 13 85 68 85 48 13 22 31 61 26 19 66 5 74 37 65 40 73 81 45 82 95 19 38 30 39 35 39 81 37 21 10 26 92 76 17 1 19 62 34 41 0 66 82 19
81 30 0 77 80 25 77 39 93 45 55 57 47 15 78 13 80 69 87 86 57 66 77 45 8 79 38 70 79 54 95 84 57 94 46 24 55 11 43 57 0 59 36 9 53 42 69 0 99 50 26 26 4 14 54 73 74 100000 17 80 22 47 33 27 70 41 96 74 60 5 48 44 96 67 56 15 79 59 59 24 46 10 49 22 14 67 96 68 21 54 39 60 46 75 44 22 28 41 40 54 65 54 54 18 93 63 68 86 25 85 75 29 100000 65 76 19 18 78 57 100000 58 72 44 7 33 70 30 41
52 92 77 0 32 56 75 89 74 70 44 7 9 44 59 9 97 61 0 85 7 31 64 65 31 28 59 79 46 24 98 31 60 85 31 2 68 19 68 27 85 67 74 83 99 93 19 86 24 100 57 25 2 89 34 79 27 93 47 8 90 15 4 21 54 100000 100000 56 27 10 3 47 59 49 90 54 38 12 11 31 100 5 0 21 25 40 52 82 51 26 3 77 92 26 74 78 1 7 13 15 30 46 59 72 30 99 40 14 76 29 18 55 46 82 99 62 40 49 56 14 14 100 20 78 15 100000 76 60
10 14 80 32 0 50 34 87 98 40 73 37 80 67 78 52 0 100000 98 67 4 31 10 53 23 62 4 100000 88 4 64 70 41 15 29 15 58 60 16 43 100 18 92 73 91 9 6 54 72 21 92 35 72 60 68 35 74 92 95 42 1 42 15 37 61 80 64 8 40 38 2 17 50 69 97 33 91 46 13 100000 89 14 32 84 22 82 99 70 20 91 41 86 69 5 60 90 52 29 70 22 23 55 9 85 52 2 53 63 46 89 63 62 60 73 47 19 37 35 78 20 23 44 19 20 86 85 70 51
39 61 25 56 50 0 55 19 90 8 38 74 79 15 30 0 87 1 70 52 77 40 34 94 52 53 93 79 71 6 97 18 60 78 47 0 21 16 74 3 7 67 64 27 63 62 65 14 70 74 19 62 52 62 10 68 13 83 95 21 8 26 100 72 43 5 30 47 94 38 87 83 12 49 95 29 52 91 72 51 8 35 76 27 12 84 33 74 7 39 58 95 96 46 34 59 8 56 52 82 86 79 72 41 18 24 13 62 62 82 58 25 87 17 88 46 65 88 90 22 61 97 80 65 60 52 99 82
72 31 77 75 34 55 0 50 97 32 89 58 28 61 37 18 51 59 8 90 83 84 79 73 87 34 0 5 25 80 67 97 86 78 3 48 90 92 28 32 19 18 15 85 100000 38 41 84 9 75 84 94 21 89 8 73 91 2 63 91 57 100 84 78 39 19 91 67 92 22 15 25 54 24 22 64 56 41 85 62 82 64 98 28 13 49 43 22 8 44 15 73 72 25 6 75 63 4 99 39 73 46 4 17 94 76 51 12 63 94 86 56 52 54 69 98 98 38 79 17 94 81 26 85 27 15 73 38
45 55 39 89 87 19 50 0 71 61 36 81 51 76 27 76 23 94 99 54 88 39 0 52 54 99 93 34 60 48 81 34 84 87 76 76 53 24 99 34 69 16 34 73 50 45 100000 45 73 94 22 71 28 45 66 54 53 30 51 24 79 91 35 89 94 58 7 3 12 21 10 45 50 37 48 17 87 19 61 3 45 77 1 39 60 56 29 1 12 94 12 52 8 14 56 81 43 85 20 67 79 49 19 37 34 30 19 86 48 45 100 69 40 31 50 92 59 61 42 0 56 21 96 23 67 7 58 9
14 30 93 74 98 90 97 71 0 84 21 5 80 72 76 26 56 98 0 99 54 91 23 46 58 89 38 34 48 47 100 63 77 22 67 67 89 4 78 53 87 43 54 76 58 4 35 51 63 48 88 60 44 72 18 100000 54 38 6 20 71 12 74 53 89 42 43 77 78 6 23 8 94 51 34 25 31 68 97 36 92 18 19 29 67 79 6 92 55 92 4 68 79 52 55 29 98 51 80 40 64 79 14 4 10 54 98 63 37 66 47 59 36 10 15 81 14 85 6 11 6 79 81 21 76 86 39 2
41 70 45 70 40 8 32 61 84 0 54 24 33 20 60 100000 28 96 14 22 86 48 6 17 8 89 93 100000 100000 28 31 21 20 86 64 100 90 36 12 76 17 27 77 59 78 70 32 23 95 7 60 73 16 93 85 9 97 58 70 39 79 76 82 72 5 39 68 32 38 53 27 35 81 27 94 16 87 21 56 12 97 72 34 33 39 64 40 53 78 37 65 47 59 73 82 92 43 43 50 52 28 52 92 22 29 29 15 58 9 63 99 2 83 44 32 73 79 0 2 66 35 95 76 97 78 75 19 16
82 28 55 44 73 38 89 36 21 54 0 39 82 18 42 2 62 29 48 40 91 47 40 76 93 61 29 37 54 52 99 96 92 92 55 47 34 15 42 88 20 73 90 42 60 78 14 66 99 5 0 57 43 66 49 70 17 49 9 35 51 29 58 8 73 50 30 30 94 10 45 86 25 37 17 100000 27 29 80 22 4 50 94 21 100000 51 95 21 87 19 61 41 7 52 48 30 54 32 7 49 91 16 11 92 20 0 60 63 7 84 53 70 5 1 27 7 59 28 65 98 19 22 98 68 89 70 32 32
59 99 57 7 37 74 58 81 5 24 39 0 32 26 49 27 68 95 31 79 33 35 8 50 57 44 84 44 79 0 18 32 75 10 5 40 79 70 66 85 56 55 88 1 39 82 79 73 6 76 100000 46 100000 83 42 26 74 91 60 37 44 94 53 17 5 39 69 27 86 4 57 74 74 75 18 86 68 53 82 66 35 96 34 11 98 42 56 11 74 11 29 69 99 30 50 52 9 8 28 38 34 37 5 9 96 66 50 79 96 87 9 14 54 5 76 3 96 97 94 31 39 100000 58 19 100 46 2 13
99 24 47 9 80 79 28 51 80 33 82 32 0 36 9 61 69 5 66 8 45 15 68 96 72 27 72 73 23 40 98 25 18 88 32 34 97 82 9 73 65 18 95 98 65 25 97 79 11 8 87 72 71 74 89 76 40 19 60 42 100 96 77 39 3 53 20 72 93 19 0 58 48 85 55 72 84 63 9 51 32 68 93 66 13 62 41 69 54 45 6 7 47 39 32 5 19 60 35 54 12 49 99 13 52 33 40 49 77 89 81 78 86 22 28 11 17 14 85 38 21 27 80 92 100000 78 100 96
76 58 15 44 67 15 61 76 72 20 18 26 36 0 18 100 22 85 43 75 59 48 66 35 68 22 27 43 31 62 53 41 81 95 27 47 85 95 92 12 60 75 87 99 15 92 30 51 93 44 69 29 18 91 32 54 98 71 12 43 30 50 55 63 20 97 87 6 49 43 61 65 1 34 71 43 28 49 68 71 70 32 49 64 36 56 49 94 47 31 5 58 37 87 38 29 66 59 38 19 55 11 97 86 26 1 71 99 43 83 100000 67 18 34 12 27 3 88 17 58 72 94 9 16 67 90 66 81
81 67 78 59 78 30 37 27 76 60 42 49 9 18 0 49 53 47 86 13 23 78 100000 60 100000 39 45 92 3 70 47 2 73 3 73 53 44 26 13 67 48 37 78 21 7 11 6 14 43 94 55 32 26 55 72 25 54 8 87 98 84 54 67 11 55 30 18 82 43 99 8 84 13 39 22 79 100000 78 4 86 22 57 99 32 96 17 28 20 89 17 59 40 43 75 12 76 69 3 31 99 90 45 2 74 66 52 75 9 76 3 56 57 62 72 29 11 83 79 7 11 31 96 75 76 27 68 25 44
35 27 13 9 52 0 18 76 26 100000 2 27 61 100 49 0 22 82 15 7 66 72 10 35 85 83 7 97 41 95 50 0 42 95 64 42 59 70 88 24 15 2 83 63 53 53 26 37 10 44 47 97 96 87 29 72 0 30 58 17 17 5 91 68 78 75 15 34 23 18 79 98 81 91 47 50 74 1 75 65 57 38 32 30 73 65 23 74 57 47 88 20 79 77 65 24 32 73 75 28 64 15 13 33 58 88 48 7 26 63 50 77 81 23 2 78 29 43 33 24 0 92 100000 11 71 24 44 0
12 30 80 97 0 87 51 23 56 28 62 68 69 22 53 22 0 54 14 22 52 75 70 82 0 45 32 71 92 94 16 62 65 12 47 53 37 97 44 1 8 71 3 25 73 34 3 98 79 88 17 26 75 2 40 45 71 38 48 6 90 50 52 89 55 72 2 88 100 60 94 54 1 37 38 7 8 38 57 1 15 53 76 21 67 87 94 97 43 7 55 65 67 51 71 38 26 7 54 79 7 59 18 53 40 76 58 33 49 78 64 43 23 95 58 53 69 68 30 43 66 75 16 7 87 43 23 50
3 85 69 61 100000 1 59 94 98 96 29 95 5 85 47 82 54 0 73 84 53 2 10 95 88 70 18 35 44 23 39 51 42 41 3 68 7 67 29 1 30 90 93 85 62 53 82 8 54 41 20 58 34 16 42 98 89 35 89 74 17 55 45 51 99 99 1 40 4 53 45 17 18 82 97 81 44 30 11 100 53 77 6 70 52 81 90 32 92 64 87 83 54 100000 16 47 10 70 22 66 18 61 65 11 19 11 34 57 88 95 97 98 1 18 83 70 43 87 86 59 66 40 13 89 63 95 58 10
31 72 87 0 98 70 8 99 0 14 48 31 66 43 86 15 14 73 0 47 60 58 4 100000 30 19 65 11 50 48 35 56 0 8 32 2 46 68 67 81 35 30 45 13 30 76 67 3 34 94 12 9 89 62 69 28 40 10 27 67 35 99 44 53 31 87 46 31 4 48 26 59 53 34 100 86 69 92 61 38 34 84 87 51 80 39 100000 73 85 77 61 29 9 75 3 15 37 91 14 44 88 28 46 25 48 77 56 53 98 50 96 10 23 62 20 59 33 26 84 52 70 0 4 54 86 46 5 48
52 2 86 85 67 52 90 54 99 22 40 79 8 75 13 7 22 84 47 0 91 63 43 25 51 30 7 44 59 75 73 11 13 48 33 25 20 63 54 86 18 61 23 18 41 84 9 0 21 80 76 67 98 64 87 95 30 18 54 63 7 73 82 95 7 45 86 40 74 69 99 14 91 81 86 78 96 85 92 28 13 15 22 73 32 64 77 8 50 12 70 2 27 22 29 62 93 87 44 14 21 79 66 10 1 50 62 25 0 78 61 47 66 29 16 32 72 36 18 47 16 50 5 89 47 83 44 29
60 23 57 7 4 77 83 88 54 86 91 33 45 59 23 66 52 53 60 91 0 19 79 68 6 30 74 22 13 19 76 41 98 19 61 53 76 83 9 85 96 55 32 48 77 32 90 49 33 97 70 36 2 12 7 20 18 96 22 96 29 66 30 20 1 34 29 11 46 20 24 96 96 8 38 68 14 51 78 71 52 48 48 75 43 46 100000 100 99 100000 0 6 18 1 31 73 75 19 66 91 40 37 3 10 18 55 10 82 23 46 62 58 67 93 20 84 24 51 75 52 5 7 86 85 14 69 18 93
56 3 66 31 31 40 84 39 91 48 47 35 15 48 78 72 75 2 58 63 19 0 65 17 95 13 27 88 56 60 41 17 46 35 18 21 22 57 86 5 27 44 100000 6 2 71 60 62 51 41 48 13 34 39 14 80 25 49 51 0 65 93 78 12 71 28 54 37 19 77 73 0 83 41 10 70 34 60 80 48 13 97 14 23 75 58 12 37 83 69 38 76 21 78 61 13 70 55 28 61 20 86 43 57 61 45 41 70 41 69 40 95 65 18 54 35 42 90 25 21 24 82 73 100000 61 82 6 23
26 100000 77 64 10 34 79 0 23 6 40 8 68 66 100000 10 70 10 4 43 79 65 0 11 61 62 14 70 88 95 78 44 31 45 7 13 81 100000 81 55 98 97 30 21 74 17 26 19 32 10 87 3 92 58 8 3 83 11 30 29 13 77 63 81 70 59 77 46 18 39 10 20 74 60 46 72 46 85 60 46 6 61 15 61 26 48 78 37 37 49 64 12 88 32 88 13 50 51 3 26 65 43 51 83 45 51 6 91 81 12 32 47 75 85 28 30 44 82 50 95 67 45 58 97 42 95 81 47
46 42 45 65 53 94 73 52 46 17 76 50 96 35 60 35 82 95 100000 25 68 17 11 0 44 36 23 88 45 19 40 24 72 4 97 40 23 37 62 80 89 32 18 53 9 22 29 76 8 44 11 62 42 21 97 66 36 4 34 34 31 65 26 2 41 29 68 35 82 31 11 18 46 94 18 29 88 46 64 89 35 63 68 73 76 36 9 28 21 21 75 38 60 74 14 37 45 18 77 4 19 16 52 23 36 46 46 77 75 72 78 65 72 58 60 35 66 68 23 100 13 21 61 16 99 26 66 34
99 49 8 31 23 52 87 54 58 8 93 57 72 68 100000 85 0 88 30 51 6 95 61 44 0 42 84 26 65 0 5 36 72 4 83 13 51 99 16 2 80 85 16 29 80 59 83 35 25 96 50 15 68 15 92 31 4 52 4 33 33 38 94 100 89 36 34 47 56 46 19 52 73 26 19 10 50 34 24 94 50 62 73 88 11 19 2 73 30 70 75 53 79 73 9 84 74 21 3 72 81 26 83 87 78 87 86 72 89 59 94 18 77 23 62 60 9 50 1 75 51 54 67 21 48 26 99 48
68 44 79 28 62 53 34 99 89 89 61 44 27 22 39 83 45 70 19 30 30 13 62 36 42 0 63 97 89 52 34 84 62 30 14 16 60 83 28 77 46 95 65 95 47 65 5 31 24 94 85 14 66 95 20 59 87 82 53 50 82 78 23 42 92 11 81 28 25 51 48 10 38 94 71 41 66 7 90 34 58 64 76 9 27 83 83 71 97 88 79 10 52 82 12 47 98 97 40 83 64 46 52 10 94 65 32 81 7 20 4 59 35 0 48 95 9 77 32 100000 91 47 5 67 49 45 36 27
28 47 38 59 4 93 0 93 38 93 29 84 72 27 45 7 32 18 65 7 74 27 14 23 84 63 0 61 96 11 41 28 96 29 51 84 53 74 75 22 40 26 43 79 67 20 98 19 5 42 41 26 45 88 76 73 73 69 50 28 24 66 7 39 61 97 53 42 93 61 38 65 81 99 43 45 55 64 33 13 11 55 29 13 99 21 82 100 78 74 23 60 79 88 56 4 87 84 66 9 48 67 75 79 46 77 28 91 65 65 3 40 9 51 74 52 57 43 11 19 62 11 72 45 36 84 25 48
75 57 70 79 100000 79 5 34 34 100000 37 44 73 43 92 97 71 35 11 44 22 88 70 88 26 97 61 0 11 91 15 10 77 73 65 81 25 41 13 80 84 46 62 76 85 72 70 55 82 47 67 56 13 17 77 31 100 30 36 44 11 45 87 22 58 89 3 85 69 56 4 71 99 4 70 16 47 58 64 52 100 28 54 17 90 49 22 20 60 81 89 86 51 63 64 82 47 46 34 20 87 64 59 38 56 61 82 6 27 69 82 66 26 88 53 18 7 39 78 46 20 83 53 97 12 11 2 77
65 71 79 46 88 71 25 60 48 100000 54 79 23 31 3 41 92 44 50 59 13 56 88 45 65 89 96 11 0 6 77 66 38 73 77 0 49 97 73 40 59 40 45 37 31 81 50 7 70 69 90 45 3 61 34 85 72 13 93 70 10 48 81 83 18 90 79 23 38 14 15 9 67 68 51 90 70 78 7 71 88 33 4 8 53 82 68 69 67 38 24 53 75 30 28 48 1 86 12 57 16 38 9 96 33 88 73 34 93 7 89 50 26 100 27 42 73 48 79 53 89 44 100000 83 42 28 99 68
33 61 54 24 4 6 80 48 47 28 52 0 40 62 70 95 94 23 48 75 19 60 95 19 0 52 11 91 6 0 2 94 55 91 62 38 87 34 96 90 50 49 64 74 44 99 87 81 72 5 70 13 54 25 53 50 31 72 27 35 92 73 43 9 73 7 88 73 45 48 39 20 100 94 100 29 7 18 93 2 48 90 0 4 59 95 72 89 13 85 87 81 90 79 62 11 51 14 23 88 48 1 87 32 30 2 13 31 43 53 47 91 56 45 22 83 58 57 91 83 37 82 87 6 98 94 41 22
61 90 95 98 64 97 67 81 100 31 99 18 98 53 47 50 16 39 35 73 76 41 78 40 5 34 41 15 77 2 0 4 53 12 63 0 6 27 81 67 22 59 68 58 6 9 34 5 13 34 86 79 72 56 66 11 94 56 68 17 53 20 52 26 23 60 11 66 71 21 14 40 29 44 21 29 35 56 2 0 48 97 20 100 64 97 3 51 89 75 89 83 82 51 45 95 3 99 70 4 48 3 27 33 18 88 49 100000 31 69 27 81 30 38 4 55 78 51 40 51 73 61 56 64 75 20 82 69
75 93 84 31 70 18 97 34 63 21 96 32 25 41 2 0 62 51 56 11 41 17 44 24 36 84 28 10 66 94 4 0 59 85 71 47 60 69 37 10 62 94 77 100000 54 26 64 26 78 50 67 63 74 95 95 70 97 8 71 41 94 57 91 76 93 86 25 96 41 90 47 96 81 24 31 64 58 99 59 79 63 11 72 97 10 28 88 82 92 84 18 9 22 61 54 72 61 47 19 40 15 22 3 48 86 42 0 49 7 74 87 17 75 92 53 31 94 67 95 7 100000 100 8 45 20 75 67 100000
56 74 57 60 41 60 86 84 77 20 92 75 18 81 73 42 65 42 0 13 98 46 31 72 72 62 96 77 38 55 53 59 0 11 85 27 60 39 2 93 61 88 10 81 17 52 82 78 55 49 78 44 69 2 18 57 89 86 79 91 23 17 43 31 57 40 95 42 71 96 91 24 60 70 26 19 76 88 76 83 44 19 69 33 71 51 67 35 19 4 96 96 31 92 37 86 8 59 70 11 75 58 56 68 59 13 99 100 76 83 76 3 71 53 40 68 52 18 77 28 81 50 46 72 17 48 78 47
75 49 94 85 15 78 78 87 22 86 92 10 88 95 3 95 12 41 8 48 19 35 45 4 4 30 29 73 73 91 12 85 11 0 15 33 27 78 62 23 63 58 82 88 30 19 100 90 0 99 41 66 49 80 15 50 43 46 51 61 83 37 42 46 92 56 93 90 35 98 10 45 32 82 82 83 61 98 56 95 79 62 64 9 4 17 70 64 91 23 10 66 54 33 20 97 30 90 19 47 15 89 10 89 13 22 38 35 66 88 16 86 87 57 7 56 58 38 10 36 19 12 42 93 26 78 95 41
70 0 46 31 29 47 3 76 67 64 55 5 32 27 73 64 47 3 32 33 61 18 7 97 83 14 51 65 77 62 63 71 85 15 0 80 68 60 80 43 3 24 99 58 67 98 74 65 83 65 99 33 63 94 44 34 53 16 92 95 84 99 9 40 75 50 68 74 17 31 74 75 24 25 52 23 54 80 61 37 25 4 11 65 44 72 16 65 0 53 44 27 66 38 47 82 45 84 3 32 94 98 14 45 33 80 7 4 49 83 11 45 1 53 28 79 73 96 85 15 40 81 72 7 22 62 98 43
89 89 24 2 15 0 48 76 67 100 47 40 34 47 53 42 53 68 2 25 53 21 13 40 13 16 84 81 0 38 0 47 27 33 80 0 30 94 33 50 84 59 100 19 4 52 37 97 93 83 40 88 88 57 35 100000 82 82 94 42 41 75 38 14 38 38 32 57 80 19 67 32 45 8 13 85 5 75 52 74 80 76 44 2 14 93 78 83 48 79 79 0 45 93 41 58 57 16 52 61 4 26 42 15 83 57 86 58 10 40 23 79 100 99 91 70 83 55 70 93 96 89 44 8 74 81 47 5
43 2 55 68 58 21 90 53 89 90 34 79 97 85 44 59 37 7 46 20 76 22 81 23 51 60 53 25 49 87 6 60 60 27 68 30 0 79 85 71 94 16 37 81 16 55 84 59 14 75 2 68 31 36 1 94 63 0 48 53 91 46 100 76 50 34 35 61 96 3 15 1 76 53 24 56 5 76 32 90 39 32 45 10 54 42 57 87 86 90 43 72 30 28 7 50 33 89 46 35 61 71 45 39 56 78 70 51 58 29 11 6 10 17 41 18 88 39 52 89 55 86 96 81 76 7 98 58
57 91 11 19 60 16 92 24 4 36 15 70 82 95 26 70 97 67 68 63 83 57 100000 37 99 83 74 41 97 34 27 69 39 78 60 94 79 0 0 81 86 90 43 63 45 17 9 54 40 4 94 2 14 75 51 9 83 13 36 63 93 59 24 0 32 46 74 5 79 61 50 96 92 81 24 46 28 16 80 27 2 23 82 79 94 22 34 64 72 52 27 83 62 58 73 5 23 15 77 14 66 86 95 55 69 73 65 26 29 41 34 39 86 14 58 18 54 67 41 3 4 4 33 6 40 91 92 25
69 25 43 68 16 74 28 99 78 12 42 66 9 92 13 88 44 29 67 54 9 86 81 62 16 28 75 13 73 96 81 37 2 62 80 33 85 0 0 11 28 15 78 59 85 19 53 32 44 11 34 28 87 96 2 90 87 8 73 18 1 5 75 37 55 47 85 71 66 75 77 11 67 57 86 66 55 78 80 12 84 20 84 58 15 73 73 35 11 66 6 11 98 94 94 42 83 72 37 68 19 98 60 93 59 2 75 68 43 51 68 13 17 34 68 36 95 25 78 2 58 3 76 48 11 53 27 80
79 91 57 27 43 3 32 34 53 76 88 85 73 12 67 24 1 1 81 86 85 5 55 80 2 77 22 80 40 90 67 10 93 23 43 50 71 81 11 0 27 62 20 0 27 46 23 81 77 18 18 80 53 18 53 66 51 12 51 37 88 70 31 21 54 29 74 99 16 47 76 21 18 89 13 94 14 88 8 87 93 53 9 100 11 28 21 20 66 73 59 69 38 3 66 50 34 49 65 28 11 54 7 99 15 66 78 15 7 91 32 69 45 93 52 69 45 49 79 83 46 79 24 35 69 23 31 92
8 22 0 85 100 7 19 69 87 17 20 56 65 60 48 15 8 30 35 18 96 27 98 89 80 46 40 84 59 50 22 62 61 63 3 84 94 86 28 27 0 98 18 13 62 62 4 85 82 90 22 74 20 23 53 61 23 100000 71 79 39 20 16 57 68 87 22 37 29 90 32 36 92 47 7 60 42 28 63 72 6 46 70 34 51 95 21 68 71 30 2 2 85 44 43 44 70 54 18 87 89 77 45 91 47 34 50 44 36 7 54 97 43 1 37 97 51 16 47 23 1 51 89 61 32 73 66 33
90 61 59 67 18 67 18 16 43 27 73 55 18 75 37 2 71 90 30 61 55 44 97 32 85 95 26 46 40 49 59 94 88 58 24 59 16 90 15 62 98 0 72 97 27 21 74 47 63 61 50 9 82 79 25 70 62 40 79 58 83 68 62 13 16 58 96 26 2 50 96 43 7 95 2 61 32 67 56 52 98 63 19 65 86 98 10 60 45 94 57 50 77 10 58 72 70 59 25 45 78 57 15 4 2 92 23 2 84 97 64 28 80 43 24 6 47 62 71 0 65 78 57 6 69 35 29 96
69 74 36 74 92 64 15 34 54 77 90 88 95 87 78 83 3 93 45 23 32 100000 30 18 16 65 43 62 45 64 68 77 10 82 99 100 37 43 78 20 18 72 0 49 16 67 28 39 17 41 74 55 0 4 66 31 81 54 75 16 88 36 68 40 29 59 26 95 74 93 92 44 29 70 39 88 68 4 85 76 48 69 81 97 15 8 84 74 52 100000 44 45 63 79 82 0 32 27 75 60 83 92 1 57 94 90 45 43 3 15 21 83 99 21 22 47 63 50 1 54 8 0 30 10 99 24 63 57
58 39 9 83 73 27 85 73 76 59 42 1 98 99 21 63 25 85 13 18 48 6 21 53 29 95 79 76 37 74 58 100000 81 88 58 19 81 63 59 0 13 97 49 0 7 42 5 9 72 69 96 6 10 100 42 44 23 46 27 100 0 71 92 47 19 87 22 36 92 16 95 34 56 44 1 98 97 5 16 95 14 96 18 38 35 76 8 12 70 24 88 0 25 91 91 45 87 100 14 96 91 44 60 80 16 28 50 29 69 6 86 58 33 1 70 14 70 40 83 75 38 100 64 74 70 57 50 1
44 82 53 99 91 63 100000 50 58 78 60 39 65 15 7 53 73 62 30 41 77 2 74 9 80 47 67 85 31 44 6 54 17 30 67 4 16 45 85 27 62 27 16 7 0 65 98 83 15 28 26 8 31 70 92 80 68 98 16 20 92 43 7 54 26 10 8 22 35 58 24 75 60 83 56 3 83 95 54 45 58 9 36 62 55 24 90 89 12 70 97 40 26 86 26 68 87 16 31 98 74 43 99 20 59 28 88 43 0 84 6 77 11 3 69 9 35 99 20 18 89 39 86 17 31 97 1 23
13 57 42 93 9 62 38 45 4 70 78 82 25 92 11 53 34 53 76 84 32 71 17 22 59 65 20 72 81 99 9 26 52 19 98 52 55 17 19 46 62 21 67 42 65 0 11 59 16 97 99 63 99 91 13 66 27 32 76 38 4 31 83 36 15 80 46 44 45 69 42 99 5 10 26 17 12 50 90 22 74 13 60 89 29 45 10 53 74 70 8 36 1 20 8 38 30 15 6 81 3 33 100 99 15 34 89 57 44 82 49 66 85 66 26 66 32 40 29 39 95 21 72 80 35 89 6 51
5 17 69 19 6 65 41 100000 35 32 14 79 97 30 6 26 3 82 67 9 90 60 26 29 83 5 98 70 50 87 34 64 82 100 74 37 84 9 53 23 4 74 28 5 98 11 0 88 4 33 98 32 11 8 6 13 7 98 11 50 77 71 58 68 70 2 12 83 20 95 29 43 100 72 70 93 64 67 17 89 19 59 90 67 0 38 79 49 56 34 16 89 25 21 36 82 50 38 82 25 46 50 6 100 80 17 61 7 74 75 33 21 79 26 14 69 0 19 33 72 13 72 82 73 72 20 85 49
27 79 0 86 54 14 84 45 51 23 66 73 79 51 14 37 98 8 3 0 49 62 19 76 35 31 19 55 7 81 5 26 78 90 65 97 59 54 32 81 85 47 39 9 83 59 88 0 18 65 57 48 49 67 43 18 25 85 33 13 28 72 1 23 79 79 70 64 10 64 99 10 22 37 74 71 50 12 5 37 25 78 50 78 49 67 66 31 67 52 11 18 96 96 22 94 98 20 9 87 52 41 10 83 73 76 43 57 32 95 26 31 45 74 42 94 40 98 39 1 48 49 17 68 11 69 34 61
24 3 99 24 72 70 9 73 63 95 99 6 11 93 43 10 79 54 34 21 33 51 32 8 25 24 5 82 70 72 13 78 55 0 83 93 14 40 44 77 82 63 17 72 15 16 4 18 0 44 62 2 3 18 84 21 25 39 49 90 45 32 41 29 87 100 28 41 33 88 54 61 45 56 65 42 62 38 31 86 23 14 100000 61 8 16 57 54 88 32 95 24 51 89 57 66 77 28 87 19 5 11 83 49 35 25 66 31 56 17 74 19 48 72 11 14 52 57 4 54 28 98 45 32 67 16 69 56
54 47 50 100 21 74 75 94 48 7 5 76 8 44 94 44 88 41 94 80 97 41 10 44 96 94 42 47 69 5 34 50 49 99 65 83 75 4 11 18 90 61 41 69 28 97 33 65 44 0 7 47 38 69 54 21 73 86 76 56 73 76 11 36 42 31 51 28 20 10 100000 35 56 60 1 65 53 11 45 52 52 60 90 96 13 76 58 4 60 32 6 81 10 98 81 28 47 57 59 90 91 27 11 58 76 66 40 45 25 89 32 84 16 76 6 24 49 5 68 93 52 15 30 90 55 100000 95 33
30 44 26 57 92 19 84 22 88 60 0 100000 87 69 55 47 17 20 12 76 70 48 87 11 50 85 41 67 90 70 86 67 78 41 99 40 2 94 34 18 22 50 74 96 26 99 98 57 62 7 0 48 82 66 51 69 29 66 43 46 95 55 21 82 60 65 87 0 22 39 98 32 76 52 61 86 59 36 100 1 10 12 52 53 6 1 54 79 24 15 75 19 36 88 47 69 100 40 51 95 70 69 54 57 87 84 82 71 70 79 22 46 83 4 44 9 50 91 94 17 90 42 16 17 64 2 8 17
61 49 26 25 35 62 94 71 60 73 57 46 72 29 32 97 26 58 9 67 36 13 3 62 15 14 26 56 45 13 79 63 44 66 33 88 68 2 28 80 74 9 55 6 8 63 32 48 2 47 48 0 87 46 80 66 17 15 44 12 40 48 51 82 63 93 74 48 45 13 6 38 66 11 67 18 82 84 16 95 10 55 66 19 85 96 21 48 34 22 92 23 79 40 85 29 1 22 37 69 44 83 72 13 13 15 83 32 57 33 86 17 48 34 45 15 35 6 29 5 83 40 19 63 23 55 39 6
65 96 4 2 72 52 21 28 44 16 43 100000 71 18 26 96 75 34 89 98 2 34 92 42 68 66 45 13 3 54 72 74 69 49 63 88 31 14 87 53 20 82 0 10 31 99 11 49 3 38 82 87 0 11 54 27 21 66 54 76 21 78 33 82 58 63 38 33 11 24 40 13 84 47 93 89 85 28 96 56 36 47 85 81 19 36 35 45 41 67 24 21 44 24 37 13 67 20 32 38 56 19 98 94 0 11 10 20 23 95 45 82 82 7 91 90 25 94 39 92 89 65 72 98 50 35 35 74
19 59 14 89 60 62 89 45 72 93 66 83 74 91 55 87 2 16 62 64 12 39 58 21 15 95 88 17 61 25 56 95 2 80 94 57 36 75 96 18 23 79 4 100 70 91 8 67 18 69 66 46 11 0 55 50 6 35 87 71 20 78 57 62 40 98 17 84 79 3 81 46 23 96 5 81 29 34 55 2 9 2 28 50 55 54 59 5 31 50 90 3 37 24 1 12 38 76 92 24 58 7 71 52 55 15 71 20 53 88 1 38 5 1 91 72 35 100000 18 69 20 93 53 14 61 42 65 69
90 48 54 34 68 10 8 66 18 85 49 42 89 32 72 29 40 42 69 87 7 14 8 97 92 20 76 77 34 53 66 95 18 15 44 35 1 51 2 53 53 25 66 42 92 13 6 43 84 54 51 80 54 55 0 64 55 30 45 51 73 88 1 67 54 70 20 44 89 66 69 100 61 5 4 70 94 83 23 59 90 94 39 8 35 59 79 15 37 4 87 44 48 39 97 39 52 85 67 34 88 77 65 40 76 1 47 96 71 63 2 20 88 85 81 31 17 41 77 33 1 93 3 44 86 2 0 4
99 78 73 79 35 68 73 54 100000 9 70 26 76 54 25 72 45 98 28 95 20 80 3 66 31 59 73 31 85 50 11 70 57 50 34 100000 94 9 90 66 61 70 31 44 80 66 13 18 21 21 69 66 27 50 64 0 77 24 69 6 70 58 58 21 59 70 70 59 15 93 66 91 44 49 81 45 28 81 73 24 61 90 63 84 35 35 31 5 51 49 86 42 95 1 33 69 99 79 46 23 10 79 96 53 2 87 66 42 75 64 12 44 40 16 51 50 75 39 55 25 64 69 77 18 15 86 4 4
29 94 74 27 74 13 91 53 54 97 17 74 40 98 54 0 71 89 40 30 18 25 83 36 4 87 73 100 72 31 94 97 89 43 53 82 63 83 87 51 23 62 81 23 68 27 7 25 25 73 29 17 21 6 55 77 0 93 59 90 88 88 3 31 88 38 69 18 19 46 34 59 75 6 88 41 9 38 57 81 9 72 46 46 89 32 97 54 72 49 65 15 97 19 19 62 1 12 46 61 28 100000 49 87 19 30 37 52 61 61 68 7 62 83 30 78 69 40 2 8 65 41 0 25 84 65 64 91
87 42 100000 93 92 83 2 30 38 58 49 91 19 71 8 30 38 35 10 18 96 49 11 4 52 82 69 30 13 72 56 8 86 46 16 82 0 13 8 12 100000 40 54 46 98 32 98 85 39 86 66 15 66 35 30 24 93 0 69 72 8 71 54 51 27 93 12 16 72 51 63 95 2 96 69 17 66 41 43 96 56 84 69 19 51 30 43 78 40 60 89 17 45 23 23 54 59 82 0 69 27 95 90 3 9 31 7 51 88 61 84 73 37 90 33 5 54 26 28 92 85 32 42 73 22 29 88 78
47 31 17 47 95 95 63 51 6 70 9 60 60 12 87 58 48 89 27 54 22 51 30 34 4 53 50 36 93 27 68 71 79 51 92 94 48 36 73 51 71 79 75 27 16 76 11 33 49 76 43 44 54 87 45 69 59 69 0 16 89 90 5 80 14 60 92 40 93 45 40 52 40 88 85 42 80 44 15 62 55 41 50 10 5 80 28 41 49 84 4 100 84 78 72 63 98 89 63 37 83 19 99 78 33 21 84 13 44 40 54 21 17 67 19 28 52 74 60 74 6 16 45 42 38 25 2 52
18 9 80 8 42 21 91 24 20 39 35 37 42 43 98 17 6 74 67 63 96 0 29 34 33 50 28 44 70 35 17 41 91 61 95 42 53 63 18 37 79 58 16 100 20 38 50 13 90 56 46 12 76 71 51 6 90 72 16 0 9 36 27 36 51 61 61 100 92 26 97 63 86 58 87 27 87 66 69 48 96 36 29 98 94 42 43 67 71 49 14 96 66 34 71 17 90 84 93 72 89 28 81 54 95 34 12 100 8 53 95 27 56 40 73 66 5 10 32 35 60 11 30 51 62 24 23 72
60 92 22 90 1 8 57 79 71 79 51 44 100 30 84 17 90 17 35 7 29 65 13 31 33 82 24 11 10 92 53 94 23 83 84 41 91 93 1 88 39 83 88 0 92 4 77 28 45 73 95 40 21 20 73 70 88 8 89 9 0 4 52 71 20 76 10 70 39 5 88 86 56 26 88 72 66 85 44 22 18 77 55 43 50 72 1 75 66 30 34 4 57 58 46 50 1 80 33 0 60 61 79 9 1 90 29 64 47 47 6 60 44 24 56 52 64 69 7 10 91 78 4 98 60 95 82 41
21 34 47 15 42 26 100 91 12 76 29 94 96 50 54 5 50 55 99 73 66 93 77 65 38 78 66 45 48 73 20 57 17 37 99 75 46 59 5 70 20 68 36 71 43 31 71 72 32 76 55 48 78 78 88 58 88 71 90 36 4 0 61 7 75 66 72 63 13 1 60 54 94 89 80 47 5 13 13 82 92 51 94 57 16 3 38 62 34 80 99 43 49 32 20 67 64 89 28 100 27 48 18 48 85 26 50 95 95 64 78 37 90 82 28 42 22 71 12 22 35 11 77 37 35 99 29 35
9 9 33 4 15 100 84 35 74 82 58 53 77 55 67 91 52 45 44 82 30 78 63 26 94 23 7 87 81 43 52 91 43 42 9 38 100 24 75 31 16 62 68 92 7 83 58 1 41 11 21 51 33 57 1 58 3 54 5 27 52 61 0 8 100000 47 92 99 94 34 19 21 66 59 52 9 69 53 87 87 8 94 36 95 98 20 100000 42 27 69 35 88 91 22 5 36 85 3 46 86 15 60 16 9 80 6 3 93 28 66 95 91 42 45 53 80 55 59 53 93 5 40 78 31 76 19 37 13
8 48 27 21 37 72 78 89 53 72 8 17 39 63 11 68 89 51 53 95 20 12 81 2 100 42 39 22 83 9 26 76 31 46 40 14 76 0 37 21 57 13 40 47 54 36 68 23 29 36 82 82 82 62 67 21 31 51 80 36 71 7 8 0 73 0 57 16 97 15 68 94 72 95 12 20 58 98 9 63 80 76 32 12 61 37 69 38 58 98 44 30 98 57 60 87 44 65 60 21 83 39 53 1 93 41 41 41 85 8 51 40 98 37 57 81 73 26 12 61 58 48 46 83 89 54 64 62
8 9 70 54 61 43 39 94 89 5 73 5 3 20 55 78 55 99 31 7 1 71 70 41 89 92 61 58 18 73 23 93 57 92 75 38 50 32 55 54 68 16 29 19 26 15 70 79 87 42 60 63 58 40 54 59 88 27 14 51 20 75 100000 73 0 58 94 82 80 62 30 17 83 35 74 91 52 15 59 23 48 2 33 89 39 30 44 46 62 88 71 94 100 96 45 3 74 98 60 15 79 23 61 90 68 69 98 25 38 59 91 44 9 50 98 60 83 71 72 41 84 69 80 100000 3 65 84 36
8 24 41 100000 80 5 19 58 42 39 50 39 53 97 30 75 72 99 87 45 34 28 59 29 36 11 97 89 90 7 60 86 40 56 50 38 34 46 47 29 87 58 59 87 10 80 2 79 100 31 65 93 63 98 70 70 38 93 60 61 76 66 47 0 58 0 91 53 80 23 42 20 78 3 32 26 94 71 30 13 27 50 21 26 33 30 47 43 69 77 10 50 73 58 12 58 28 40 26 27 65 35 33 39 61 4 49 83 81 42 100 59 5 75 4 91 17 34 1 53 58 90 51 7 25 50 23 46
33 42 96 100000 64 30 91 7 43 68 30 69 20 87 18 15 2 1 46 86 29 54 77 68 34 81 53 3 79 88 11 25 95 93 68 32 35 74 85 74 22 96 26 22 8 46 12 70 28 51 87 74 38 17 20 70 69 12 92 61 10 72 92 57 94 91 0 100 11 80 89 90 62 68 30 66 77 41 67 45 85 64 93 24 64 1 56 61 36 0 94 83 96 57 60 25 19 100 92 83 88 47 1 46 29 62 96 5 9 12 100 69 65 20 75 67 99 99 50 52 90 70 70 82 43 22 88 91
7 82 74 56 8 47 67 3 77 32 30 27 72 6 82 34 88 40 31 40 11 37 46 35 47 28 42 85 23 73 66 96 42 90 74 57 61 5 71 99 37 26 95 36 22 44 83 64 41 28 0 48 33 84 44 59 18 16 40 100 70 63 99 16 82 53 100 0 23 69 23 97 61 61 65 10 49 35 32 45 43 73 1 40 64 33 100 100000 20 98 69 89 41 7 74 92 62 59 70 68 100000 35 41 47 65 34 25 15 37 22 55 9 78 0 48 6 63 45 100 49 36 61 98 76 65 37 88 12
43 80 60 27 40 94 92 12 78 38 94 86 93 49 43 23 100 4 4 74 46 19 18 82 56 25 93 69 38 45 71 41 71 35 17 80 96 79 66 16 29 2 74 92 35 45 20 10 33 20 22 45 11 79 89 15 19 72 93 92 39 13 94 97 80 80 11 23 0 87 55 75 47 34 50 22 29 63 81 65 39 49 98 72 21 59 43 59 83 73 24 16 97 84 56 45 22 95 78 27 100 87 30 1 46 98 33 78 11 9 71 72 36 62 40 37 10 40 42 39 77 93 80 85 7 32 39 78
15 10 5 10 38 38 22 21 6 53 10 4 19 43 99 18 60 53 48 69 20 77 39 31 46 51 61 56 14 48 21 90 96 98 31 19 3 61 75 47 90 50 93 16 58 69 95 64 88 10 39 13 24 3 66 93 46 51 45 26 5 1 34 15 62 23 80 69 87 0 57 63 83 43 29 23 100 19 16 63 72 62 10 78 80 92 74 67 39 56 28 14 69 28 23 12 97 74 100000 0 76 7 79 44 71 95 56 87 98 79 35 95 19 10 99 41 73 65 36 100000 80 91 66 59 29 3 20 87
73 69 48 3 2 87 15 10 23 27 45 57 0 61 8 79 94 45 26 99 24 73 10 11 19 48 38 4 15 39 14 47 91 10 74 67 15 50 77 76 32 96 92 95 24 42 29 99 54 100000 98 6 40 81 69 66 34 63 40 97 88 60 19 68 30 42 89 23 55 57 0 93 35 76 39 25 71 98 76 8 0 21 89 84 55 87 21 67 59 56 37 16 87 100 91 73 99 61 81 75 88 30 57 91 82 76 85 0 81 14 58 36 87 78 67 65 83 50 92 87 28 64 31 44 100 37 74 25
89 31 44 47 17 83 25 45 8 35 86 74 58 65 84 98 54 17 59 14 96 0 20 18 52 10 65 71 9 20 40 96 24 45 75 32 1 96 11 21 36 43 44 34 75 99 43 10 61 35 32 38 13 46 100 91 59 95 52 63 86 54 21 94 17 20 90 97 75 63 93 0 9 62 11 6 94 46 48 79 16 33 35 43 24 61 17 33 36 30 10 47 85 89 100 2 12 43 20 84 60 67 42 79 3 47 6 45 47 28 91 7 50 67 48 78 38 88 89 82 55 57 13 71 99 15 21 84
100000 57 96 59 50 12 54 50 94 81 25 74 48 1 13 81 1 18 53 91 96 83 74 46 73 38 81 99 67 100 29 81 60 32 24 45 76 92 67 18 92 7 29 56 60 5 100 22 45 56 76 66 84 23 61 44 75 2 40 86 56 94 66 72 83 78 62 61 47 83 35 9 0 31 1 49 83 39 91 16 13 84 34 20 4 71 52 9 98 9 64 65 68 45 64 13 79 8 42 72 98 66 31 84 62 41 44 66 53 16 79 32 33 5 98 59 29 94 94 61 35 40 42 11 46 61 90 90
77 77 67 49 69 49 24 37 51 27 37 75 85 34 39 91 37 82 34 81 8 41 60 94 26 94 99 4 68 94 44 24 70 82 25 8 53 81 57 89 47 95 70 44 83 10 72 37 56 60 52 11 47 96 5 49 6 96 88 58 26 89 59 95 35 3 68 61 34 43 76 62 31 0 66 46 11 95 50 84 26 79 66 71 3 98 43 87 86 16 52 89 45 23 81 17 15 42 83 19 5 30 27 34 51 56 71 3 56 12 55 6 100000 64 49 79 51 73 82 59 31 90 36 96 18 2 58 55
13 8 56 90 97 95 22 48 34 94 17 18 55 71 22 47 38 97 100 86 38 10 46 18 19 71 43 70 51 100 21 31 26 82 52 13 24 24 86 13 7 2 39 1 56 26 70 74 65 1 61 67 93 5 4 81 88 69 85 87 88 80 52 12 74 32 30 65 50 29 39 11 1 66 0 48 44 44 93 31 65 28 1 36 59 99 23 48 70 31 50 62 66 56 36 39 100 49 42 60 84 63 18 84 52 91 19 27 8 86 24 48 58 72 8 42 62 64 24 46 84 36 100000 7 86 58 72 70
92 73 15 54 33 29 64 17 25 16 100000 86 72 43 79 50 7 81 86 78 68 70 72 29 10 41 45 16 90 29 29 64 19 83 23 85 56 46 66 94 60 61 88 98 3 17 93 71 42 65 86 18 89 81 70 45 41 17 42 27 72 47 9 20 91 26 66 10 22 23 25 6 49 46 48 0 73 53 93 44 77 78 88 77 81 86 7 36 95 25 36 65 39 42 24 10 66 58 55 37 12 63 31 70 53 93 14 34 43 3 20 78 34 70 95 65 64 41 87 54 46 96 78 38 21 81 99 92
13 69 79 38 91 52 56 87 31 87 27 68 84 28 100000 74 8 44 69 96 14 34 46 88 50 66 55 47 70 7 35 58 76 61 54 5 5 28 55 14 42 32 68 97 83 12 64 50 62 53 59 82 85 29 94 28 9 66 80 87 66 5 69 58 52 94 77 49 29 100 71 94 83 11 44 73 0 89 91 77 98 16 3 87 13 68 38 20 37 89 80 36 72 16 53 83 70 0 27 81 37 100000 17 39 21 97 43 27 12 63 80 2 63 13 12 48 75 70 84 78 26 27 17 18 8 16 50 27
63 100000 59 12 46 91 41 19 68 21 29 53 63 49 78 1 38 30 92 85 51 60 85 46 34 7 64 58 78 18 56 99 88 98 80 75 76 16 78 88 28 67 4 5 95 50 67 12 38 11 36 84 28 34 83 81 38 41 44 66 85 13 53 98 15 71 41 35 63 19 98 46 39 95 44 53 89 0 100000 82 69 67 0 70 97 3 10 32 1 13 28 19 38 87 57 37 15 98 77 55 34 18 45 22 40 67 57 91 60 20 43 10 86 28 99 100000 33 4 79 7 0 27 52 42 31 80 84 98
59 33 59 11 13 72 85 61 97 56 80 82 9 68 4 75 57 11 61 92 78 80 60 64 24 90 33 64 7 93 2 59 76 56 61 52 32 80 80 8 63 56 85 16 54 90 17 5 31 45 100 16 96 55 23 73 57 43 15 69 44 13 87 9 59 30 67 32 81 16 76 48 91 50 93 93 91 100000 0 38 85 24 92 18 52 51 47 22 17 25 25 93 38 62 65 31 35 35 70 2 65 76 25 31 33 99 60 3 93 100000 12 55 98 18 29 65 9 17 95 31 54 22 39 88 48 84 89 50
18 46 24 31 100000 51 62 3 36 12 22 66 51 71 86 65 1 100 38 28 71 48 46 89 94 34 13 52 71 2 0 79 83 95 37 74 90 27 12 87 72 52 76 95 45 22 89 37 86 52 1 95 56 2 59 24 81 96 62 48 22 82 87 63 23 13 45 45 65 63 8 79 16 84 31 44 77 82 38 0 54 47 47 78 43 41 15 19 51 21 44 15 33 13 30 92 91 69 19 26 19 34 63 57 48 1 36 14 83 40 83 38 9 17 80 58 77 64 69 69 19 89 44 68 23 20 93 20
6 19 46 100 89 8 82 45 92 97 4 35 32 70 22 57 15 53 34 13 52 13 6 35 50 58 11 100 88 48 48 63 44 79 25 80 39 2 84 93 6 98 48 14 58 74 19 25 23 52 10 10 36 9 90 61 9 56 55 96 18 92 8 80 48 27 85 43 39 72 0 16 13 26 65 77 98 69 85 54 0 87 89 20 48 90 97 94 60 37 6 51 58 30 57 65 66 43 59 16 66 88 61 51 57 91 63 78 54 49 95 68 36 17 76 86 47 38 5 19 79 50 53 47 24 85 97 30
89 93 10 5 14 35 64 77 18 72 50 96 68 32 57 38 53 77 84 15 48 97 61 63 62 64 55 28 33 90 97 11 19 62 4 76 32 23 20 53 46 63 69 96 9 13 59 78 14 60 12 55 47 2 94 90 72 84 41 36 77 51 94 76 2 50 64 73 49 62 21 33 84 79 28 78 16 67 24 47 87 0 41 90 79 28 23 39 11 61 5 58 89 55 81 11 13 39 33 39 91 82 19 28 31 88 6 71 28 50 21 59 49 86 69 67 32 35 63 19 73 17 94 26 74 28 7 36
93 82 49 0 32 76 98 1 19 34 94 34 93 49 99 32 76 6 87 22 48 14 15 68 73 76 29 54 4 0 20 72 69 64 11 44 45 82 84 9 70 19 81 18 36 60 90 50 100000 90 52 66 85 28 39 63 46 69 50 29 55 94 36 32 33 21 93 1 98 10 89 35 34 66 1 88 3 0 92 47 89 41 0 29 47 77 24 86 97 71 86 68 6 3 19 26 4 67 45 84 3 7 61 14 36 48 81 75 29 92 71 27 32 57 49 86 74 10 57 68 14 64 2 94 20 40 69 21
7 13 22 21 84 27 28 39 29 33 21 11 66 64 32 30 21 70 51 73 75 23 61 73 88 9 13 17 8 4 100 97 33 9 65 2 10 79 58 100 34 65 97 38 62 89 67 78 61 96 53 19 81 50 8 84 46 19 10 98 43 57 95 12 89 26 24 40 72 78 84 43 20 71 36 77 87 70 18 78 20 90 29 0 93 45 89 5 29 39 90 80 31 35 21 24 79 44 56 0 49 3 99 56 42 57 83 5 55 92 14 66 55 62 4 16 100000 33 85 13 42 67 9 33 8 81 37 12
45 85 14 25 22 12 13 60 67 39 100000 98 13 36 96 73 67 52 80 32 43 75 26 76 11 27 99 90 53 59 64 10 71 4 44 14 54 94 15 11 51 86 15 35 55 29 0 49 8 13 6 85 19 55 35 35 89 51 5 94 50 16 98 61 39 33 64 64 21 80 55 24 4 3 59 81 13 97 52 43 48 79 47 93 0 70 33 62 39 96 84 1 99 0 17 53 76 11 88 62 79 59 96 58 11 72 97 41 96 60 7 11 45 79 66 15 3 25 87 92 9 5 27 19 38 39 79 78
54 68 67 40 82 84 49 56 79 64 51 42 62 56 17 65 87 81 39 64 46 58 48 36 19 83 21 49 82 95 97 28 51 17 72 93 42 22 73 28 95 98 8 76 24 45 38 67 16 76 1 96 36 54 59 35 32 30 80 42 72 3 20 37 30 30 1 33 59 92 87 61 71 98 99 86 68 3 51 41 90 28 77 45 70 0 53 86 67 96 48 78 81 41 98 69 48 49 26 98 42 85 48 76 24 0 53 32 65 31 28 93 94 66 32 68 0 34 28 19 37 95 32 65 37 6 95 71
55 85 96 52 99 33 43 29 6 40 95 56 41 49 28 23 94 90 100000 77 100000 12 78 9 2 83 82 22 68 72 3 88 67 70 16 78 57 34 73 21 21 10 84 8 90 10 79 66 57 58 54 21 35 59 79 31 97 43 28 43 1 38 100000 69 44 47 56 100 43 74 21 17 52 43 23 7 38 10 47 15 97 23 24 89 33 53 0 82 8 67 69 25 95 19 79 48 81 51 78 47 80 72 32 53 75 32 62 80 85 13 49 73 82 63 30 10 39 64 55 95 80 34 78 92 87 63 8 39
82 48 68 82 70 74 22 1 92 53 21 11 69 94 20 74 97 32 73 8 100 37 37 28 73 71 100 20 69 89 51 82 35 64 65 83 87 64 35 20 68 60 74 12 89 53 49 31 54 4 79 48 45 5 15 5 54 78 41 67 75 62 42 38 46 43 61 100000 59 67 67 33 9 87 48 36 20 32 22 19 94 39 86 5 62 86 82 0 45 0 56 13 68 22 80 75 17 66 7 37 81 96 88 13 48 90 70 96 28 52 96 48 12 45 99 71 23 8 100 15 67 22 31 86 2 78 72 9
71 13 21 51 20 7 8 12 55 78 87 74 54 47 89 57 43 92 85 50 99 83 37 21 30 97 78 60 67 13 89 92 19 91 0 48 86 72 11 66 71 45 52 70 12 74 56 67 88 60 24 34 41 31 37 51 72 40 49 71 66 34 27 58 62 69 36 20 83 39 59 36 98 86 70 95 37 1 17 51 60 11 97 29 39 67 8 45 0 87 94 31 97 67 35 56 57 84 0 28 85 15 99 59 66 86 22 26 18 74 54 39 5 23 12 55 53 10 81 22 2 78 49 17 32 39 34 67
35 22 54 26 91 39 44 94 92 37 19 11 45 31 17 47 7 64 77 12 100000 69 49 21 70 88 74 81 38 85 75 84 4 23 53 79 90 52 66 73 30 94 100000 24 70 70 34 52 32 32 15 22 67 50 4 49 49 60 84 49 30 80 69 98 88 77 0 98 73 56 56 30 9 16 31 25 89 13 25 21 37 61 71 39 96 96 67 0 87 0 91 64 91 40 90 99 63 82 23 74 6 96 46 6 91 21 0 53 31 37 11 83 37 49 85 92 39 82 10 14 61 70 14 96 66 21 39 29
58 31 39 3 41 58 15 12 4 65 61 29 6 5 59 88 55 87 61 70 0 38 64 75 75 79 23 89 24 87 89 18 96 10 44 79 43 27 6 59 2 57 44 88 97 8 16 11 95 6 75 92 24 90 87 86 65 89 4 14 34 99 35 44 71 10 94 69 24 28 37 10 64 52 50 36 80 28 25 44 6 5 86 90 84 48 69 56 94 91 0 88 32 12 91 90 5 48 20 29 71 7 84 55 86 0 91 0 28 55 35 55 37 46 29 94 68 88 87 52 54 77 99 10 70 78 79 10
62 61 60 77 86 95 73 52 68 47 41 69 7 58 40 20 65 83 29 2 6 76 12 38 53 10 60 86 53 81 83 9 96 66 27 0 72 83 11 69 2 50 45 0 40 36 89 18 24 81 19 23 21 3 44 42 15 17 100 96 4 43 88 30 94 50 83 89 16 14 16 47 65 89 62 65 36 19 93 15 51 58 68 80 1 78 25 13 31 64 88 0 66 52 44 94 48 1 15 14 65 53 50 44 83 55 14 53 17 97 3 17 7 100 25 90 82 0 37 3 99 80 90 90 59 29 89 43
8 26 46 92 69 96 72 8 79 59 7 99 47 37 43 79 67 54 9 27 18 21 88 60 79 52 79 51 75 90 82 22 31 54 66 45 30 62 98 38 85 77 63 25 26 1 25 96 51 10 36 79 44 37 48 95 97 45 84 66 57 49 91 98 100 73 96 41 97 69 87 85 68 45 66 39 72 38 38 33 58 89 6 31 99 81 95 68 97 91 32 66 0 16 0 56 87 95 10 43 87 0 90 51 50 93 64 91 59 71 63 27 36 77 34 67 51 17 65 94 56 70 64 19 27 34 53 88
21 19 75 26 5 46 25 14 52 73 52 30 39 87 75 77 51 100000 75 22 1 78 32 74 73 82 88 63 30 79 51 61 92 33 38 93 28 58 94 3 44 10 79 91 86 20 21 96 89 98 88 40 24 24 39 1 19 23 78 34 58 32 22 57 96 58 57 7 84 28 100 89 45 23 56 42 16 87 62 13 30 55 3 35 0 41 19 22 67 40 12 52 16 0 52 7 89 52 60 51 28 8 47 12 51 8 94 51 43 54 6 54 58 11 43 36 52 17 74 97 81 0 40 51 74 26 92 91
51 66 44 74 60 34 6 56 55 82 48 50 32 38 12 65 71 16 3 29 31 61 88 14 9 12 56 64 28 62 45 54 37 20 47 41 7 73 94 66 43 58 82 91 26 8 36 22 57 81 47 85 37 1 97 33 19 23 72 71 46 20 5 60 45 12 60 74 56 23 91 100 64 81 36 24 53 57 65 30 57 81 19 21 17 98 79 80 35 90 91 44 0 52 0 52 17 46 50 54 77 17 18 15 89 95 53 66 31 50 57 73 26 96 16 95 48 11 91 82 68 55 26 87 35 17 23 77
55 5 22 78 90 59 75 81 29 92 30 52 5 29 76 24 38 47 15 62 73 13 13 37 84 47 4 82 48 11 95 72 86 97 82 58 50 5 42 50 44 72 0 45 68 38 82 94 66 28 69 29 13 12 39 69 62 54 63 17 50 67 36 87 3 58 25 92 45 12 73 2 13 17 39 10 83 37 31 92 65 11 26 24 53 69 48 75 56 99 90 94 56 7 52 0 18 21 4 45 81 18 44 49 79 64 87 17 83 81 18 43 61 27 20 83 60 1 81 29 24 85 46 68 14 54 22 98
68 74 28 1 52 8 63 43 98 43 54 9 19 66 69 32 26 10 37 93 75 70 50 45 74 98 87 47 1 51 3 61 8 30 45 57 33 23 83 34 70 70 32 87 87 30 50 98 77 47 100 1 67 38 52 99 1 59 98 90 1 64 85 44 74 28 19 62 22 97 99 12 79 15 100 66 70 15 35 91 66 13 4 79 76 48 81 17 57 63 5 48 87 89 17 18 0 95 16 40 78 28 64 50 16 15 97 95 43 86 53 42 71 84 82 35 76 28 74 25 28 36 0 9 40 46 64 28
81 37 41 7 29 56 4 85 51 43 32 8 60 59 3 73 7 70 91 87 19 55 51 18 21 97 84 46 86 14 99 47 59 90 84 16 89 15 72 49 54 59 27 100 16 15 38 20 28 57 40 22 20 76 85 79 12 82 89 84 80 89 3 65 98 40 100 59 95 74 61 43 8 42 49 58 0 98 35 69 43 39 67 44 11 49 51 66 84 82 48 1 95 52 46 21 95 0 54 36 79 21 1 11 72 84 55 55 97 9 57 21 100 66 60 8 93 57 93 51 5 27 62 59 43 46 9 75
59 65 40 13 70 52 99 20 80 50 7 28 35 38 31 75 54 22 14 44 66 28 3 77 3 40 66 34 12 23 70 19 70 19 3 52 46 77 37 65 18 25 75 14 31 6 82 9 87 59 51 37 32 92 67 46 46 0 63 93 33 28 46 60 60 26 92 70 78 100000 81 20 42 83 42 55 27 77 70 19 59 33 45 56 88 26 78 7 0 23 20 15 10 60 50 4 16 54 0 22 57 40 91 81 42 59 95 72 94 71 32 36 85 33 46 10 36 72 49 46 55 75 95 21 100 50 63 44
71 40 54 15 22 82 39 67 40 52 49 38 54 19 99 28 79 66 44 14 91 61 26 4 72 83 9 20 57 88 4 40 11 47 32 61 35 14 68 28 87 45 60 96 98 81 25 87 19 90 95 69 38 24 34 23 61 69 37 72 0 100 86 21 15 27 83 68 27 0 75 84 72 19 60 37 81 55 2 26 16 39 84 0 62 98 47 37 28 74 29 14 43 51 54 45 40 36 22 0 15 55 30 2 45 24 26 30 9 96 94 21 52 60 87 27 70 21 32 74 2 18 46 77 66 95 2 51
80 73 65 30 23 86 73 79 64 28 91 34 12 55 90 64 7 18 88 21 40 20 65 19 81 64 48 87 16 48 48 15 75 15 94 4 61 66 19 11 89 78 83 91 74 3 46 52 5 91 70 44 56 58 88 10 28 27 83 89 60 27 15 83 79 65 88 100000 100 76 88 60 98 5 84 12 37 34 65 19 66 91 3 49 79 42 80 81 85 6 71 65 87 28 77 81 78 79 57 15 0 87 10 48 19 47 56 39 6 35 84 35 85 2 17 57 91 6 37 12 30 24 25 51 11 24 4 38
87 81 54 46 55 79 46 49 79 52 16 37 49 11 45 15 59 61 28 79 37 86 43 16 26 46 67 64 38 1 3 22 58 89 98 26 71 86 98 54 77 57 92 44 43 33 50 41 11 27 69 83 19 7 77 79 100000 95 19 28 61 48 60 39 23 35 47 35 87 7 30 67 66 30 63 63 100000 18 76 34 88 82 7 3 59 85 72 96 15 96 7 53 0 8 17 18 28 21 40 55 87 0 3 63 47 82 85 66 10 75 25 53 89 74 36 75 46 16 45 4 100 0 10 90 100000 62 39 35
36 45 54 59 9 72 4 19 14 92 11 5 99 97 2 13 18 65 46 66 3 43 51 52 83 52 75 59 9 87 27 3 56 10 14 42 45 95 60 7 45 15 1 60 99 100 6 10 83 11 54 72 98 71 65 96 49 90 99 81 79 18 16 53 61 33 1 41 30 79 57 42 31 27 18 31 17 45 25 63 61 19 61 99 96 48 32 88 99 46 84 50 90 47 18 44 64 1 91 30 10 3 0 96 37 52 41 97 93 9 100 83 11 27 96 91 55 55 18 1 20 69 35 10 37 57 75 66
81 82 18 72 85 41 17 37 4 22 92 9 13 86 74 33 53 11 25 10 10 57 83 23 87 10 79 38 96 32 33 48 68 89 45 15 39 55 93 99 91 4 57 80 20 99 100 83 49 58 57 13 94 52 40 53 87 3 78 54 9 48 9 1 90 39 46 47 1 44 91 79 84 34 84 70 39 22 31 57 51 28 14 56 58 76 53 13 59 6 55 44 51 12 15 49 50 11 81 2 48 63 96 0 22 61 20 13 73 82 60 22 50 94 89 14 7 28 38 100000 86 97 4 85 56 16 33 47
0 95 93 30 52 18 94 34 10 29 20 96 52 26 66 58 40 19 48 1 18 61 45 36 78 94 46 56 33 30 18 86 59 13 33 83 56 69 59 15 47 2 94 16 59 15 80 73 35 76 87 13 0 55 76 2 19 9 33 95 1 85 80 93 68 61 29 65 46 71 82 3 62 51 52 53 21 40 33 48 57 31 36 42 11 24 75 48 66 91 86 83 50 51 89 79 16 72 42 45 19 47 37 22 0 5 42 65 37 86 57 0 77 18 67 85 73 20 53 57 32 64 74 8 34 100 11 82
32 19 63 99 2 24 76 30 54 29 0 66 33 1 52 88 76 11 77 50 55 45 51 46 87 65 77 61 88 2 88 42 13 22 80 57 78 73 2 66 34 92 90 28 28 34 17 76 25 66 84 15 11 15 1 87 30 31 21 34 90 26 6 41 69 4 62 34 98 95 76 47 41 56 91 93 97 67 99 1 91 88 48 57 72 0 32 90 86 21 0 55 93 8 95 64 15 84 59 24 47 82 52 61 5 0 77 15 11 42 80 62 13 70 80 72 20 3 93 9 16 52 35 2 32 70 34 8
24 38 68 40 53 13 51 19 98 15 60 50 40 71 75 48 58 34 56 62 10 41 6 46 86 32 28 82 73 13 49 0 99 38 7 86 70 65 75 78 50 23 45 50 88 89 61 43 66 40 82 83 10 71 47 66 37 7 84 12 29 50 3 41 98 49 96 25 33 56 85 6 44 71 19 14 43 57 60 36 63 6 81 83 97 53 62 70 22 0 91 14 64 94 53 87 97 55 95 26 56 85 41 20 42 77 0 11 17 39 32 11 47 83 14 45 91 2 13 54 44 27 94 83 49 16 68 66
10 30 86 14 63 62 12 86 63 58 63 79 49 99 9 7 33 57 53 25 82 70 91 77 72 81 91 6 34 31 100000 49 100 35 4 58 51 26 68 15 44 2 43 29 43 57 7 57 31 45 71 32 20 20 96 42 52 51 13 100 64 95 93 41 25 83 5 15 78 87 0 45 66 3 27 34 27 91 3 14 78 71 75 5 41 32 80 96 26 53 0 53 91 51 66 17 95 55 72 30 39 66 97 13 65 15 11 0 26 0 98 52 0 41 61 21 58 43 36 48 20 71 91 65 96 78 80 23
99 39 25 76 46 62 63 48 37 9 7 96 77 43 76 26 49 88 98 0 23 41 81 75 89 7 65 27 93 43 31 7 76 66 49 10 58 29 43 7 36 84 3 69 0 44 74 32 56 25 70 57 23 53 71 75 61 88 44 8 47 95 28 85 38 81 9 37 11 98 81 47 53 56 8 43 12 60 93 83 54 28 29 55 96 65 85 28 18 31 28 17 59 43 31 83 43 97 94 9 6 10 93 73 37 11 17 26 0 78 90 98 32 14 60 80 80 99 71 78 74 0 55 17 32 84 60 50
54 35 85 29 89 82 94 45 66 63 84 87 89 83 3 63 78 95 50 78 46 69 12 72 59 20 65 69 7 53 69 74 83 88 83 40 29 41 51 91 7 97 15 6 84 82 75 95 17 89 79 33 95 88 63 64 61 61 40 53 47 64 66 8 59 42 12 22 9 79 14 28 16 12 86 3 63 20 100000 40 49 50 92 92 60 31 13 52 74 37 55 97 71 54 50 81 86 9 71 96 35 75 9 82 86 42 39 0 78 0 89 52 33 42 37 29 48 71 28 47 91 25 10 43 19 98 44 57
88 39 75 18 63 58 86 100 47 99 53 9 81 100000 56 50 64 97 96 61 62 40 32 78 94 4 3 82 89 47 27 87 76 16 11 23 11 34 68 32 54 64 21 86 6 49 33 26 74 32 22 86 45 1 2 12 68 84 54 95 6 78 95 51 91 100 100 55 71 35 58 91 79 55 24 20 80 43 12 83 95 21 71 14 7 28 49 96 54 11 35 3 63 6 57 18 53 57 32 94 84 25 100 60 57 80 32 98 90 89 0 52 76 6 83 19 38 43 33 69 94 80 93 94 85 10 3 62
13 81 29 55 62 25 56 69 59 2 70 14 78 67 57 77 43 98 10 47 58 95 47 65 18 59 40 66 50 91 81 17 3 86 45 79 6 39 13 69 97 28 83 58 77 66 21 31 19 84 46 17 82 38 20 44 7 73 21 27 60 37 91 40 44 59 69 9 72 95 36 7 32 6 48 78 2 10 55 38 68 59 27 66 11 93 73 48 39 83 55 17 27 54 73 43 42 21 36 21 35 53 83 22 0 62 11 52 98 52 52 0 29 59 95 35 84 30 51 57 34 69 38 78 15 93 1 21
98 37 100000 46 60 87 52 40 36 83 5 54 86 18 62 81 23 1 23 66 67 65 75 72 77 35 9 26 26 56 30 75 71 87 1 100 10 86 17 45 43 80 99 33 11 85 79 45 48 16 83 48 82 5 88 40 62 37 17 56 44 90 42 98 9 5 65 78 36 19 87 50 33 100000 58 34 63 86 98 9 36 49 32 55 45 94 82 12 5 37 37 7 36 58 26 61 71 100 85 52 85 89 11 50 77 13 47 0 32 33 76 29 0 56 36 43 77 69 11 100000 90 59 37 11 97 1 5 31
50 21 65 82 73 17 54 31 10 44 1 5 22 34 72 23 95 18 62 29 93 18 85 58 23 0 51 88 100 45 38 92 53 57 53 99 17 14 34 93 1 43 21 1 3 66 26 74 72 76 4 34 7 1 85 16 83 90 67 40 24 82 45 37 50 75 20 0 62 10 78 67 5 64 72 70 13 28 18 17 17 86 57 62 79 66 63 45 23 49 46 100 77 11 96 27 84 66 33 60 2 74 27 94 18 70 83 41 14 42 6 59 56 0 56 94 13 38 52 31 11 26 24 79 83 63 50 15
21 10 76 99 47 88 69 50 15 32 27 76 28 12 29 2 58 83 20 16 20 54 28 60 62 48 74 53 27 22 4 53 40 7 28 91 41 58 68 52 37 24 22 70 69 26 14 42 11 6 44 45 91 91 81 51 30 33 19 73 56 28 53 57 98 4 75 48 40 99 67 48 98 49 8 95 12 99 29 80 76 69 49 4 66 32 30 99 12 85 29 25 34 43 16 20 82 60 46 87 17 36 96 89 67 80 14 61 60 37 83 95 36 56 0 97 45 8 4 24 40 76 47 14 28 81 8 3
97 26 19 62 19 46 98 92 81 73 7 3 11 27 11 78 53 70 59 32 84 35 30 35 60 95 52 18 42 83 55 31 68 56 79 70 18 18 36 69 97 6 47 14 9 66 69 94 14 24 9 15 90 72 31 50 78 5 28 66 52 42 80 81 60 91 67 6 37 41 65 78 59 79 42 65 48 100000 65 58 86 67 86 16 15 68 10 71 55 92 94 90 67 36 95 83 35 8 10 27 57 75 91 14 85 72 45 21 80 29 19 35 43 94 97 0 10 18 31 67 7 30 92 66 18 40 82 6
13 92 18 40 37 65 98 59 14 79 59 96 17 3 83 29 69 43 33 72 24 42 44 66 9 9 57 7 73 58 78 94 52 58 73 83 88 54 95 45 51 47 63 70 35 32 0 40 52 49 50 35 25 35 17 75 69 54 52 5 64 22 55 73 83 17 99 63 10 73 83 38 29 51 62 64 75 33 9 77 47 32 74 100000 3 0 39 23 53 39 68 82 51 52 48 60 76 93 36 70 91 46 55 7 73 20 91 58 80 48 38 84 77 13 45 10 0 37 89 90 56 2 11 14 19 45 5 78
99 76 78 49 35 88 38 61 85 0 28 97 14 88 79 43 68 87 26 36 51 90 82 68 50 77 43 39 48 57 51 67 18 38 96 55 39 67 25 49 16 62 50 40 99 40 19 98 57 5 91 6 94 100000 41 39 40 26 74 10 69 71 59 26 71 34 99 45 40 65 50 88 94 73 64 41 70 4 17 64 38 35 10 33 25 34 64 8 10 82 88 0 17 17 11 1 28 57 72 21 6 16 55 28 20 3 2 43 99 71 43 30 69 38 8 18 37 0 10 32 63 43 48 92 75 62 90 1
49 17 57 56 78 90 79 42 6 2 65 94 85 17 7 33 30 86 84 18 75 25 50 23 1 32 11 78 79 91 40 95 77 10 85 70 52 41 78 79 47 71 1 83 20 29 33 39 4 68 94 29 39 18 77 55 2 28 60 32 7 12 53 12 72 1 50 100 42 36 92 89 94 82 24 87 84 79 95 69 5 63 57 85 87 28 55 100 81 10 87 37 65 74 91 81 74 93 49 32 37 45 18 38 53 93 13 36 71 28 33 51 11 52 4 31 89 10 0 2 65 17 9 48 76 86 40 84
2 1 100000 14 20 22 17 0 11 66 98 31 38 58 11 24 43 59 52 47 52 21 95 100 75 100000 19 46 53 83 51 7 28 36 15 93 89 3 2 83 23 0 54 75 18 39 72 1 54 93 17 5 92 69 33 25 8 92 74 35 10 22 93 61 41 53 52 49 39 100000 87 82 61 59 46 54 78 7 31 69 19 19 68 13 92 19 95 15 22 14 52 3 94 97 82 29 25 51 46 74 12 4 1 100000 57 9 54 48 78 47 69 57 100000 31 24 67 90 32 2 0 90 31 35 12 5 53 16 69
23 19 58 14 23 61 94 56 6 35 19 39 21 72 31 0 66 66 70 16 5 24 67 13 51 91 62 20 89 37 73 100000 81 19 40 96 55 4 58 46 1 65 8 38 89 95 13 48 28 52 90 83 89 20 1 64 65 85 6 60 91 35 5 58 84 58 90 36 77 80 28 55 35 31 84 46 26 0 54 19 79 73 14 42 9 37 80 67 2 61 54 99 56 81 68 24 28 5 55 2 30 100 20 86 32 16 44 20 74 91 94 34 90 11 40 7 56 63 65 90 0 99 55 88 72 78 93 59
39 62 72 100 44 97 81 21 79 95 22 100000 27 94 96 92 75 40 0 50 7 82 45 21 54 47 11 83 44 82 61 100 50 12 81 89 86 4 3 79 51 78 0 100 39 21 72 49 98 15 42 40 65 93 93 69 41 32 16 11 78 11 40 48 69 90 70 61 93 91 64 57 40 90 36 96 27 27 22 89 50 17 64 67 5 95 34 22 78 70 77 80 70 0 55 85 36 27 75 18 24 0 69 97 64 52 27 71 0 25 80 69 59 26 76 30 2 43 17 31 99 0 76 88 20 4 50 94
23 34 44 20 19 80 26 96 81 76 98 58 80 9 75 100000 16 13 4 5 86 73 58 61 67 5 72 53 100000 87 56 8 46 42 72 44 96 33 76 24 89 57 30 64 86 72 82 17 45 30 16 19 72 53 3 77 0 42 45 30 4 77 78 46 80 51 70 98 80 66 31 13 42 36 100000 78 17 52 39 44 53 94 2 9 27 32 78 31 49 14 99 90 64 40 26 46 0 62 95 46 25 10 35 4 74 35 94 91 55 10 93 38 37 24 47 92 11 48 9 35 55 76 0 5 93 99 28 58
63 41 7 78 20 65 85 23 21 97 68 19 92 16 76 11 7 89 54 89 85 100000 97 16 21 67 45 97 83 6 64 45 72 93 7 8 81 6 48 35 61 6 10 74 17 80 73 68 32 90 17 63 98 14 44 18 25 73 42 51 98 37 31 83 100000 7 82 76 85 59 44 71 11 96 7 38 18 42 88 68 47 26 94 33 19 65 92 86 17 96 10 90 19 51 87 68 9 59 21 77 51 90 10 85 8 2 83 65 17 43 94 78 11 79 14 66 14 92 48 12 88 88 5 0 71 0 58 31
1 0 33 15 86 60 27 67 76 78 89 100 100000 67 27 71 87 63 86 47 14 61 42 99 48 49 36 12 42 98 75 20 17 26 22 74 76 40 11 69 32 69 99 70 31 35 72 11 67 55 64 23 50 61 86 15 84 22 38 62 60 35 76 89 3 25 43 65 7 29 100 99 46 18 86 21 8 31 48 23 24 74 20 8 38 37 87 2 32 66 70 59 27 74 35 14 40 43 100 66 11 100000 37 56 34 32 49 96 32 19 85 15 97 83 28 18 19 75 76 5 72 20 93 71 0 62 24 74
8 66 70 100000 85 52 15 7 86 75 70 46 78 90 68 24 43 95 46 83 69 82 95 26 26 45 84 11 28 94 20 75 48 78 62 81 7 91 53 23 73 35 24 57 97 89 20 69 16 100000 2 55 35 42 2 86 65 29 25 24 95 99 19 54 65 50 22 37 32 3 37 15 61 2 58 81 16 80 84 20 85 28 40 81 39 6 63 78 39 21 78 29 34 26 17 54 46 46 50 95 24 62 57 16 100 70 16 78 84 98 10 93 1 63 81 40 45 62 86 53 78 4 99 0 62 0 33 38
35 82 30 76 70 99 73 58 39 19 32 2 100 66 25 44 23 58 5 44 18 6 81 66 99 36 25 2 99 41 82 67 78 95 98 47 98 92 27 31 66 29 63 50 1 6 85 34 69 95 8 39 35 65 0 4 64 88 2 23 82 29 37 64 84 23 88 88 39 20 74 21 90 58 72 99 50 84 89 93 97 7 69 37 79 95 8 72 34 39 79 89 53 92 23 22 64 9 63 2 4 39 75 33 11 34 68 80 60 44 3 1 5 50 8 82 5 90 40 16 93 50 28 58 24 33 0 68
98 19 41 60 51 82 38 9 2 16 32 13 96 81 44 0 50 10 48 29 93 23 47 34 48 27 48 77 68 22 69 100000 47 41 43 5 58 25 80 92 33 96 57 1 23 51 49 61 56 33 17 6 74 69 4 4 91 78 52 72 41 35 13 62 36 46 91 12 78 87 25 84 90 55 70 92 27 98 50 20 30 36 21 12 78 71 39 9 67 29 10 43 88 91 77 98 28 75 44 51 38 35 66 47 82 8 66 23 50 57 62 21 31 15 3 6 78 1 84 69 59 94 58 31 74 38 68 0
