32
0 6 31 48 20 58 77 87 9 39 68 56 21 14 35 83 49 11 87 90 30 64 95 61 93 85 63 84 3 68 86 42
6 0 72 100 17 95 53 75 81 22 20 74 94 71 84 64 25 83 40 35 19 47 98 77 21 54 26 76 27 53 33 86
31 72 0 76 100 22 65 81 34 71 81 75 13 23 4 21 57 97 100000 82 79 94 57 45 71 10 5 46 0 34 63 18
48 100 76 0 95 94 55 15 47 59 30 58 53 11 42 79 52 46 96 51 61 9 58 36 77 72 22 3 56 78 76 30
20 17 100 95 0 69 35 58 86 14 83 46 97 8 68 72 19 42 6 60 25 50 83 45 85 12 45 66 0 79 3 81
58 95 22 94 69 0 93 24 9 7 52 96 32 4 97 13 37 47 14 88 56 15 67 85 52 28 55 98 94 99 92 83
77 53 65 55 35 93 0 37 47 1 14 81 100 42 72 70 2 30 100 74 28 44 43 36 63 43 74 49 85 56 25 2
87 75 81 15 58 24 37 0 73 44 87 62 4 42 55 61 79 33 26 87 72 86 11 10 33 52 71 90 88 98 0 77
9 81 34 47 86 9 47 73 0 65 74 44 74 94 15 82 72 38 53 11 18 45 29 41 44 90 10 6 83 31 53 29
39 22 71 59 14 7 1 44 65 0 18 40 6 8 31 67 12 48 13 95 26 28 97 15 64 35 82 58 66 83 92 67
68 20 81 30 83 52 14 87 74 18 0 22 38 42 73 17 51 58 91 42 1 17 83 63 99 16 3 42 75 64 93 32
56 74 75 58 46 96 81 62 44 40 22 0 63 74 89 18 27 46 13 39 56 87 16 34 66 96 7 41 72 8 82 62
21 94 13 53 97 32 100 4 74 6 38 63 0 82 51 19 21 86 71 27 63 75 71 78 30 52 97 25 67 88 95 60
14 71 23 11 8 4 42 42 94 8 42 74 82 0 58 49 17 32 18 50 9 4 76 21 56 72 69 96 46 0 75 83
35 84 4 42 68 97 72 55 15 31 73 89 51 58 0 72 94 69 46 93 89 27 90 4 100000 95 97 16 27 43 69 17
83 64 21 79 72 13 70 61 82 67 17 18 19 49 72 0 25 81 16 6 55 100 13 30 89 13 17 81 51 4 24 84
49 25 57 52 19 37 2 79 72 12 51 27 21 17 94 25 0 37 98 76 29 52 94 83 87 65 98 98 80 55 6 57
11 83 97 46 42 47 30 33 38 48 58 46 86 32 69 81 37 0 50 36 78 93 83 82 35 23 28 25 15 66 45 42
87 40 100000 96 6 14 100 26 53 13 91 13 71 18 46 16 98 50 0 29 28 7 35 32 74 5 83 11 10 62 70 84
90 35 82 51 60 88 74 87 11 95 42 39 27 50 93 6 76 36 29 0 31 27 38 100000 62 9 16 68 72 16 63 81
30 19 79 61 25 56 28 72 18 26 1 56 63 9 89 55 29 78 28 31 0 9 11 68 62 29 79 96 100 95 92 31
64 47 94 9 50 15 44 86 45 28 17 87 75 4 27 100 52 93 7 27 9 0 0 26 31 60 36 94 53 3 62 13
95 98 57 58 83 67 43 11 29 97 83 16 71 76 90 13 94 83 35 38 11 0 0 71 57 28 81 100000 33 10 87 54
61 77 45 36 45 85 36 10 41 15 63 34 78 21 4 30 83 82 32 100000 68 26 71 0 44 76 74 78 43 44 34 70
93 21 71 77 85 52 63 33 44 64 99 66 30 56 100000 89 87 35 74 62 62 31 57 44 0 7 45 78 52 88 37 80
85 54 10 72 12 28 43 52 90 35 16 96 52 72 95 13 65 23 5 9 29 60 28 76 7 0 48 5 20 8 66 85
63 26 5 22 45 55 74 71 10 82 3 7 97 69 97 17 98 28 83 16 79 36 81 74 45 48 0 74 84 15 27 76
84 76 46 3 66 98 49 90 6 58 42 41 25 96 16 81 98 25 11 68 96 94 100000 78 78 5 74 0 5 18 25 72
3 27 0 56 0 94 85 88 83 66 75 72 67 46 27 51 80 15 10 72 100 53 33 43 52 20 84 5 0 51 100000 17
68 53 34 78 79 99 56 98 31 83 64 8 88 0 43 4 55 66 62 16 95 3 10 44 88 8 15 18 51 0 16 84
86 33 63 76 3 92 25 0 53 92 93 82 95 75 69 24 6 45 70 63 92 62 87 34 37 66 27 25 100000 16 0 12
42 86 18 30 81 83 2 77 29 67 32 62 60 83 17 84 57 42 84 81 31 13 54 70 80 85 76 72 17 84 12 0
