64
0 82 29 10 97 62 46 35 7 61 45 4 77 3 73 68 83 51 96 48 98 45 12 3 25 42 60 15 5 72 50 48 96 85 20 90 34 96 62 38 26 86 100000 98 53 91 73 100000 53 73 87 86 40 32 92 79 12 24 8 48 11 12 29 7
82 0 56 13 75 93 57 78 62 100 99 27 14 3 95 55 19 10 88 60 82 55 34 36 23 22 50 44 56 90 22 64 29 9 72 52 23 41 11 72 36 56 66 86 29 14 93 70 3 80 60 4 80 43 7 63 73 3 9 68 59 64 48 89
29 56 0 83 43 76 91 0 72 42 71 2 20 15 69 87 90 98 79 0 72 37 13 84 69 93 8 27 3 73 67 99 60 18 85 17 16 67 37 69 63 60 25 80 44 35 87 87 97 56 25 100 43 76 66 34 98 7 51 92 68 30 25 13
10 13 83 0 89 4 1 78 89 75 32 14 91 8 89 14 8 85 27 64 98 78 93 5 61 89 3 59 73 97 39 72 23 28 53 95 1 32 50 67 6 75 63 16 76 43 86 9 22 2 8 81 72 99 41 47 50 55 34 5 60 16 91 25
97 75 43 89 0 18 84 99 76 17 58 70 43 92 18 29 60 25 47 80 29 96 7 2 51 61 33 37 10 68 17 15 17 43 12 63 14 77 50 33 86 63 17 90 32 45 51 23 94 50 82 64 24 75 40 65 21 85 34 33 81 58 82 1
62 93 76 4 18 0 6 56 24 97 28 63 22 55 16 62 97 76 30 1 47 91 74 99 77 81 3 61 12 11 31 77 95 90 92 27 3 23 35 68 46 94 45 98 14 92 25 79 66 97 9 37 70 72 33 55 41 85 97 98 47 47 52 100
46 57 91 1 84 6 0 91 4 58 54 7 32 3 1 29 30 40 96 1 100 20 13 50 37 85 64 85 89 62 89 51 39 80 30 67 40 93 9 82 17 69 73 8 44 30 20 43 62 68 39 38 8 76 42 99 41 20 47 38 94 27 21 33
35 78 0 78 99 56 91 0 22 19 14 76 12 41 44 15 25 9 0 41 0 69 65 15 38 22 12 5 24 31 70 34 0 58 22 13 53 58 30 38 66 14 43 51 95 88 37 74 15 56 77 34 85 87 65 10 76 27 99 92 39 36 76 14
7 62 72 89 76 24 4 22 0 91 64 81 43 23 56 19 1 57 5 28 23 89 66 28 14 54 63 21 14 50 29 67 50 44 89 21 53 50 24 83 85 93 92 63 9 44 8 60 62 95 29 72 89 46 23 96 55 45 19 37 34 45 16 38
61 100 42 75 17 97 58 19 91 0 42 13 67 49 69 33 36 48 68 73 85 54 17 52 85 72 54 40 12 0 18 59 25 44 93 69 26 12 41 26 73 69 28 33 59 80 10 26 69 4 95 100 40 96 88 97 14 80 4 96 26 6 79 89
45 99 71 32 58 28 54 14 64 42 0 73 16 97 6 5 5 52 69 56 50 16 58 78 74 77 42 98 94 7 25 65 21 16 27 81 82 11 63 14 86 100 0 65 76 73 38 72 24 32 72 88 10 72 19 91 6 0 100 92 71 0 63 76
4 27 2 14 70 63 7 76 81 13 73 0 93 62 53 17 19 5 20 77 82 7 32 70 24 37 72 65 98 28 15 15 73 68 67 32 5 79 62 54 29 18 100 7 20 50 59 7 88 20 100000 71 44 100000 12 58 17 31 96 5 55 10 75 22
77 14 20 91 43 22 32 12 43 67 16 93 0 68 88 88 19 92 39 37 43 53 29 81 64 95 79 83 57 45 97 51 94 97 79 20 70 84 75 100 85 32 9 99 94 81 6 63 70 90 30 47 96 11 23 66 87 79 13 12 58 97 4 82
3 3 15 8 92 55 3 41 23 49 97 62 68 0 77 85 26 78 100 28 66 24 27 77 82 55 52 44 98 61 95 84 45 45 68 33 33 5 63 11 6 28 2 90 4 37 61 45 12 42 38 2 46 71 100000 4 34 28 54 36 13 14 7 4
73 95 69 89 18 16 1 44 56 69 6 53 88 77 0 87 70 22 94 75 31 35 15 4 23 45 98 78 87 52 60 8 16 99 47 30 92 54 94 79 92 36 2 12 6 76 4 37 28 7 92 74 77 94 37 44 46 38 36 40 75 47 86 10
68 55 87 14 29 62 29 15 19 33 5 17 88 85 87 0 49 70 28 70 34 5 50 40 94 27 97 80 91 89 90 16 84 58 43 5 15 93 43 98 0 44 15 45 72 75 9 66 3 47 18 17 52 63 2 81 27 68 44 61 50 82 11 84
83 19 90 8 60 97 30 25 1 36 5 19 19 26 70 49 0 2 71 92 54 96 78 93 30 13 57 44 9 40 20 31 88 67 3 52 68 90 68 100 29 99 16 99 89 86 99 25 12 83 82 30 21 54 80 50 97 23 46 61 66 41 94 6
51 10 98 85 25 76 40 9 57 48 52 5 92 78 22 70 2 0 20 50 61 62 7 5 97 89 5 37 63 15 62 32 6 52 25 30 65 71 43 56 9 95 9 26 71 86 3 97 33 74 68 52 35 84 21 96 2 25 8 44 39 72 22 32
96 88 79 27 47 30 96 0 5 68 69 20 39 100 94 28 71 20 0 91 26 95 71 48 90 100 52 60 33 55 92 16 99 1 71 53 54 100 15 6 10 88 40 15 5 54 44 13 31 27 7 95 46 52 63 66 54 12 92 30 19 41 24 1
48 60 0 64 80 1 1 41 28 73 56 77 37 28 75 70 92 50 91 0 61 1 49 23 33 31 6 3 2 50 68 51 81 51 74 30 57 20 28 36 96 21 37 76 71 38 9 40 59 52 87 34 48 26 56 16 86 5 96 35 74 21 24 41
98 82 72 98 29 47 100 0 23 85 50 82 43 66 31 34 54 61 26 61 0 51 60 100 57 60 34 72 71 38 56 75 18 81 3 24 57 35 56 13 24 29 61 52 32 49 22 7 100 23 23 7 46 81 21 23 42 63 21 66 41 28 36 81
45 55 37 78 96 91 20 69 89 54 16 7 53 24 35 5 96 62 95 1 51 0 53 78 90 29 85 27 75 88 27 59 40 88 47 14 70 1 47 44 98 100 11 30 96 22 57 33 68 89 66 75 61 78 49 59 67 11 8 26 43 56 91 67
12 34 13 93 7 74 13 65 66 17 58 32 29 27 15 50 78 7 71 49 60 53 0 31 94 15 94 79 100 39 45 52 96 17 49 72 19 93 92 32 81 36 14 70 57 8 79 97 14 45 45 1 55 26 58 82 32 40 1 47 78 70 9 27
3 36 84 5 2 99 50 15 28 52 78 70 81 77 4 40 93 5 48 23 100 78 31 0 66 87 81 67 66 10 89 61 25 85 86 0 21 5 72 63 65 55 86 30 84 38 39 44 64 48 8 78 23 36 8 36 59 69 15 17 96 10 49 33
25 23 69 61 51 77 37 38 14 85 74 24 64 82 23 94 30 97 90 33 57 90 94 66 0 34 67 28 89 68 65 96 3 34 13 98 19 97 25 81 63 38 100000 46 54 63 28 60 89 83 82 69 89 66 40 89 10 96 74 50 67 63 73 89
42 22 93 89 61 81 85 22 54 72 77 37 95 55 45 27 13 89 100 31 60 29 15 87 34 0 62 50 69 6 8 58 74 94 100 96 19 23 27 23 47 7 30 22 89 90 65 2 83 100000 68 69 28 67 6 87 59 9 33 17 85 93 23 16
60 50 8 3 33 3 64 12 63 54 42 72 79 52 98 97 57 5 52 6 34 85 94 81 67 62 0 53 64 19 41 78 61 100000 56 74 15 74 87 30 72 84 30 13 52 77 59 19 28 77 42 92 4 51 54 61 69 60 2 7 93 2 33 61
15 44 27 59 37 61 85 5 21 40 98 65 83 44 78 80 44 37 60 3 72 27 79 67 28 50 53 0 95 19 100 57 29 10 23 0 33 58 6 23 61 38 94 70 14 17 85 88 29 1 89 87 20 58 35 32 92 3 36 87 86 8 72 12
5 56 3 73 10 12 89 24 14 12 94 98 57 98 87 91 9 63 33 2 71 75 100 66 89 69 64 95 0 27 94 15 79 56 25 56 67 34 2 23 77 16 66 77 64 53 5 5 2 3 19 23 87 72 94 61 28 98 7 12 6 76 63 16
72 90 73 97 68 11 62 31 50 0 7 28 45 61 52 89 40 15 55 50 38 88 39 10 68 6 19 19 27 0 63 10 55 5 31 84 41 98 57 26 73 73 86 26 18 87 87 39 44 99 86 18 80 96 31 0 24 39 8 16 70 23 48 47
50 22 67 39 17 31 89 70 29 18 25 15 97 95 60 90 20 62 92 68 56 27 45 89 65 8 41 100 94 63 0 86 18 76 26 91 21 53 70 11 45 38 1 27 83 25 79 21 34 36 8 88 46 17 29 40 15 8 76 86 56 11 58 89
48 64 99 72 15 77 51 34 67 59 65 15 51 84 8 16 31 32 16 51 75 59 52 61 96 58 78 57 15 10 86 0 10 61 49 73 0 10 29 99 35 16 61 41 79 25 84 59 24 88 52 99 100 37 33 20 50 100000 33 23 20 18 92 72
96 29 60 23 17 95 39 0 50 25 21 73 94 45 16 84 88 6 99 81 18 40 96 25 3 74 61 29 79 55 18 10 0 0 49 57 0 82 36 48 14 1 86 100000 3 38 100 56 3 77 31 1 80 92 29 40 97 56 81 18 87 100000 89 18
85 9 18 28 43 90 80 58 44 44 16 68 97 45 99 58 67 52 1 51 81 88 17 85 34 94 100000 10 56 5 76 61 0 0 23 40 7 10 65 2 55 49 77 63 34 8 79 90 89 68 92 17 98 23 88 77 93 70 2 22 90 62 73 50
20 72 85 53 12 92 30 22 89 93 27 67 79 68 47 43 3 25 71 74 3 47 49 86 13 100 56 23 25 31 26 49 49 23 0 49 0 94 94 86 16 50 84 73 44 59 79 57 98 59 92 58 26 86 50 100 15 89 95 85 75 81 7 28
90 52 17 95 63 27 67 13 21 69 81 32 20 33 30 5 52 30 53 30 24 14 72 0 98 96 74 0 56 84 91 73 57 40 49 0 85 99 89 50 3 0 84 47 66 72 15 45 95 40 71 54 90 60 29 78 65 89 40 66 30 6 5 29
34 23 16 1 14 3 40 53 53 26 82 5 70 33 92 15 68 65 54 57 57 70 19 21 19 19 15 33 67 41 21 0 0 7 0 85 0 57 72 22 57 22 50 24 61 97 23 50 15 49 4 20 98 3 33 57 15 91 73 92 75 36 59 35
96 41 67 32 77 23 93 58 50 12 11 79 84 5 54 93 90 71 100 20 35 1 93 5 97 23 74 58 34 98 53 10 82 10 94 99 57 0 16 15 98 40 97 30 72 53 39 10 24 99 45 88 27 76 57 83 65 78 44 6 74 96 50 59
62 11 37 50 50 35 9 30 24 41 63 62 75 63 94 43 68 43 15 28 56 47 92 72 25 27 87 6 2 57 70 29 36 65 94 89 72 16 0 21 90 53 95 71 81 89 86 37 6 65 75 58 4 84 35 99 69 36 44 98 74 89 79 91
38 72 69 67 33 68 82 38 83 26 14 54 100 11 79 98 100 56 6 36 13 44 32 63 81 23 30 23 23 26 11 99 48 2 86 50 22 15 21 0 52 72 5 82 76 77 41 19 17 54 5 65 26 22 41 32 63 80 76 24 50 59 81 10
26 36 63 6 86 46 17 66 85 73 86 29 85 6 92 0 29 9 10 96 24 98 81 65 63 47 72 61 77 73 45 35 14 55 16 3 57 98 90 52 0 65 37 35 100000 21 20 42 61 34 33 86 100000 73 98 84 40 20 42 64 28 40 34 76
86 56 60 75 63 94 69 14 93 69 100 18 32 28 36 44 99 95 88 21 29 100 36 55 38 7 84 38 16 73 38 16 1 49 50 0 22 40 53 72 65 0 35 20 18 62 52 92 47 97 77 72 32 20 33 21 68 49 37 94 25 54 55 12
100000 66 25 63 17 45 73 43 92 28 0 100 9 2 2 15 16 9 40 37 61 11 14 86 100000 30 30 94 66 86 1 61 86 77 84 84 50 97 95 5 37 35 0 47 95 43 40 56 76 58 79 9 74 74 61 61 62 58 79 24 13 23 1 83
98 86 80 16 90 98 8 51 63 33 65 7 99 90 12 45 99 26 15 76 52 30 70 30 46 22 13 70 77 26 27 41 100000 63 73 47 24 30 71 82 35 20 47 0 18 31 58 3 68 41 0 93 69 29 28 31 52 94 19 5 76 14 70 28
53 29 44 76 32 14 44 95 9 59 76 20 94 4 6 72 89 71 5 71 32 96 57 84 54 89 52 14 64 18 83 79 3 34 44 66 61 72 81 76 100000 18 95 18 0 62 5 78 11 61 99 48 60 18 72 2 63 71 76 40 47 16 68 50
91 14 35 43 45 92 30 88 44 80 73 50 81 37 76 75 86 86 54 38 49 22 8 38 63 90 77 17 53 87 25 25 38 8 59 72 97 53 89 77 21 62 43 31 62 0 35 88 88 53 45 81 61 91 74 78 57 20 76 41 5 13 80 85
73 93 87 86 51 25 20 37 8 10 38 59 6 61 4 9 99 3 44 9 22 57 79 39 28 65 59 85 5 87 79 84 100 79 79 15 23 39 86 41 20 52 40 58 5 35 0 17 77 70 9 22 35 5 31 100 88 74 19 45 77 100000 4 19
100000 70 87 9 23 79 43 74 60 26 72 7 63 45 37 66 25 97 13 40 7 33 97 44 60 2 19 88 5 39 21 59 56 90 57 45 50 10 37 19 42 92 56 3 78 88 17 0 96 54 63 79 94 63 27 21 30 64 64 70 65 55 10 30
53 3 97 22 94 66 62 15 62 69 24 88 70 12 28 3 12 33 31 59 100 68 14 64 89 83 28 29 2 44 34 24 3 89 98 95 15 24 6 17 61 47 76 68 11 88 77 96 0 13 96 58 22 11 65 18 18 64 96 50 84 81 47 33
73 80 56 2 50 97 68 56 95 4 32 20 90 42 7 47 83 74 27 52 23 89 45 48 83 100000 77 1 3 99 36 88 77 68 59 40 49 99 65 54 34 97 58 41 61 53 70 54 13 0 85 62 20 16 53 69 62 95 14 91 93 56 51 33
87 60 25 8 82 9 39 77 29 95 72 100000 30 38 92 18 82 68 7 87 23 66 45 8 82 68 42 89 19 86 8 52 31 92 92 71 4 45 75 5 33 77 79 0 99 45 9 63 96 85 0 63 49 3 38 56 27 25 72 7 51 7 99 9
86 4 100 81 64 37 38 34 72 100 88 71 47 2 74 17 30 52 95 34 7 75 1 78 69 69 92 87 23 18 88 99 1 17 58 54 20 88 58 65 86 72 9 93 48 81 22 79 58 62 63 0 98 44 59 66 29 87 41 73 3 3 16 87
40 80 43 72 24 70 8 85 89 40 10 44 96 46 77 52 21 35 46 48 46 61 55 23 89 28 4 20 87 80 46 100 80 98 26 90 98 27 4 26 100000 32 74 69 60 61 35 94 22 20 49 98 0 47 41 70 77 89 1 86 4 67 86 86
32 43 76 99 75 72 76 87 46 96 72 100000 11 71 94 63 54 84 52 26 81 78 26 36 66 67 51 58 72 96 17 37 92 23 86 60 3 76 84 22 73 20 74 29 18 91 5 63 11 16 3 44 47 0 51 17 63 83 92 28 53 34 11 81
92 7 66 41 40 33 42 65 23 88 19 12 23 100000 37 2 80 21 63 56 21 49 58 8 40 6 54 35 94 31 29 33 29 88 50 29 33 57 35 41 98 33 61 28 72 74 31 27 65 53 38 59 41 51 0 88 72 79 28 67 18 9 18 79
79 63 34 47 65 55 99 10 96 97 91 58 66 4 44 81 50 96 66 16 23 59 82 36 89 87 61 32 61 0 40 20 40 77 100 78 57 83 99 32 84 21 61 31 2 78 100 21 18 69 56 66 70 17 88 0 33 97 40 12 93 36 17 89
12 73 98 50 21 41 41 76 55 14 6 17 87 34 46 27 97 2 54 86 42 67 32 59 10 59 69 92 28 24 15 50 97 93 15 65 15 65 69 63 40 68 62 52 63 57 88 30 18 62 27 29 77 63 72 33 0 45 39 92 42 69 24 57
24 3 7 55 85 85 20 27 45 80 0 31 79 28 38 68 23 25 12 5 63 11 40 69 96 9 60 3 98 39 8 100000 56 70 89 89 91 78 36 80 20 49 58 94 71 20 74 64 64 95 25 87 89 83 79 97 45 0 91 42 30 30 33 96
8 9 51 34 34 97 47 99 19 4 100 96 13 54 36 44 46 8 92 96 21 8 1 15 74 33 2 36 7 8 76 33 81 2 95 40 73 44 44 76 42 37 79 19 76 76 19 64 96 14 72 41 1 92 28 40 39 91 0 63 48 56 60 23
48 68 92 5 33 98 38 92 37 96 92 5 12 36 40 61 61 44 30 35 66 26 47 17 50 17 7 87 12 16 86 23 18 22 85 66 92 6 98 24 64 94 24 5 40 41 45 70 50 91 7 73 86 28 67 12 92 42 63 0 96 4 37 86
11 59 68 60 81 47 94 39 34 26 71 55 58 13 75 50 66 39 19 74 41 43 78 96 67 85 93 86 6 70 56 20 87 90 75 30 75 74 74 50 28 25 13 76 47 5 77 65 84 93 51 3 4 53 18 93 42 30 48 96 0 82 65 38
12 64 30 16 58 47 27 36 45 6 0 10 97 14 47 82 41 72 41 21 28 56 70 10 63 93 2 8 76 23 11 18 100000 62 81 6 36 96 89 59 40 54 23 14 16 13 100000 55 81 56 7 3 67 34 9 36 69 30 56 4 82 0 36 27
29 48 25 91 82 52 21 76 16 79 63 75 4 7 86 11 94 22 24 24 36 91 9 49 73 23 33 72 63 48 58 92 89 73 7 5 59 50 79 81 34 55 1 70 68 80 4 10 47 51 99 16 86 11 18 17 24 33 60 37 65 36 0 77
7 89 13 25 1 100 33 14 38 89 76 22 82 4 10 84 6 32 1 41 81 67 27 33 89 16 61 12 16 47 89 72 18 50 28 29 35 59 91 10 76 12 83 28 50 85 19 30 33 33 9 87 86 81 79 89 57 96 23 86 38 27 77 0
