64
0 55 11 61 8 57 95 54 19 96 88 4 71 93 99 75 7 65 6 54 83 86 28 30 8 6 60 35 100 71 15 11 48 51 35 16 14 96 31 45 95 75 21 23 73 27 19 32 81 32 75 90 93 74 0 88 66 5 49 42 90 12 2 45
55 0 69 96 33 96 14 4 19 13 64 15 96 11 8 36 26 15 97 79 60 41 73 28 47 96 76 79 84 52 46 56 80 83 70 21 40 93 35 64 1 9 82 10 56 30 57 23 65 19 91 3 59 37 6 99 69 3 79 46 30 35 67 76
11 69 0 80 34 97 13 80 0 43 26 48 79 95 36 78 84 43 63 97 81 86 93 5 29 67 15 23 74 28 20 1 3 10 17 67 21 28 56 73 64 48 57 14 97 85 71 75 10 83 99 27 34 7 95 22 46 20 82 56 89 35 4 57
61 96 80 0 85 93 34 27 69 14 78 61 65 76 79 97 92 80 68 33 3 12 52 86 15 92 10 16 22 51 56 79 30 10 87 50 57 24 56 49 100000 33 64 65 1 50 45 57 28 18 86 34 45 25 90 41 66 22 13 37 67 54 69 43
8 33 34 85 0 37 75 88 25 44 48 17 45 57 13 0 39 46 74 76 46 21 64 46 66 68 39 47 96 48 91 94 8 49 96 97 100 68 35 34 39 68 11 3 69 53 44 31 65 20 8 67 100000 86 9 45 17 100 64 4 62 34 71 79
57 96 97 93 37 0 61 17 72 68 50 28 48 42 56 6 78 53 57 95 98 97 45 90 54 71 7 47 30 50 28 5 8 98 98 0 14 24 29 50 52 75 93 76 36 29 82 12 33 1 59 90 5 41 14 27 61 34 58 20 24 69 21 50
95 14 13 34 75 61 0 29 32 81 38 40 15 90 84 68 36 95 23 20 80 20 1 49 27 77 4 72 35 12 62 66 17 100000 82 4 67 50 69 92 93 23 62 97 8 87 54 33 3 41 80 88 25 53 32 47 40 100000 25 60 53 70 44 89
54 4 80 27 88 17 29 0 80 24 75 4 19 67 85 17 44 36 82 60 8 13 83 74 46 99 17 45 55 53 67 53 38 51 71 72 12 2 59 68 6 43 70 6 22 69 84 75 39 25 23 25 17 88 29 8 100 0 54 69 73 46 63 16
19 19 0 69 25 72 32 80 0 80 60 78 11 36 56 84 69 41 83 46 87 98 49 5 99 68 11 19 73 38 25 77 43 87 71 12 75 100 56 39 23 33 3 21 97 93 61 4 21 22 3 19 51 5 16 96 47 83 40 51 86 88 78 59
96 13 43 14 44 68 81 24 80 0 61 66 80 11 77 71 20 0 52 13 83 99 7 95 99 83 48 73 43 23 99 49 66 45 63 36 5 70 57 10 73 70 17 93 4 49 55 22 55 78 23 27 59 65 29 91 9 53 95 23 50 97 78 36
88 64 26 78 48 50 38 75 60 61 0 51 79 28 96 68 92 36 20 50 93 51 48 22 48 87 19 52 95 4 26 75 83 96 50 84 96 33 87 57 85 32 65 21 62 95 55 12 73 19 4 6 76 9 2 65 59 33 4 72 91 17 86 94
4 15 48 61 17 28 40 4 78 66 51 0 78 55 43 21 98 39 71 1 62 92 100 12 93 42 100 31 76 60 39 15 8 81 34 92 8 17 45 6 0 27 7 72 72 66 14 13 90 48 76 50 61 24 27 35 91 48 54 74 58 96 96 38
71 96 79 65 45 48 15 19 11 80 79 78 0 81 14 61 51 8 76 16 99 58 89 86 10 87 93 37 21 16 66 71 19 53 35 41 21 74 15 43 6 100 100000 99 9 41 51 60 60 9 84 42 73 100 35 74 75 37 14 80 91 74 36 52
93 11 95 76 57 42 90 67 36 11 28 55 81 0 65 88 34 54 70 66 8 75 1 55 98 72 4 5 59 89 54 44 31 72 72 9 77 38 13 15 75 29 90 82 79 37 28 32 57 70 57 64 38 31 35 86 2 48 68 24 55 87 49 71
99 8 36 79 13 56 84 85 56 77 96 43 14 65 0 2 53 36 83 21 77 96 94 11 39 84 43 18 22 14 100000 75 35 67 52 22 69 0 51 35 93 4 1 91 100000 72 96 38 87 72 25 64 55 73 83 26 89 71 16 7 44 60 22 89
75 36 78 97 0 6 68 17 84 71 68 21 61 88 2 0 14 8 93 2 73 18 24 33 18 56 8 21 32 95 94 12 60 97 81 61 41 52 60 58 34 35 62 95 43 29 72 2 29 95 13 9 97 19 62 4 24 89 18 57 2 70 21 14
7 26 84 92 39 78 36 44 69 20 92 98 51 34 53 14 0 52 92 31 7 24 62 1 82 19 2 82 36 65 88 76 28 6 72 47 0 87 45 37 60 6 15 13 27 44 5 66 61 43 17 47 91 31 39 87 79 16 42 27 62 94 53 43
65 15 43 80 46 53 95 36 41 0 36 39 8 54 36 8 52 0 19 23 55 85 64 74 53 45 83 26 12 19 68 80 19 57 28 72 32 54 69 11 88 26 24 64 3 9 79 41 30 43 38 58 44 41 52 36 73 3 95 75 9 44 24 57
6 97 63 68 74 57 23 82 83 52 20 71 76 70 83 93 92 19 0 13 71 96 23 76 31 79 43 24 60 66 91 66 5 30 47 79 60 29 62 87 44 34 87 12 96 27 66 61 50 16 11 7 75 47 49 67 21 45 16 100000 77 6 8 57
54 79 97 33 76 95 20 60 46 13 50 1 16 66 21 2 31 23 13 0 44 71 4 71 79 11 92 71 88 44 83 9 8 48 59 55 59 6 36 77 44 5 94 35 52 41 40 62 18 28 77 57 25 39 93 67 41 53 69 28 58 30 20 47
83 60 81 3 46 98 80 8 87 83 93 62 99 8 77 73 7 55 71 44 0 62 100 82 19 96 92 6 29 92 22 52 31 32 75 27 45 66 44 39 17 65 1 3 88 63 75 49 28 71 39 19 79 22 52 58 49 59 56 38 33 34 92 95
86 41 86 12 21 97 20 13 98 99 51 92 58 75 96 18 24 85 96 71 62 0 68 16 79 77 82 20 78 0 47 74 31 82 4 38 78 99 75 98 10 46 60 24 9 6 1 70 99 37 27 29 66 75 66 18 30 68 88 45 6 5 54 18
28 73 93 52 64 45 1 83 49 7 48 100 89 1 94 24 62 64 23 4 100 68 0 12 46 42 90 72 75 68 78 76 80 89 76 55 26 33 80 55 30 39 89 98 57 13 17 2 30 91 93 84 92 64 22 66 91 8 87 14 18 94 34 26
30 28 5 86 46 90 49 74 5 95 22 12 86 55 11 33 1 74 76 71 82 16 12 0 85 45 11 68 8 60 8 16 94 23 39 74 85 21 69 38 85 77 62 50 88 78 30 65 56 66 16 27 40 91 33 80 56 81 52 31 30 74 69 22
8 47 29 15 66 54 27 46 99 99 48 93 10 98 39 18 82 53 31 79 19 79 46 85 0 100000 64 48 30 77 89 83 18 40 23 31 49 86 60 54 70 12 90 73 7 71 38 66 34 66 48 28 80 33 4 5 11 97 81 10 94 45 39 4
6 96 67 92 68 71 77 99 68 83 87 42 87 72 84 56 19 45 79 11 96 77 42 45 100000 0 9 97 55 81 84 10 75 72 22 49 24 94 65 14 29 14 35 92 29 9 3 94 37 36 76 51 58 99 9 56 50 50 4 16 73 52 49 21
60 76 15 10 39 7 4 17 11 48 19 100 93 4 43 8 2 83 43 92 92 82 90 11 64 9 0 16 33 57 10 16 20 76 9 94 88 30 8 92 21 88 13 79 78 79 84 88 39 46 46 78 97 70 98 19 32 58 9 78 62 7 14 88
35 79 23 16 47 47 72 45 19 73 52 31 37 5 18 21 82 26 24 71 6 20 72 68 48 97 16 0 47 54 73 9 35 70 66 52 28 50 42 21 11 86 60 58 42 40 83 40 23 87 11 36 100 45 17 95 15 21 81 10 63 77 23 83
100 84 74 22 96 30 35 55 73 43 95 76 21 59 22 32 36 12 60 88 29 78 75 8 30 55 33 47 0 58 77 94 94 25 77 81 3 79 19 80 11 61 33 81 61 80 19 79 16 27 53 5 72 84 43 21 78 42 48 35 100 97 69 64
71 52 28 51 48 50 12 53 38 23 4 60 16 89 14 95 65 19 66 44 92 0 68 60 77 81 57 54 58 0 25 4 42 8 30 93 30 96 100 56 22 24 72 91 20 93 97 20 92 81 22 60 14 20 94 88 47 94 64 67 70 28 22 90
15 46 20 56 91 28 62 67 25 99 26 39 66 54 100000 94 88 68 91 83 22 47 78 8 89 84 10 73 77 25 0 41 61 13 64 78 21 41 9 24 17 31 77 32 43 20 14 53 55 43 91 11 73 91 42 18 31 70 40 37 21 10 66 57
11 56 1 79 94 5 66 53 77 49 75 15 71 44 75 12 76 80 66 9 52 74 76 16 83 10 16 9 94 4 41 0 67 12 13 61 44 16 25 12 37 9 33 91 72 9 23 28 97 29 34 0 62 25 7 62 76 80 92 42 78 99 72 92
48 80 3 30 8 8 17 38 43 66 83 8 19 31 35 60 28 19 5 8 31 31 80 94 18 75 20 35 94 42 61 67 0 32 54 49 34 77 89 0 100 66 47 93 39 33 19 20 1 54 17 68 100000 84 42 85 76 68 49 25 24 89 97 17
51 83 10 10 49 98 100000 51 87 45 96 81 53 72 67 97 6 57 30 48 32 82 89 23 40 72 76 70 25 8 13 12 32 0 11 28 39 58 9 83 45 89 81 13 35 93 70 40 27 50 81 62 34 31 24 92 7 10 27 43 90 71 99 63
35 70 17 87 96 98 82 71 71 63 50 34 35 72 52 81 72 28 47 59 75 4 76 39 23 22 9 66 77 30 64 13 54 11 0 84 87 67 87 5 11 18 96 64 83 89 25 78 61 60 79 76 40 13 99 87 57 74 76 100000 48 50 0 24
16 21 67 50 97 0 4 72 12 36 84 92 41 9 22 61 47 72 79 55 27 38 55 74 31 49 94 52 81 93 78 61 49 28 84 0 74 79 29 8 29 62 100 38 32 31 57 56 31 6 40 63 79 61 81 26 98 45 55 58 16 69 10 45
14 40 21 57 100 14 67 12 75 5 96 8 21 77 69 41 0 32 60 59 45 78 26 85 49 24 88 28 3 30 21 44 34 39 87 74 0 32 54 41 95 63 84 16 43 46 66 67 38 74 22 0 46 66 67 5 10 41 75 19 86 41 49 19
96 93 28 24 68 24 50 2 100 70 33 17 74 38 0 52 87 54 29 6 66 99 33 21 86 94 30 50 79 96 41 16 77 58 67 79 32 0 3 83 96 9 60 21 11 78 30 36 54 61 74 15 65 26 57 75 25 4 91 8 34 86 29 90
31 35 56 56 35 29 69 59 56 57 87 45 15 13 51 60 45 69 62 36 44 75 80 69 60 65 8 42 19 100 9 25 89 9 87 29 54 3 0 91 45 19 60 88 21 87 95 95 34 29 18 17 51 42 56 38 39 45 97 45 55 0 96 59
45 64 73 49 34 50 92 68 39 10 57 6 43 15 35 58 37 11 87 77 39 98 55 38 54 14 92 21 80 56 24 12 0 83 5 8 41 83 91 0 79 85 8 46 72 99 22 29 21 90 32 66 99 24 45 93 61 22 24 27 47 92 90 88
95 1 64 100000 39 52 93 6 23 73 85 0 6 75 93 34 60 88 44 44 17 10 30 85 70 29 21 11 11 22 17 37 100 45 11 29 95 96 45 79 0 26 94 59 82 20 9 8 4 73 55 6 22 3 20 41 29 21 100 29 18 84 14 54
75 9 48 33 68 75 23 43 33 70 32 27 100 29 4 35 6 26 34 5 65 46 39 77 12 14 88 86 61 24 31 9 66 89 18 62 63 9 19 85 26 0 11 46 42 15 19 9 37 17 34 85 19 39 6 88 87 28 34 96 75 54 48 97
21 82 57 64 11 93 62 70 3 17 65 7 100000 90 1 62 15 24 87 94 1 60 89 62 90 35 13 60 33 72 77 33 47 81 96 100 84 60 60 8 94 11 0 9 81 1 64 55 43 34 91 29 24 75 11 31 14 27 83 94 30 45 61 7
23 10 14 65 3 76 97 6 21 93 21 72 99 82 91 95 13 64 12 35 3 24 98 50 73 92 79 58 81 91 32 91 93 13 64 38 16 21 88 46 59 46 9 0 16 62 47 2 54 79 91 4 27 93 36 5 37 0 13 90 2 76 86 70
73 56 97 1 69 36 8 22 97 4 62 72 9 79 100000 43 27 3 96 52 88 9 57 88 7 29 78 42 61 20 43 72 39 35 83 32 43 11 21 72 82 42 81 16 0 83 46 47 46 55 46 27 14 60 77 20 79 37 63 26 53 67 39 68
27 30 85 50 53 29 87 69 93 49 95 66 41 37 72 29 44 9 27 41 63 6 13 78 71 9 79 40 80 93 20 9 33 93 89 31 46 78 87 99 20 15 1 62 83 0 70 93 90 26 15 94 54 24 25 57 85 58 77 32 49 87 56 14
19 57 71 45 44 82 54 84 61 55 55 14 51 28 96 72 5 79 66 40 75 1 17 30 38 3 84 83 19 97 14 23 19 70 25 57 66 30 95 22 9 19 64 47 46 70 0 35 74 14 15 89 26 6 73 100 42 9 69 20 55 55 34 90
32 23 75 57 31 12 33 75 4 22 12 13 60 32 38 2 66 41 61 62 49 70 2 65 66 94 88 40 79 20 53 28 20 40 78 56 67 36 95 29 8 9 55 2 47 93 35 0 78 39 28 27 86 2 74 84 68 75 93 26 30 32 68 24
81 65 10 28 65 33 3 39 21 55 73 90 60 57 87 29 61 30 50 18 28 99 30 56 34 37 39 23 16 92 55 97 1 27 61 31 38 54 34 21 4 37 43 54 46 90 74 78 0 80 67 31 23 83 3 73 90 95 85 96 99 4 8 67
32 19 83 18 20 1 41 25 22 78 19 48 9 70 72 95 43 43 16 28 71 37 91 66 66 36 46 87 27 81 43 29 54 50 60 6 74 61 29 90 73 17 34 79 55 26 14 39 80 0 47 24 70 62 24 43 34 15 75 38 41 43 53 76
75 91 99 86 8 59 80 23 3 23 4 76 84 57 25 13 17 38 11 77 39 27 93 16 48 76 46 11 53 22 91 34 17 81 79 40 22 74 18 32 55 34 91 91 46 15 15 28 67 47 0 25 13 7 21 35 62 54 75 29 48 4 82 95
90 3 27 34 67 90 88 25 19 27 6 50 42 64 64 9 47 58 7 57 19 29 84 27 28 51 78 36 5 60 11 0 68 62 76 63 0 15 17 66 6 85 29 4 27 94 89 27 31 24 25 0 44 25 89 3 31 71 99 22 27 100000 100000 22
93 59 34 45 100000 5 25 17 51 59 76 61 73 38 55 97 91 44 75 25 79 66 92 40 80 58 97 100 72 14 73 62 100000 34 40 79 46 65 51 99 22 19 24 27 14 54 26 86 23 70 13 44 0 41 92 21 78 15 67 42 17 13 5 59
74 37 7 25 86 41 53 88 5 65 9 24 100 31 73 19 31 41 47 39 22 75 64 91 33 99 70 45 84 20 91 25 84 31 13 61 66 26 42 24 3 39 75 93 60 24 6 2 83 62 7 25 41 0 37 45 95 78 80 30 73 81 37 72
0 6 95 90 9 14 32 29 16 29 2 27 35 35 83 62 39 52 49 93 52 66 22 33 4 9 98 17 43 94 42 7 42 24 99 81 67 57 56 45 20 6 11 36 77 25 73 74 3 24 21 89 92 37 0 28 32 52 96 70 46 55 77 60
88 99 22 41 45 27 47 8 96 91 65 35 74 86 26 4 87 36 67 67 58 18 66 80 5 56 19 95 21 88 18 62 85 92 87 26 5 75 38 93 41 88 31 5 20 57 100 84 73 43 35 3 21 45 28 0 56 52 51 38 41 3 27 73
66 69 46 66 17 61 40 100 47 9 59 91 75 2 89 24 79 73 21 41 49 30 91 56 11 50 32 15 78 47 31 76 76 7 57 98 10 25 39 61 29 87 14 37 79 85 42 68 90 34 62 31 78 95 32 56 0 94 19 5 69 23 100 48
5 3 20 22 100 34 100000 0 83 53 33 48 37 48 71 89 16 3 45 53 59 68 8 81 97 50 58 21 42 94 70 80 68 10 74 45 41 4 45 22 21 28 27 0 37 58 9 75 95 15 54 71 15 78 52 52 94 0 57 20 43 33 26 35
49 79 82 13 64 58 25 54 40 95 4 54 14 68 16 18 42 95 16 69 56 88 87 52 81 4 9 81 48 64 40 92 49 27 76 55 75 91 97 24 100 34 83 13 63 77 69 93 85 75 75 99 67 80 96 51 19 57 0 100 41 29 58 58
42 46 56 37 4 20 60 69 51 23 72 74 80 24 7 57 27 75 100000 28 38 45 14 31 10 16 78 10 35 67 37 42 25 43 100000 58 19 8 45 27 29 96 94 90 26 32 20 26 96 38 29 22 42 30 70 38 5 20 100 0 55 62 38 72
90 30 89 67 62 24 53 73 86 50 91 58 91 55 44 2 62 9 77 58 33 6 18 30 94 73 62 63 100 70 21 78 24 90 48 16 86 34 55 47 18 75 30 2 53 49 55 30 99 41 48 27 17 73 46 41 69 43 41 55 0 11 0 25
12 35 35 54 34 69 70 46 88 97 17 96 74 87 60 70 94 44 6 30 34 5 94 74 45 52 7 77 97 28 10 99 89 71 50 69 41 86 0 92 84 54 45 76 67 87 55 32 4 43 4 100000 13 81 55 3 23 33 29 62 11 0 35 55
2 67 4 69 71 21 44 63 78 78 86 96 36 49 22 21 53 24 8 20 92 54 34 69 39 49 14 23 69 22 66 72 97 99 0 10 49 29 96 90 14 48 61 86 39 56 34 68 8 53 82 100000 5 37 77 27 100 26 58 38 0 35 0 94
45 76 57 43 79 50 89 16 59 36 94 38 52 71 89 14 43 57 57 47 95 18 26 22 4 21 88 83 64 90 57 92 17 63 24 45 19 90 59 88 54 97 7 70 68 14 90 24 67 76 95 22 59 72 60 73 48 35 58 72 25 55 94 0
