64
0 87 23 78 19 93 81 36 64 2 40 3 0 82 14 17 50 40 2 42 68 14 51 71 87 5 58 2 2 95 35 65 53 69 99 37 5 73 57 9 54 95 46 91 95 88 79 80 100000 22 81 13 67 23 75 26 74 44 78 68 55 4 7 24
87 0 11 81 0 13 77 46 19 4 91 96 41 2 93 96 35 18 84 31 95 13 81 12 66 7 0 36 93 86 50 9 69 22 26 99 6 94 99 95 39 92 33 85 61 5 5 64 48 84 92 53 56 100000 25 60 78 96 50 42 62 36 57 75
23 11 0 0 26 19 59 43 36 0 4 70 84 30 59 17 14 48 8 10 86 90 60 95 46 64 64 15 63 33 0 15 80 87 0 35 24 62 60 48 42 52 13 61 42 75 48 92 36 33 18 95 55 46 72 10 68 59 82 61 81 98 75 25
78 81 0 0 78 7 69 31 46 85 25 55 16 23 88 100000 53 38 6 67 72 86 94 68 3 11 1 66 88 91 5 21 24 7 49 21 25 6 28 57 51 14 80 95 61 87 18 59 7 75 44 23 51 67 56 34 8 71 69 100000 67 40 81 11
19 0 26 78 0 10 77 98 66 24 100000 23 86 61 54 42 54 77 8 12 74 60 56 64 95 34 78 88 84 8 47 11 70 44 14 94 18 20 22 68 90 4 90 52 90 88 83 66 7 48 76 84 33 9 25 66 63 18 57 71 36 85 62 6
93 13 19 7 10 0 50 78 76 56 81 42 57 85 87 87 42 90 50 60 80 88 71 9 62 93 83 92 66 19 14 69 81 3 8 20 25 74 15 57 13 15 65 31 55 0 72 88 16 0 98 65 45 32 72 3 67 50 4 29 71 48 100 89
81 77 59 69 77 50 0 50 61 78 5 20 74 11 99 37 1 67 100000 84 4 67 16 17 80 11 100 100 63 18 82 35 57 88 33 72 38 76 63 12 40 25 39 66 14 23 42 44 19 94 77 21 80 100000 84 82 17 60 68 77 89 35 83 63
36 46 43 31 98 78 50 0 26 65 21 52 25 11 42 62 34 69 55 61 72 6 41 81 1 24 100000 55 100000 8 100 12 16 84 93 26 27 2 100000 24 44 13 19 56 3 47 14 94 35 59 87 74 69 34 73 27 21 4 94 47 32 100 1 69
64 19 36 46 66 76 61 26 0 29 32 40 42 31 22 43 0 47 81 41 64 79 5 14 16 85 69 12 21 51 0 84 100000 52 96 84 18 44 6 85 44 18 74 71 88 85 8 82 37 12 0 56 69 43 55 94 38 22 9 29 64 27 84 57
2 4 0 85 24 56 78 65 29 0 24 77 12 80 34 2 41 33 60 44 88 18 21 94 100 11 35 66 58 59 20 50 86 87 50 87 97 75 89 43 71 36 57 52 12 21 3 50 37 53 88 10 89 26 83 9 37 88 72 20 69 23 77 5
40 91 4 25 100000 81 5 21 32 24 0 91 69 90 63 22 35 1 33 82 36 78 0 67 53 78 42 76 92 93 62 36 85 29 87 7 34 54 4 31 66 7 5 4 87 86 39 95 35 72 49 55 35 18 37 30 40 94 22 51 44 93 23 75
3 96 70 55 23 42 20 52 40 77 91 0 19 71 84 81 22 10 72 26 81 57 73 13 88 68 38 39 93 84 57 38 39 77 17 59 16 14 86 29 23 16 40 14 29 85 69 23 67 1 10 21 77 2 58 40 63 45 34 43 48 68 45 99
0 41 84 16 86 57 74 25 42 12 69 19 0 60 21 49 47 96 34 22 39 56 43 10 69 15 36 34 65 20 37 31 28 21 100000 61 11 85 88 24 48 59 60 67 70 65 37 84 100000 35 13 76 36 55 99 1 5 80 21 24 82 100 82 7
82 2 30 23 61 85 11 11 31 80 90 71 60 0 29 91 73 11 44 5 49 48 49 3 38 79 72 44 77 12 36 21 53 49 1 89 81 52 14 15 50 79 17 79 98 18 50 62 24 29 9 54 77 54 43 63 78 69 52 5 29 20 15 56
14 93 59 88 54 87 99 42 22 34 63 84 21 29 0 68 97 37 39 62 51 61 57 81 8 30 28 60 8 70 15 37 81 91 34 50 10 60 30 91 27 75 46 48 100000 93 79 76 32 25 71 25 94 6 40 59 85 30 96 54 35 17 31 14
17 96 17 100000 42 87 37 62 43 2 22 81 49 91 68 0 60 45 89 53 97 36 87 97 25 71 69 56 92 21 74 49 23 45 6 43 31 7 39 13 36 40 6 50 51 89 37 53 68 30 36 62 20 99 27 15 25 54 72 100000 69 91 67 82
50 35 14 53 54 42 1 34 0 41 35 22 47 73 97 60 0 90 74 67 7 17 85 47 1 66 63 25 99 55 6 12 65 95 15 2 47 30 35 41 18 55 52 51 90 0 27 15 63 41 53 22 52 18 45 32 26 79 70 57 89 11 98 23
40 18 48 38 77 90 67 69 47 33 1 10 96 11 37 45 90 0 20 72 16 59 40 81 32 49 28 6 22 28 62 6 88 48 97 88 93 100 93 31 56 46 93 100000 58 100000 85 54 21 91 70 5 40 89 77 78 88 75 98 82 31 78 52 15
2 84 8 6 8 50 100000 55 81 60 33 72 34 44 39 89 74 20 0 11 86 97 58 41 13 81 70 52 33 19 78 71 89 21 60 42 74 17 98 12 14 11 31 5 100000 24 73 1 100 67 65 23 32 93 73 89 88 29 4 49 15 30 68 39
42 31 10 67 12 60 84 61 41 44 82 26 22 5 62 53 67 72 11 0 61 37 53 26 9 92 91 90 22 40 20 84 76 30 66 16 78 55 38 2 45 81 26 86 76 91 7 16 28 4 84 39 14 59 2 36 38 3 93 72 1 60 45 90
68 95 86 72 74 80 4 72 64 88 36 81 39 49 51 97 7 16 86 61 0 45 17 85 40 14 11 93 93 53 0 13 33 100 74 37 100000 50 43 31 27 39 94 53 28 50 8 37 52 33 39 20 7 23 23 97 21 84 32 17 36 47 15 85
14 13 90 86 60 88 67 6 79 18 78 57 56 48 61 36 17 59 97 37 45 0 66 51 24 13 85 32 25 38 45 41 13 25 59 11 31 70 21 65 80 9 25 90 90 85 93 41 59 40 34 16 64 49 34 51 34 62 33 85 71 17 11 26
51 81 60 94 56 71 16 41 5 21 0 73 43 49 57 87 85 40 58 53 17 66 0 7 65 67 49 100 53 73 86 27 23 100 11 32 47 40 81 13 87 54 41 93 97 97 88 71 27 64 52 77 54 2 69 19 68 10 16 26 22 97 56 60
71 12 95 68 64 9 17 81 14 94 67 13 10 3 81 97 47 81 41 26 85 51 7 0 49 74 73 9 21 70 39 21 24 7 3 26 100000 79 14 94 69 42 91 85 37 89 64 55 9 19 10 42 93 97 96 38 53 52 27 6 81 9 52 9
87 66 46 3 95 62 80 1 16 100 53 88 69 38 8 25 1 32 13 9 40 24 65 49 0 76 67 61 19 98 76 83 75 12 95 79 62 88 50 35 87 17 66 37 45 56 31 0 6 33 75 81 75 59 95 94 38 15 39 59 69 32 27 86
5 7 64 11 34 93 11 24 85 11 78 68 15 79 30 71 66 49 81 92 14 13 67 74 76 0 58 82 57 81 6 35 55 40 39 10 65 75 98 90 34 89 5 33 79 90 88 83 30 54 42 3 0 98 32 48 9 100 14 69 12 6 100 64
58 0 64 1 78 83 100 100000 69 35 42 38 36 72 28 69 63 28 70 91 11 85 49 73 67 58 0 38 20 43 6 48 46 10 93 13 50 92 48 52 87 14 6 8 3 71 80 48 73 18 27 20 89 20 31 43 32 7 68 45 92 76 85 46
2 36 15 66 88 92 100 55 12 66 76 39 34 44 60 56 25 6 52 90 93 32 100 9 61 82 38 0 68 97 98 78 28 82 19 78 31 73 5 1 40 45 28 95 41 50 14 25 55 32 81 55 79 65 73 38 61 59 93 83 35 15 97 94
2 93 63 88 84 66 63 100000 21 58 92 93 65 77 8 92 99 22 33 22 93 25 53 21 19 57 20 68 0 67 75 39 35 53 2 26 13 35 99 63 30 36 57 47 8 34 7 23 73 31 27 78 10 64 81 64 68 86 2 90 79 34 31 44
95 86 33 91 8 19 18 8 51 59 93 84 20 12 70 21 55 28 19 40 53 38 73 70 98 81 43 97 67 0 80 41 8 0 85 64 70 81 55 81 77 74 45 65 27 55 78 36 63 25 66 4 32 85 75 58 40 17 37 83 95 39 48 47
35 50 0 5 47 14 82 100 0 20 62 57 37 36 15 74 6 62 78 20 0 45 86 39 76 6 6 98 75 80 0 15 15 29 92 48 46 90 12 81 98 22 46 7 33 23 14 30 3 42 79 93 88 23 54 92 69 97 16 2 25 55 62 60
65 9 15 21 11 69 35 12 84 50 36 38 31 21 37 49 12 6 71 84 13 41 27 21 83 35 48 78 39 41 15 0 94 38 42 93 42 34 80 32 54 76 66 83 3 41 7 5 89 25 6 30 75 64 9 39 53 41 23 86 32 60 62 51
53 69 80 24 70 81 57 16 100000 86 85 39 28 53 81 23 65 88 89 76 33 13 23 24 75 55 46 28 35 8 15 94 0 8 56 12 91 81 42 0 21 37 89 87 12 74 73 69 82 80 100 67 11 44 62 15 32 100000 1 56 22 56 87 29
69 22 87 7 44 3 88 84 52 87 29 77 21 49 91 45 95 48 21 30 100 25 100 7 12 40 10 82 53 0 29 38 8 0 30 41 98 35 95 56 37 70 75 96 86 74 25 45 79 1 65 85 40 38 60 28 89 25 46 80 33 2 58 11
99 26 0 49 14 8 33 93 96 50 87 17 100000 1 34 6 15 97 60 66 74 59 11 3 95 39 93 19 2 85 92 42 56 30 0 60 25 11 43 16 0 50 39 76 86 71 19 19 2 59 47 38 69 56 12 76 42 4 74 11 60 8 88 99
37 99 35 21 94 20 72 26 84 87 7 59 61 89 50 43 2 88 42 16 37 11 32 26 79 10 13 78 26 64 48 93 12 41 60 0 28 99 89 89 2 98 87 52 93 39 78 94 31 40 27 90 33 85 94 25 87 64 99 26 10 83 51 9
5 6 24 25 18 25 38 27 18 97 34 16 11 81 10 31 47 93 74 78 100000 31 47 100000 62 65 50 31 13 70 46 42 91 98 25 28 0 50 43 84 40 58 37 4 61 7 28 64 95 65 75 58 96 23 61 31 63 56 38 59 87 1 61 15
73 94 62 6 20 74 76 2 44 75 54 14 85 52 60 7 30 100 17 55 50 70 40 79 88 75 92 73 35 81 90 34 81 35 11 99 50 0 87 100000 59 77 81 22 43 93 53 94 39 76 77 46 24 98 36 96 81 73 19 37 87 100 40 1
57 99 60 28 22 15 63 100000 6 89 4 86 88 14 30 39 35 93 98 38 43 21 81 14 50 98 48 5 99 55 12 80 42 95 43 89 43 87 0 81 23 99 67 100 36 38 68 82 80 89 20 54 72 23 67 23 32 21 6 51 44 37 73 23
9 95 48 57 68 57 12 24 85 43 31 29 24 15 91 13 41 31 12 2 31 65 13 94 35 90 52 1 63 81 81 32 0 56 16 89 84 100000 81 0 72 96 62 19 0 43 77 47 85 24 48 6 60 2 45 29 55 16 28 48 17 38 58 75
54 39 42 51 90 13 40 44 44 71 66 23 48 50 27 36 18 56 14 45 27 80 87 69 87 34 87 40 30 77 98 54 21 37 0 2 40 59 23 72 0 10 10 94 76 3 31 24 59 43 100000 99 40 72 50 56 13 34 93 94 5 33 87 57
95 92 52 14 4 15 25 13 18 36 7 16 59 79 75 40 55 46 11 81 39 9 54 42 17 89 14 45 36 74 22 76 37 70 50 98 58 77 99 96 10 0 56 58 64 98 17 47 96 69 39 91 52 23 92 24 4 37 66 54 31 61 78 4
46 33 13 80 90 65 39 19 74 57 5 40 60 17 46 6 52 93 31 26 94 25 41 91 66 5 6 28 57 45 46 66 89 75 39 87 37 81 67 62 10 56 0 81 72 60 93 9 31 24 75 93 74 49 77 50 87 52 3 95 9 2 66 91
91 85 61 95 52 31 66 56 71 52 4 14 67 79 48 50 51 100000 5 86 53 90 93 85 37 33 8 95 47 65 7 83 87 96 76 52 4 22 100 19 94 58 81 0 44 53 35 96 13 35 27 9 54 95 58 48 40 76 43 78 95 55 95 38
95 61 42 61 90 55 14 3 88 12 87 29 70 98 100000 51 90 58 100000 76 28 90 97 37 45 79 3 41 8 27 33 3 12 86 86 93 61 43 36 0 76 64 72 44 0 85 5 65 72 79 80 3 75 3 50 84 4 49 96 89 49 59 93 100
88 5 75 87 88 0 23 47 85 21 86 85 65 18 93 89 0 100000 24 91 50 85 97 89 56 90 71 50 34 55 23 41 74 74 71 39 7 93 38 43 3 98 60 53 85 0 4 15 2 11 23 17 84 82 8 92 75 3 7 73 49 81 63 100
79 5 48 18 83 72 42 14 8 3 39 69 37 50 79 37 27 85 73 7 8 93 88 64 31 88 80 14 7 78 14 7 73 25 19 78 28 53 68 77 31 17 93 35 5 4 0 0 75 51 86 80 46 81 72 81 83 5 96 99 14 40 11 82
80 64 92 59 66 88 44 94 82 50 95 23 84 62 76 53 15 54 1 16 37 41 71 55 0 83 48 25 23 36 30 5 69 45 19 94 64 94 82 47 24 47 9 96 65 15 0 0 76 50 52 36 27 61 46 82 59 96 81 86 30 6 87 83
100000 48 36 7 7 16 19 35 37 37 35 67 100000 24 32 68 63 21 100 28 52 59 27 9 6 30 73 55 73 63 3 89 82 79 2 31 95 39 80 85 59 96 31 13 72 2 75 76 0 52 65 10 49 91 1 69 29 52 85 35 57 42 74 55
22 84 33 75 48 0 94 59 12 53 72 1 35 29 25 30 41 91 67 4 33 40 64 19 33 54 18 32 31 25 42 25 80 1 59 40 65 76 89 24 43 69 24 35 79 11 51 50 52 0 66 43 85 36 74 57 43 52 42 17 10 28 69 85
81 92 18 44 76 98 77 87 0 88 49 10 13 9 71 36 53 70 65 84 39 34 52 10 75 42 27 81 27 66 79 6 100 65 47 27 75 77 20 48 100000 39 75 27 80 23 86 52 65 66 0 3 3 3 65 8 60 74 59 19 94 96 47 88
13 53 95 23 84 65 21 74 56 10 55 21 76 54 25 62 22 5 23 39 20 16 77 42 81 3 20 55 78 4 93 30 67 85 38 90 58 46 54 6 99 91 93 9 3 17 80 36 10 43 3 0 71 68 22 55 15 44 20 9 16 51 39 20
67 56 55 51 33 45 80 69 69 89 35 77 36 77 94 20 52 40 32 14 7 64 54 93 75 0 89 79 10 32 88 75 11 40 69 33 96 24 72 60 40 52 74 54 75 84 46 27 49 85 3 71 0 31 55 77 41 35 100000 74 8 20 88 68
23 100000 46 67 9 32 100000 34 43 26 18 2 55 54 6 99 18 89 93 59 23 49 2 97 59 98 20 65 64 85 23 64 44 38 56 85 23 98 23 2 72 23 49 95 3 82 81 61 91 36 3 68 31 0 33 58 86 100000 18 57 21 13 96 53
75 25 72 56 25 72 84 73 55 83 37 58 99 43 40 27 45 77 73 2 23 34 69 96 95 32 31 73 81 75 54 9 62 60 12 94 61 36 67 45 50 92 77 58 50 8 72 46 1 74 65 22 55 33 0 10 38 21 81 15 30 89 18 9
26 60 10 34 66 3 82 27 94 9 30 40 1 63 59 15 32 78 89 36 97 51 19 38 94 48 43 38 64 58 92 39 15 28 76 25 31 96 23 29 56 24 50 48 84 92 81 82 69 57 8 55 77 58 10 0 92 8 25 88 78 56 31 48
74 78 68 8 63 67 17 21 38 37 40 63 5 78 85 25 26 88 88 38 21 34 68 53 38 9 32 61 68 40 69 53 32 89 42 87 63 81 32 55 13 4 87 40 4 75 83 59 29 43 60 15 41 86 38 92 0 26 9 40 82 32 61 65
44 96 59 71 18 50 60 4 22 88 94 45 80 69 30 54 79 75 29 3 84 62 10 52 15 100 7 59 86 17 97 41 100000 25 4 64 56 73 21 16 34 37 52 76 49 3 5 96 52 52 74 44 35 100000 21 8 26 0 18 60 97 46 64 8
78 50 82 69 57 4 68 94 9 72 22 34 21 52 96 72 70 98 4 93 32 33 16 27 39 14 68 93 2 37 16 23 1 46 74 99 38 19 6 28 93 66 3 43 96 7 96 81 85 42 59 20 100000 18 81 25 9 18 0 88 25 29 31 38
68 42 61 100000 71 29 77 47 29 20 51 43 24 5 54 100000 57 82 49 72 17 85 26 6 59 69 45 83 90 83 2 86 56 80 11 26 59 37 51 48 94 54 95 78 89 73 99 86 35 17 19 9 74 57 15 88 40 60 88 0 47 12 92 21
55 62 81 67 36 71 89 32 64 69 44 48 82 29 35 69 89 31 15 1 36 71 22 81 69 12 92 35 79 95 25 32 22 33 60 10 87 87 44 17 5 31 9 95 49 49 14 30 57 10 94 16 8 21 30 78 82 97 25 47 0 100 21 25
4 36 98 40 85 48 35 100 27 23 93 68 100 20 17 91 11 78 30 60 47 17 97 9 32 6 76 15 34 39 55 60 56 2 8 83 1 100 37 38 33 61 2 55 59 81 40 6 42 28 96 51 20 13 89 56 32 46 29 12 100 0 84 96
7 57 75 81 62 100 83 1 84 77 23 45 82 15 31 67 98 52 68 45 15 11 56 52 27 100 85 97 31 48 62 62 87 58 88 51 61 40 73 58 87 78 66 95 93 63 11 87 74 69 47 39 88 96 18 31 61 64 31 92 21 84 0 13
24 75 25 11 6 89 63 69 57 5 75 99 7 56 14 82 23 15 39 90 85 26 60 9 86 64 46 94 44 47 60 51 29 11 99 9 15 1 23 75 57 4 91 38 100 100 82 83 55 85 88 20 68 53 9 48 65 8 38 21 25 96 13 0
