64
0 94 21 24 0 51 3 85 69 35 30 57 84 86 4 45 100000 29 52 63 11 24 87 34 32 4 1 91 82 95 58 12 69 39 32 97 5 52 97 76 13 35 100000 100 27 95 25 61 20 2 6 54 18 64 32 63 75 13 34 3 28 14 99 68
94 0 54 80 93 89 75 23 98 4 75 29 17 10 31 100000 73 98 84 14 77 90 40 42 19 30 46 86 89 85 29 100000 89 8 45 1 97 58 70 5 76 40 42 12 12 26 21 57 41 43 8 15 94 27 79 92 25 98 29 2 1 44 9 50
21 54 0 49 62 70 71 2 100000 13 86 80 76 93 9 6 45 20 54 38 41 11 89 54 80 5 16 100 21 33 36 25 39 17 83 58 57 45 67 49 54 65 83 23 48 8 11 25 27 20 55 100000 40 13 58 75 75 40 18 28 64 54 52 48
24 80 49 0 78 58 48 34 11 50 77 66 4 48 26 94 60 54 48 2 3 37 42 95 6 44 40 40 48 0 35 23 3 9 91 66 93 30 97 64 85 50 79 61 67 46 96 67 22 90 54 34 84 32 40 89 62 86 54 8 58 69 55 34
0 93 62 78 0 43 10 56 55 4 79 90 84 76 19 71 2 72 36 4 40 23 3 94 62 28 36 33 53 73 37 37 73 56 75 10 100000 35 45 60 85 18 38 97 35 54 4 100000 90 67 6 34 47 66 37 31 0 59 31 25 62 70 13 55
51 89 70 58 43 0 73 69 4 43 26 44 68 44 14 33 47 39 59 70 78 51 100 96 65 67 20 35 12 52 28 37 35 37 70 79 55 14 87 36 48 42 59 46 89 42 34 42 31 66 29 32 75 28 38 13 3 24 44 18 49 70 99 28
3 75 71 48 10 73 0 40 10 94 13 19 0 43 46 52 54 77 10 85 22 39 57 15 47 61 69 19 100 89 87 20 83 8 48 18 100000 85 100 47 48 54 88 58 100000 77 55 52 48 48 58 100 94 61 82 35 85 68 14 85 23 85 96 77
85 23 2 34 56 69 40 0 28 5 45 31 75 13 27 3 14 77 81 41 73 87 88 75 48 100000 41 53 96 8 9 20 25 86 71 38 31 33 13 98 64 97 19 25 14 98 50 62 66 80 84 89 28 98 25 57 26 68 19 30 76 46 86 87
69 98 100000 11 55 4 10 28 0 93 41 30 64 79 35 74 85 21 24 89 4 51 50 2 45 54 22 81 30 75 52 10 83 35 78 86 44 57 91 32 75 80 52 81 77 66 80 11 98 6 48 88 99 78 83 83 51 39 73 97 69 22 93 17
35 4 13 50 4 43 94 5 93 0 97 71 81 74 24 100 52 37 66 7 30 21 57 62 47 23 26 57 4 81 53 73 91 29 85 10 73 39 60 38 61 100000 10 76 48 97 94 47 27 59 57 9 34 82 32 90 75 39 15 28 26 60 86 41
30 75 86 77 79 26 13 45 41 97 0 83 34 56 71 73 17 78 6 28 38 77 56 51 9 5 53 23 29 81 87 13 51 75 96 49 17 84 99 61 52 42 34 20 93 47 82 27 9 34 29 12 47 98 54 3 70 54 49 23 62 62 44 27
57 29 80 66 90 44 19 31 30 71 83 0 81 87 46 9 2 51 61 71 68 41 37 94 87 52 58 6 34 91 22 39 55 19 10 96 7 48 5 42 90 74 15 18 73 62 41 27 43 86 1 62 5 2 0 73 56 32 87 33 84 44 83 12
84 17 76 4 84 68 0 75 64 81 34 81 0 89 96 41 63 34 27 79 39 24 80 73 79 44 92 94 90 4 82 13 69 88 89 79 39 2 90 7 19 19 28 36 54 64 10 55 2 78 99 93 25 66 47 2 20 37 57 43 86 1 95 59
86 10 93 48 76 44 43 13 79 74 56 87 89 0 29 79 33 46 9 10 86 93 31 45 70 24 36 92 28 13 55 68 82 91 82 18 14 31 60 26 49 20 44 1 79 95 45 53 44 93 84 25 98 44 81 46 71 49 85 26 48 83 61 91
4 31 9 26 19 14 46 27 35 24 71 46 96 29 0 28 93 34 49 71 83 84 27 46 64 64 27 93 1 52 69 1 73 32 22 19 78 25 94 48 49 50 6 43 27 1 2 13 83 4 21 5 81 19 63 91 63 82 60 92 25 20 85 32
45 100000 6 94 71 33 52 3 74 100 73 9 41 79 28 0 100 38 34 22 17 10 97 80 31 19 51 86 96 96 99 98 52 91 67 48 13 22 98 13 22 52 88 100 32 96 19 81 35 37 92 31 64 81 87 47 58 78 12 97 1 94 8 49
100000 73 45 60 2 47 54 14 85 52 17 2 63 33 93 100 0 63 92 62 17 79 67 52 59 79 74 53 34 6 31 33 61 27 99 71 85 61 0 71 0 21 98 23 8 99 92 92 66 17 12 83 60 84 28 70 0 16 33 27 9 45 62 83
29 98 20 54 72 39 77 77 21 37 78 51 34 46 34 38 63 0 38 1 47 68 56 83 96 47 97 47 72 5 96 100 55 9 93 36 78 85 61 86 42 7 11 79 12 2 96 26 35 52 87 67 73 52 62 11 88 78 3 4 20 83 39 16
52 84 54 48 36 59 10 81 24 66 6 61 27 9 49 34 92 38 0 60 31 98 42 48 4 91 2 53 95 55 100000 67 67 97 93 67 53 61 28 54 13 95 58 26 64 0 56 72 79 16 1 31 51 81 42 8 37 25 94 54 28 52 19 86
63 14 38 2 4 70 85 41 89 7 28 71 79 10 71 22 62 1 60 0 63 61 70 63 15 21 47 69 79 69 49 57 35 14 26 37 86 86 94 42 26 11 71 99 88 99 59 20 75 49 96 57 1 84 51 93 29 75 68 15 87 58 5 77
11 77 41 3 40 78 22 73 4 30 38 68 39 86 83 17 17 47 31 63 0 53 28 49 2 36 26 43 48 76 18 29 68 1 55 36 30 63 9 19 65 59 64 59 20 83 36 91 74 25 47 55 29 22 23 21 56 100000 97 6 28 26 41 89
24 90 11 37 23 51 39 87 51 21 77 41 24 93 84 10 79 68 98 61 53 0 31 45 4 2 67 22 84 80 35 59 84 90 46 8 10 45 7 47 52 56 46 19 87 62 79 89 10 78 61 76 31 92 0 85 43 84 0 94 17 44 35 92
87 40 89 42 3 100 57 88 50 57 56 37 80 31 27 97 67 56 42 70 28 31 0 42 100000 88 49 27 77 62 83 76 53 38 38 66 38 56 77 77 94 2 89 0 24 87 52 75 46 8 94 27 97 27 93 65 38 58 89 83 6 18 100 2
34 42 54 95 94 96 15 75 2 62 51 94 73 45 46 80 52 83 48 63 49 45 42 0 73 86 98 48 13 80 90 17 90 7 89 47 67 14 11 29 26 52 1 90 16 69 68 51 37 38 23 67 90 22 64 65 33 70 99 99 53 47 74 71
32 19 80 6 62 65 47 48 45 47 9 87 79 70 64 31 59 96 4 15 2 4 100000 73 0 44 41 48 92 19 58 27 49 91 22 0 100 4 93 55 19 6 26 8 68 66 75 31 32 19 87 8 46 67 8 42 7 46 57 41 46 57 3 27
4 30 5 44 28 67 61 100000 54 23 5 52 44 24 64 19 79 47 91 21 36 2 88 86 44 0 69 80 53 80 92 90 34 99 92 68 23 45 37 55 16 51 53 19 74 66 11 18 6 100 28 86 91 8 100000 19 6 48 46 48 51 71 87 29
1 46 16 40 36 20 69 41 22 26 53 58 92 36 27 51 74 97 2 47 26 67 49 98 41 69 0 25 37 13 76 44 0 92 67 93 35 98 97 46 20 1 99 10 63 15 40 68 60 74 24 63 29 100 91 76 77 81 70 14 78 43 84 68
91 86 100 40 33 35 19 53 81 57 23 6 94 92 93 86 53 47 53 69 43 22 27 48 48 80 25 0 59 76 76 54 17 44 61 60 93 35 79 12 34 72 9 55 64 37 27 73 94 56 35 63 33 67 100000 26 15 33 23 28 42 36 89 58
82 89 21 48 53 12 100 96 30 4 29 34 90 28 1 96 34 72 95 79 48 84 77 13 92 53 37 59 0 27 71 5 94 86 47 41 2 72 37 95 42 20 98 45 100 78 11 68 42 7 100 16 4 41 65 7 14 92 100 48 83 89 39 25
95 85 33 0 73 52 89 8 75 81 81 91 4 13 52 96 6 5 55 69 76 80 62 80 19 80 13 76 27 0 78 65 92 30 3 52 100 25 98 13 91 100 50 46 97 84 0 44 32 96 58 93 72 0 91 89 45 60 92 42 87 11 83 11
58 29 36 35 37 28 87 9 52 53 87 22 82 55 69 99 31 96 100000 49 18 35 83 90 58 92 76 76 71 78 0 71 16 0 10 19 3 47 5 86 0 3 49 16 100000 35 100 73 53 38 56 15 84 96 17 16 57 46 36 41 11 46 12 30
12 100000 25 23 37 37 20 20 10 73 13 39 13 68 1 98 33 100 67 57 29 59 76 17 27 90 44 54 5 65 71 0 13 40 87 12 99 96 49 38 49 70 89 20 23 79 56 3 58 91 34 0 86 84 96 33 25 38 68 79 55 9 48 37
69 89 39 3 73 35 83 25 83 91 51 55 69 82 73 52 61 55 67 35 68 84 53 90 49 34 0 17 94 92 16 13 0 33 0 82 79 55 54 63 0 38 10 45 79 99 35 79 60 76 68 36 99 1 48 24 19 61 45 31 35 33 22 12
39 8 17 9 56 37 8 86 35 29 75 19 88 91 32 91 27 9 97 14 1 90 38 7 91 99 92 44 86 30 0 40 33 0 79 65 33 45 85 12 24 26 69 6 0 9 92 7 73 77 52 25 97 29 81 7 29 94 13 72 22 16 5 33
32 45 83 91 75 70 48 71 78 85 96 10 89 82 22 67 99 93 93 26 55 46 38 89 22 92 67 61 47 3 10 87 0 79 0 60 38 30 28 79 80 42 78 62 57 83 10 39 69 98 46 43 66 50 66 75 8 6 46 91 93 71 11 66
97 1 58 66 10 79 18 38 86 10 49 96 79 18 19 48 71 36 67 37 36 8 66 47 0 68 93 60 41 52 19 12 82 65 60 0 49 67 49 80 53 79 48 85 37 62 24 7 43 7 50 65 37 1 91 39 43 22 42 12 96 49 93 65
5 97 57 93 100000 55 100000 31 44 73 17 7 39 14 78 13 85 78 53 86 30 10 38 67 100 23 35 93 2 100 3 99 79 33 38 49 0 1 90 2 97 1 16 58 70 100 53 85 6 75 18 25 17 77 50 98 0 78 13 50 55 97 35 36
52 58 45 30 35 14 85 33 57 39 84 48 2 31 25 22 61 85 61 86 63 45 56 14 4 45 98 35 72 25 47 96 55 45 30 67 1 0 47 66 90 42 71 87 41 65 25 39 5 43 63 55 64 6 19 45 75 92 20 54 53 11 97 51
97 70 67 97 45 87 100 13 91 60 99 5 90 60 94 98 0 61 28 94 9 7 77 11 93 37 97 79 37 98 5 49 54 85 28 49 90 47 0 55 76 34 61 4 15 98 33 1 89 1 100 54 0 85 39 83 10 26 10 23 71 3 55 83
76 5 49 64 60 36 47 98 32 38 61 42 7 26 48 13 71 86 54 42 19 47 77 29 55 55 46 12 95 13 86 38 63 12 79 80 2 66 55 0 87 97 39 2 15 65 18 1 83 66 27 4 66 7 93 52 30 37 24 50 99 57 26 82
13 76 54 85 85 48 48 64 75 61 52 90 19 49 49 22 0 42 13 26 65 52 94 26 19 16 20 34 42 91 0 49 0 24 80 53 97 90 76 87 0 4 21 7 63 89 60 40 99 28 31 72 69 13 94 92 79 92 15 9 72 19 89 28
35 40 65 50 18 42 54 97 80 100000 42 74 19 20 50 52 21 7 95 11 59 56 2 52 6 51 1 72 20 100 3 70 38 26 42 79 1 42 34 97 4 0 91 72 41 75 41 73 87 51 95 27 83 96 75 89 70 45 98 89 6 62 41 100000
100000 42 83 79 38 59 88 19 52 10 34 15 28 44 6 88 98 11 58 71 64 46 89 1 26 53 99 9 98 50 49 89 10 69 78 48 16 71 61 39 21 91 0 68 97 73 71 57 97 100 25 69 7 80 86 41 32 93 67 10 25 65 69 84
100 12 23 61 97 46 58 25 81 76 20 18 36 1 43 100 23 79 26 99 59 19 0 90 8 19 10 55 45 46 16 20 45 6 62 85 58 87 4 2 7 72 68 0 85 41 72 78 94 38 2 51 85 35 59 6 94 88 39 75 73 7 24 74
27 12 48 67 35 89 100000 14 77 48 93 73 54 79 27 32 8 12 64 88 20 87 24 16 68 74 63 64 100 97 100000 23 79 0 57 37 70 41 15 15 63 41 97 85 0 38 9 27 83 61 2 1 48 10 39 85 73 82 11 30 97 73 24 31
95 26 8 46 54 42 77 98 66 97 47 62 64 95 1 96 99 2 0 99 83 62 87 69 66 66 15 37 78 84 35 79 99 9 83 62 100 65 98 65 89 75 73 41 38 0 50 64 50 82 96 65 8 54 38 44 76 87 66 80 51 84 33 79
25 21 11 96 4 34 55 50 80 94 82 41 10 45 2 19 92 96 56 59 36 79 52 68 75 11 40 27 11 0 100 56 35 92 10 24 53 25 33 18 60 41 71 72 9 50 0 39 89 51 78 50 55 92 85 75 12 48 90 3 17 65 7 33
61 57 25 67 100000 42 52 62 11 47 27 27 55 53 13 81 92 26 72 20 91 89 75 51 31 18 68 73 68 44 73 3 79 7 39 7 85 39 1 1 40 73 57 78 27 64 39 0 47 48 100000 36 94 57 16 72 70 46 50 1 48 57 38 56
20 41 27 22 90 31 48 66 98 27 9 43 2 44 83 35 66 35 79 75 74 10 46 37 32 6 60 94 42 32 53 58 60 73 69 43 6 5 89 83 99 87 97 94 83 50 89 47 0 100000 30 93 100 91 39 69 88 99 46 62 75 94 32 40
2 43 20 90 67 66 48 80 6 59 34 86 78 93 4 37 17 52 16 49 25 78 8 38 19 100 74 56 7 96 38 91 76 77 98 7 75 43 1 66 28 51 100 38 61 82 51 48 100000 0 13 48 17 18 23 88 2 14 75 2 40 86 10 89
6 8 55 54 6 29 58 84 48 57 29 1 99 84 21 92 12 87 1 96 47 61 94 23 87 28 24 35 100 58 56 34 68 52 46 50 18 63 100 27 31 95 25 2 2 96 78 100000 30 13 0 65 95 40 82 86 8 31 67 64 23 44 48 5
54 15 100000 34 34 32 100 89 88 9 12 62 93 25 5 31 83 67 31 57 55 76 27 67 8 86 63 63 16 93 15 0 36 25 43 65 25 55 54 4 72 27 69 51 1 65 50 36 93 48 65 0 50 9 95 68 93 1 49 60 43 30 100000 71
18 94 40 84 47 75 94 28 99 34 47 5 25 98 81 64 60 73 51 1 29 31 97 90 46 91 29 33 4 72 84 86 99 97 66 37 17 64 0 66 69 83 7 85 48 8 55 94 100 17 95 50 0 48 90 14 12 77 11 52 3 23 31 38
64 27 13 32 66 28 61 98 78 82 98 2 66 44 19 81 84 52 81 84 22 92 27 22 67 8 100 67 41 0 96 84 1 29 50 1 77 6 85 7 13 96 80 35 10 54 92 57 91 18 40 9 48 0 80 31 100000 9 49 19 0 1 45 28
32 79 58 40 37 38 82 25 83 32 54 0 47 81 63 87 28 62 42 51 23 0 93 64 8 100000 91 100000 65 91 17 96 48 81 66 91 50 19 39 93 94 75 86 59 39 38 85 16 39 23 82 95 90 80 0 2 31 56 4 32 84 100000 73 71
63 92 75 89 31 13 35 57 83 90 3 73 2 46 91 47 70 11 8 93 21 85 65 65 42 19 76 26 7 89 16 33 24 7 75 39 98 45 83 52 92 89 41 6 85 44 75 72 69 88 86 68 14 31 2 0 32 15 24 19 52 97 19 7
75 25 75 62 0 3 85 26 51 75 70 56 20 71 63 58 0 88 37 29 56 43 38 33 7 6 77 15 14 45 57 25 19 29 8 43 0 75 10 30 79 70 32 94 73 76 12 70 88 2 8 93 12 100000 31 32 0 74 5 81 69 96 74 28
13 98 40 86 59 24 68 68 39 39 54 32 37 49 82 78 16 78 25 75 100000 84 58 70 46 48 81 33 92 60 46 38 61 94 6 22 78 92 26 37 92 45 93 88 82 87 48 46 99 14 31 1 77 9 56 15 74 0 68 16 56 30 38 56
34 29 18 54 31 44 14 19 73 15 49 87 57 85 60 12 33 3 94 68 97 0 89 99 57 46 70 23 100 92 36 68 45 13 46 42 13 20 10 24 15 98 67 39 11 66 90 50 46 75 67 49 11 49 4 24 5 68 0 48 77 85 71 49
3 2 28 8 25 18 85 30 97 28 23 33 43 26 92 97 27 4 54 15 6 94 83 99 41 48 14 28 48 42 41 79 31 72 91 12 50 54 23 50 9 89 10 75 30 80 3 1 62 2 64 60 52 19 32 19 81 16 48 0 29 80 58 44
28 1 64 58 62 49 23 76 69 26 62 84 86 48 25 1 9 20 28 87 28 17 6 53 46 51 78 42 83 87 11 55 35 22 93 96 55 53 71 99 72 6 25 73 97 51 17 48 75 40 23 43 3 0 84 52 69 56 77 29 0 100 37 75
14 44 54 69 70 70 85 46 22 60 62 44 1 83 20 94 45 83 52 58 26 44 18 47 57 71 43 36 89 11 46 9 33 16 71 49 97 11 3 57 19 62 65 7 73 84 65 57 94 86 44 30 23 1 100000 97 96 30 85 80 100 0 79 69
99 9 52 55 13 99 96 86 93 86 44 83 95 61 85 8 62 39 19 5 41 35 100 74 3 87 84 89 39 83 12 48 22 5 11 93 35 97 55 26 89 41 69 24 24 33 7 38 32 10 48 100000 31 45 73 19 74 38 71 58 37 79 0 69
68 50 48 34 55 28 77 87 17 41 27 12 59 91 32 49 83 16 86 77 89 92 2 71 27 29 68 58 25 11 30 37 12 33 66 65 36 51 83 82 28 100000 84 74 31 79 33 56 40 89 5 71 38 28 71 7 28 56 49 44 75 69 69 0
