128
0 6 62 80 88 27 59 14 55 80 42 44 2 67 45 88 53 22 26 20 54 25 59 19 14 78 38 71 89 22 10 50 38 3 11 28 82 42 91 28 15 20 15 19 53 82 26 1 100 66 27 49 65 59 31 91 23 82 66 19 10 95 56 93 86 8 19 75 32 26 0 54 42 95 5 26 12 81 41 10 12 100 28 2 26 85 69 51 63 89 69 91 36 63 14 30 1 20 44 1 47 76 57 72 24 57 33 92 57 62 64 49 66 100000 6 70 9 69 74 47 39 41 61 84 94 10 54 17
6 0 55 44 62 75 10 43 93 69 86 91 75 99 29 5 91 24 1 85 11 54 21 57 91 74 95 46 72 41 72 61 37 82 29 75 39 3 83 92 43 25 36 48 45 1 69 50 49 74 88 57 41 84 40 16 83 59 86 1 33 54 32 64 98 26 24 16 34 66 87 74 7 91 7 35 44 58 45 40 90 37 59 64 33 0 4 72 12 81 7 93 70 79 42 22 41 79 58 71 14 82 2 90 79 12 2 51 35 30 31 16 12 87 33 85 99 8 76 43 17 32 32 55 19 78 48 95
62 55 0 56 22 53 19 57 20 89 99 27 82 9 36 98 1 32 36 32 29 77 77 92 65 17 46 49 35 82 98 36 53 1 6 38 85 74 20 24 4 60 56 90 88 24 1 15 69 8 78 54 43 18 76 55 39 79 75 92 75 90 87 89 19 38 20 75 89 23 23 41 9 13 15 66 85 65 13 5 15 49 91 55 70 3 58 91 32 70 0 58 7 33 99 11 65 21 2 43 97 48 19 90 95 27 32 51 60 61 4 58 97 72 44 86 28 13 98 48 84 3 98 100000 36 12 100 20
80 44 56 0 86 29 16 15 63 56 95 11 38 48 68 39 45 100 7 22 60 86 87 81 61 70 92 36 69 91 12 88 84 32 85 98 42 26 2 72 23 33 11 24 12 95 34 83 82 84 66 7 45 8 74 7 55 69 40 47 17 40 6 81 100000 69 75 3 97 26 78 30 68 47 65 80 6 63 29 14 98 92 30 54 32 78 49 6 97 94 81 73 5 45 92 100 69 45 63 84 21 37 85 76 40 66 6 64 19 100 6 96 48 47 26 11 51 23 19 37 88 69 82 79 24 50 94 13
88 62 22 86 0 10 49 98 27 64 40 25 67 11 60 83 49 14 67 2 20 100000 3 23 46 77 29 71 82 11 43 83 33 80 18 16 28 51 32 61 27 13 82 5 25 63 100000 14 78 87 93 73 64 10 86 68 61 41 81 40 21 54 25 73 7 96 50 96 59 15 52 25 28 22 15 21 36 82 78 79 22 46 10 63 43 79 100000 8 8 79 13 91 67 84 20 89 94 54 78 25 45 93 24 20 96 72 69 35 12 30 27 7 19 86 47 100000 85 57 22 79 86 31 34 100 93 15 55 14
27 75 53 29 10 0 67 63 74 53 53 34 19 74 61 80 75 60 15 51 97 42 97 98 5 46 49 25 58 67 29 92 20 0 63 70 78 70 46 77 13 83 74 19 100000 49 16 84 34 26 35 88 14 26 21 10 47 95 83 10 88 69 69 6 88 48 37 97 17 87 8 78 63 68 80 33 44 21 73 73 49 99 90 99 12 12 25 81 20 89 75 2 89 91 78 98 42 81 27 49 51 31 76 2 82 79 100 66 83 31 68 7 18 40 53 36 89 100 75 13 51 86 23 10 96 34 53 42
59 10 19 16 49 67 0 53 90 35 6 85 66 11 29 17 91 59 99 34 29 89 96 23 38 100 94 60 91 73 99 100000 30 38 73 8 1 44 60 1 78 18 42 100 67 86 75 73 75 60 81 51 27 38 48 85 98 27 1 100000 48 99 93 53 27 30 33 19 48 14 83 90 74 32 55 47 88 36 45 14 30 28 72 34 69 65 32 38 36 42 59 73 61 9 75 18 32 85 5 45 69 81 8 97 79 31 81 71 95 1 65 72 95 68 15 68 67 11 31 43 46 47 94 37 44 87 92 99
14 43 57 15 98 63 53 0 40 23 16 26 44 40 40 38 38 25 73 62 87 80 15 100 93 100 37 62 79 67 91 4 100 93 56 71 2 96 15 48 31 62 90 54 39 30 19 60 40 59 9 91 6 61 26 94 97 87 39 9 16 63 81 80 40 48 66 50 91 44 98 12 24 76 66 98 19 93 70 12 3 100 71 89 14 56 48 100000 17 99 45 78 12 30 10 28 93 98 48 61 81 87 10 35 47 67 17 8 2 13 28 99 28 95 53 68 30 48 64 30 79 44 91 1 10 100 7 84
55 93 20 63 27 74 90 40 0 36 21 75 9 32 7 59 80 7 46 15 88 81 67 92 83 22 33 85 84 86 35 15 51 52 86 93 93 68 23 73 45 23 73 41 24 76 87 19 53 29 70 58 12 93 15 17 5 41 20 5 83 60 28 25 64 33 23 29 4 28 76 81 17 97 74 26 20 26 92 49 0 64 27 26 74 11 20 61 47 77 59 77 58 27 65 51 77 59 24 47 74 53 66 18 90 76 0 67 61 69 50 61 18 28 36 15 68 42 73 56 53 23 49 33 80 13 57 48
80 69 89 56 64 53 35 23 36 0 78 77 17 64 12 32 64 57 88 73 15 20 72 24 100000 73 7 22 74 26 0 71 51 74 62 89 90 100 31 91 33 88 38 94 44 43 9 61 87 52 83 74 77 63 24 2 59 85 27 38 24 87 49 1 43 24 8 86 53 8 84 97 70 90 29 38 88 49 6 83 27 1 53 53 96 90 50 68 100 72 7 81 40 56 77 75 51 0 42 3 60 0 61 42 51 49 53 1 96 53 7 5 69 95 94 91 13 74 6 36 87 44 32 4 25 52 32 0
42 86 99 95 40 53 6 16 21 78 0 49 24 40 66 39 14 24 28 71 92 2 4 71 7 100000 87 85 40 4 28 11 51 92 65 15 52 7 84 79 36 1 39 40 12 94 100 48 92 14 80 91 75 73 91 48 20 21 71 68 85 76 46 97 99 60 62 58 45 69 91 9 34 6 69 37 66 48 59 88 79 40 91 25 24 78 40 43 59 96 5 26 79 94 77 68 55 73 14 60 1 19 87 35 49 79 31 100 23 39 4 99 59 55 27 62 69 38 20 96 68 90 20 35 1 81 65 71
44 91 27 11 25 34 85 26 75 77 49 0 70 12 100 17 89 88 50 76 4 98 54 0 80 92 57 62 11 24 78 62 19 36 77 65 28 41 100 100 29 20 1 42 69 28 24 28 76 36 84 89 11 39 67 75 98 51 89 18 94 48 82 93 4 55 49 49 46 79 78 66 77 78 75 31 8 54 63 35 33 17 6 7 85 64 88 58 53 82 83 76 55 33 28 59 72 100000 22 78 27 22 16 30 78 55 19 51 35 65 53 97 29 28 69 93 65 13 48 62 12 19 66 45 73 29 86 100
2 75 82 38 67 19 66 44 9 17 24 70 0 89 34 91 30 44 95 32 0 74 36 38 61 9 52 41 27 37 57 47 27 60 20 28 29 22 12 6 3 78 11 84 8 96 52 84 32 20 15 27 97 68 9 53 50 64 35 51 80 15 12 85 23 93 49 29 29 72 67 24 9 42 58 72 65 49 31 61 91 86 9 6 75 42 94 97 54 51 30 42 30 20 100000 37 21 77 14 98 32 98 12 93 55 73 64 38 38 19 75 38 11 49 41 39 95 1 93 64 19 79 7 59 44 45 29 70
67 99 9 48 11 74 11 40 32 64 40 12 89 0 20 48 85 85 82 85 80 59 36 39 23 74 1 92 40 8 64 90 72 64 54 49 4 53 71 44 1 94 54 21 70 98 87 79 86 34 34 29 96 58 39 45 57 91 77 1 33 70 39 79 89 5 85 16 73 9 95 64 44 8 92 55 60 93 58 70 80 100000 28 62 100000 88 68 50 17 67 27 16 47 26 45 26 7 45 33 40 0 33 75 23 17 17 10 30 93 87 92 74 12 66 84 49 90 97 27 3 51 9 60 99 10 3 80 29
45 29 36 68 60 61 29 40 7 12 66 100 34 20 0 9 73 36 79 30 12 60 93 76 56 34 94 20 5 95 9 52 25 27 7 97 19 62 12 53 2 57 99 30 91 55 82 9 78 43 99 35 61 0 40 13 93 31 12 100000 99 19 83 90 54 49 97 63 87 89 46 87 26 42 39 98 55 44 3 47 43 50 35 54 52 50 87 31 34 62 22 62 43 40 46 69 29 6 76 41 57 45 65 99 87 99 23 33 56 52 59 6 80 19 87 2 95 63 56 45 41 70 46 11 25 18 26 17
88 5 98 39 83 80 17 38 59 32 39 17 91 48 9 0 20 24 32 89 55 86 100 61 33 92 58 44 63 36 61 73 0 85 39 20 74 80 39 95 76 99 42 50 92 35 46 10 74 11 15 74 75 24 8 69 46 73 33 76 28 78 9 65 52 16 8 48 69 96 17 58 46 81 41 92 1 60 17 5 45 81 3 7 77 44 18 74 43 36 83 59 45 33 81 65 76 45 44 4 46 24 9 64 52 52 80 41 60 29 37 49 25 17 99 45 43 60 9 83 82 90 21 10 30 91 37 50
53 91 1 45 49 75 91 38 80 64 14 89 30 85 73 20 0 100 0 54 74 10 59 84 84 55 13 21 69 18 27 29 85 33 22 89 23 85 22 53 43 19 76 38 76 67 5 72 78 7 65 66 88 96 14 32 42 23 100000 28 8 70 17 9 69 29 17 53 77 56 69 5 34 18 16 11 14 61 44 60 0 73 100 63 100000 27 58 41 96 49 96 88 28 70 74 64 4 61 81 94 84 27 91 96 67 27 21 87 4 52 76 60 15 67 55 62 60 61 61 5 62 26 29 10 81 42 61 33
22 24 32 100 14 60 59 25 7 57 24 88 44 85 36 24 100 0 92 27 35 53 16 81 100000 61 36 36 94 80 31 7 14 26 43 85 93 75 31 69 79 76 66 4 7 20 91 25 82 19 25 9 56 16 31 41 79 17 88 2 5 90 74 17 80 44 47 56 91 88 18 94 46 61 80 88 92 15 3 88 84 64 19 43 20 7 98 46 45 27 25 100000 100000 18 66 76 25 12 42 6 90 65 32 73 95 83 23 51 71 84 45 17 64 12 62 28 97 21 78 7 56 69 7 20 95 14 87 70
26 1 36 7 67 15 99 73 46 88 28 50 95 82 79 32 0 92 0 43 80 61 58 98 57 24 2 99 17 2 83 95 90 75 0 90 53 80 39 32 1 21 12 57 69 2 69 98 25 36 74 17 42 23 96 30 97 61 99 51 8 82 6 5 24 76 1 19 60 3 54 84 21 95 18 90 29 12 66 31 100 19 15 72 25 60 30 91 31 67 96 58 83 34 1 25 49 72 10 88 0 19 65 9 84 9 8 87 53 69 82 9 81 24 48 82 90 31 3 50 41 16 88 16 0 52 61 91
20 85 32 22 2 51 34 62 15 73 71 76 32 85 30 89 54 27 43 0 97 99 60 99 68 15 70 26 28 18 60 42 67 72 26 41 23 43 1 89 28 52 97 8 65 34 91 42 51 91 9 26 52 72 61 93 22 60 93 14 26 53 76 61 99 28 60 16 43 80 77 68 72 2 9 53 67 22 13 84 51 27 57 63 22 56 12 50 69 64 82 47 97 38 25 17 43 85 71 52 60 6 81 66 93 99 43 28 86 24 60 74 94 82 15 72 71 36 33 61 87 82 87 32 81 94 62 64
54 11 29 60 20 97 29 87 88 15 92 4 0 80 12 55 74 35 80 97 0 50 50 14 25 94 98 46 45 2 100 68 40 59 66 77 67 40 71 25 86 2 13 74 0 25 18 57 6 34 92 72 96 32 15 67 100000 12 51 60 11 31 3 42 73 8 99 90 18 100000 45 8 48 52 80 78 42 1 93 63 4 87 84 96 84 63 14 73 71 22 29 76 13 95 37 5 95 33 23 3 9 10 62 66 30 99 87 94 89 10 37 51 45 64 97 39 49 7 100000 66 36 58 97 65 4 72 7 40
25 54 77 86 100000 42 89 80 81 20 2 98 74 59 60 86 10 53 61 99 50 0 45 2 61 25 26 59 45 43 40 5 91 64 17 28 72 3 89 67 53 15 54 64 58 81 76 16 96 100000 39 73 62 84 4 87 95 80 57 51 30 4 88 71 91 59 57 85 32 96 19 15 17 73 5 20 50 68 57 22 80 75 96 4 27 1 51 63 61 91 47 79 52 26 65 93 56 88 23 28 21 24 2 52 100 25 45 21 29 67 50 26 54 47 32 4 31 18 16 67 80 29 24 73 4 70 70 47
59 21 77 87 3 97 96 15 67 72 4 54 36 36 93 100 59 16 58 60 50 45 0 16 44 5 69 58 57 59 58 8 49 3 41 63 22 85 63 96 16 28 91 84 82 41 22 9 41 87 80 74 3 57 42 43 93 36 30 14 56 84 74 11 69 11 88 29 98 90 62 77 63 77 2 57 31 95 78 8 32 65 96 9 55 44 26 69 47 30 84 0 77 2 5 94 10 97 64 50 32 41 100000 68 57 62 12 100000 86 37 37 60 19 83 92 13 70 27 44 1 72 43 95 31 51 72 68 96
19 57 92 81 23 98 23 100 92 24 71 0 38 39 76 61 84 81 98 99 14 2 16 0 99 57 19 40 55 19 40 18 60 42 18 49 32 48 32 94 95 93 76 55 89 85 86 91 82 58 69 49 43 55 60 6 92 79 59 88 55 11 52 71 21 21 20 30 27 93 35 19 48 23 13 55 12 88 94 78 72 63 58 0 29 72 95 10 4 67 95 61 55 29 33 93 49 95 79 67 8 68 40 2 35 4 93 38 30 26 58 62 4 96 86 18 72 31 35 80 93 17 41 14 55 92 5 22
14 91 65 61 46 5 38 93 83 100000 7 80 61 23 56 33 84 100000 57 68 25 61 44 99 0 20 62 9 2 8 23 7 14 54 75 100 70 53 15 45 1 3 23 30 99 37 12 68 45 83 39 40 31 63 98 18 11 35 14 73 46 86 17 65 88 50 51 22 10 38 25 19 93 28 39 100000 79 14 23 39 51 36 88 41 27 55 96 67 27 100 55 49 88 79 65 63 19 78 95 51 92 42 97 18 69 81 45 31 61 16 34 97 34 29 58 92 90 91 39 40 56 3 49 44 19 47 61 53
78 74 17 70 77 46 100 100 22 73 100000 92 9 74 34 92 55 61 24 15 94 25 5 57 20 0 1 76 26 8 19 77 91 76 84 2 73 75 100000 68 21 78 20 51 83 18 74 60 31 2 39 66 59 94 95 19 98 86 91 68 89 94 90 52 58 53 77 84 56 31 82 86 40 10 22 55 79 85 40 66 55 91 28 97 4 13 63 40 84 61 80 37 6 38 63 84 5 20 44 42 97 35 43 32 99 58 73 70 18 19 86 36 100000 50 76 57 82 50 16 46 10 70 56 86 32 20 7 73
38 95 46 92 29 49 94 37 33 7 87 57 52 1 94 58 13 36 2 70 98 26 69 19 62 1 0 42 9 77 7 58 57 26 47 100 44 69 56 27 8 58 87 42 45 84 80 40 48 85 99 15 85 43 9 77 60 18 36 21 30 58 17 4 75 21 10 40 100000 10 85 42 22 82 86 7 48 76 9 4 78 32 29 16 2 60 79 59 47 68 67 44 7 70 8 91 25 85 58 19 3 73 50 48 77 13 95 83 100000 97 94 31 78 68 41 35 28 21 15 0 92 99 74 18 56 6 41 60
71 46 49 36 71 25 60 62 85 22 85 62 41 92 20 44 21 36 99 26 46 59 58 40 9 76 42 0 98 91 39 10 57 80 31 94 52 32 16 59 38 71 22 47 68 73 22 43 16 19 6 28 68 59 40 15 47 77 46 23 71 61 25 64 66 82 10 2 18 27 76 1 9 90 98 82 25 96 35 79 98 11 43 71 28 15 12 16 16 46 98 96 25 45 20 70 30 89 14 50 31 22 81 74 40 77 32 32 55 66 22 16 18 60 77 47 57 54 96 94 26 63 77 15 91 19 95 97
89 72 35 69 82 58 91 79 84 74 40 11 27 40 5 63 69 94 17 28 45 45 57 55 2 26 9 98 0 73 7 29 41 34 9 72 100 74 3 92 29 58 16 39 37 86 47 48 52 76 42 32 86 78 89 81 51 60 71 5 31 76 69 100000 77 62 60 14 38 65 84 38 89 26 57 3 24 19 15 92 15 91 91 84 27 76 83 66 37 20 30 79 67 1 60 80 74 41 68 98 87 97 100 74 96 88 76 43 29 52 71 93 37 23 32 38 37 34 32 17 56 8 48 85 43 46 37 41
22 41 82 91 11 67 73 67 86 26 4 24 37 8 95 36 18 80 2 18 2 43 59 19 8 8 77 91 73 0 42 8 90 86 60 19 11 75 7 87 99 2 97 0 4 79 1 47 4 5 12 55 82 10 3 100 87 83 63 76 38 81 31 40 20 89 29 81 29 98 100 41 95 42 81 98 23 33 65 85 46 35 91 57 46 22 40 5 60 10 16 88 71 53 46 82 27 20 52 97 85 84 48 88 93 40 33 38 30 28 2 31 50 97 5 36 19 3 18 15 50 79 62 94 3 69 85 42
10 72 98 12 43 29 99 91 35 0 28 78 57 64 9 61 27 31 83 60 100 40 58 40 23 19 7 39 7 42 0 71 52 72 77 62 76 23 62 43 35 42 75 5 20 33 56 29 100 40 25 100 29 89 77 13 20 29 88 73 5 82 4 99 85 11 28 91 61 39 96 9 41 54 10 87 64 84 90 63 85 44 70 12 73 62 46 93 47 89 61 2 74 31 83 1 57 95 54 18 27 39 16 29 94 78 35 21 92 69 53 78 91 86 33 24 69 68 82 11 100 78 3 77 11 16 69 68
50 61 36 88 83 92 100000 4 15 71 11 62 47 90 52 73 29 7 95 42 68 5 8 18 7 77 58 10 29 8 71 0 50 9 7 98 75 20 9 71 83 50 92 43 33 44 63 72 70 14 82 45 63 87 0 56 91 75 52 89 4 15 100 77 67 88 41 6 90 42 92 1 35 45 81 66 13 20 31 66 7 80 14 85 94 10 40 76 15 97 99 72 36 21 90 76 41 11 94 59 50 30 12 81 27 80 64 44 88 36 92 72 93 7 63 57 79 55 94 79 54 11 8 9 71 37 54 59
38 37 53 84 33 20 30 100 51 51 51 19 27 72 25 0 85 14 90 67 40 91 49 60 14 91 57 57 41 90 52 50 0 89 73 71 32 34 84 56 44 78 95 49 84 48 45 58 8 60 18 66 84 16 80 67 82 68 19 49 13 38 90 100 44 55 14 62 97 68 8 87 79 11 82 54 17 40 46 33 39 21 20 18 50 7 73 39 5 47 4 63 46 6 47 3 59 52 11 72 23 35 92 48 27 62 91 61 49 69 82 76 74 54 9 82 87 64 3 4 3 0 90 91 34 65 80 7
3 82 1 32 80 0 38 93 52 74 92 36 60 64 27 85 33 26 75 72 59 64 3 42 54 76 26 80 34 86 72 9 89 0 57 79 44 78 78 94 82 34 5 35 12 2 8 89 64 19 33 87 37 4 42 86 84 48 0 12 16 74 45 99 58 54 10 75 23 37 77 83 3 94 60 50 69 13 25 35 67 10 96 43 64 85 34 29 29 74 93 26 82 100 19 84 25 29 72 98 26 39 64 22 90 26 2 24 90 42 7 100000 25 86 60 93 39 37 14 73 92 3 6 71 34 21 44 60
11 29 6 85 18 63 73 56 86 62 65 77 20 54 7 39 22 43 0 26 66 17 41 18 75 84 47 31 9 60 77 7 73 57 0 4 68 83 30 86 49 93 4 81 48 1 52 78 10 74 83 69 4 75 25 36 100000 52 9 79 60 50 100000 5 84 5 100 24 99 37 89 23 65 49 69 77 38 45 46 93 52 21 93 71 77 9 84 4 37 39 67 97 53 47 91 8 23 50 88 67 40 63 22 72 37 57 24 55 48 42 57 13 0 92 48 89 86 71 24 89 3 95 31 86 34 74 67 64
28 75 38 98 16 70 8 71 93 89 15 65 28 49 97 20 89 85 90 41 77 28 63 49 100 2 100 94 72 19 62 98 71 79 4 0 0 5 25 66 84 11 34 52 22 26 9 3 88 24 62 26 61 36 93 72 20 88 89 42 42 9 8 100 16 36 73 95 77 23 1 37 5 14 51 34 30 6 13 72 62 46 96 65 1 100 18 11 12 4 88 57 49 49 39 5 46 88 77 65 82 53 76 25 28 96 33 95 10 86 100 39 76 28 37 42 71 88 16 34 35 55 52 24 67 2 69 63
82 39 85 42 28 78 1 2 93 90 52 28 29 4 19 74 23 93 53 23 67 72 22 32 70 73 44 52 100 11 76 75 32 44 68 0 0 74 13 47 18 20 88 43 30 24 53 40 9 93 75 73 7 51 55 4 33 63 33 32 43 25 12 78 49 42 47 77 19 42 13 90 43 8 38 97 50 57 50 32 35 85 83 16 5 14 68 95 25 2 46 55 5 25 72 24 71 47 71 5 37 11 39 98 18 7 71 4 65 13 57 25 30 92 58 83 11 22 86 76 35 26 100000 54 88 58 31 18
42 3 74 26 51 70 44 96 68 100 7 41 22 53 62 80 85 75 80 43 40 3 85 48 53 75 69 32 74 75 23 20 34 78 83 5 74 0 6 6 64 14 70 17 74 34 49 86 76 8 64 99 100000 90 52 24 51 15 26 77 100 31 88 63 59 29 27 16 54 58 57 36 29 83 67 45 63 71 51 54 79 27 76 96 85 0 65 67 21 67 8 48 22 47 30 36 53 97 87 5 85 11 44 57 53 91 74 82 36 90 72 40 90 86 42 22 12 33 71 53 100 5 54 27 12 89 49 97
91 83 20 2 32 46 60 15 23 31 84 100 12 71 12 39 22 31 39 1 71 89 63 32 15 100000 56 16 3 7 62 9 84 78 30 25 13 6 0 94 45 89 35 47 85 87 74 96 75 78 57 62 93 6 21 84 86 94 59 61 46 24 76 42 27 35 28 56 55 43 78 71 95 40 71 24 28 36 55 16 43 23 81 79 30 50 36 93 58 51 15 48 63 41 14 96 48 46 85 82 36 65 53 9 48 84 37 49 96 84 55 47 78 58 47 43 15 20 54 12 73 49 64 0 28 70 59 43
28 92 24 72 61 77 1 48 73 91 79 100 6 44 53 95 53 69 32 89 25 67 96 94 45 68 27 59 92 87 43 71 56 94 86 66 47 6 94 0 50 80 69 33 96 9 79 48 19 85 26 85 84 81 52 56 85 6 0 32 16 51 67 27 14 31 78 48 29 14 19 83 66 7 24 98 58 89 83 8 1 0 50 26 4 48 13 64 8 57 52 67 49 45 30 77 49 87 99 69 43 36 75 10 39 41 36 36 28 40 91 19 12 80 81 85 10 30 98 8 20 95 3 55 99 5 28 18
15 43 4 23 27 13 78 31 45 33 36 29 3 1 2 76 43 79 1 28 86 53 16 95 1 21 8 38 29 99 35 83 44 82 49 84 18 64 45 50 0 88 82 94 86 51 36 88 74 77 88 34 42 43 76 34 88 68 53 46 67 43 61 17 60 41 63 20 72 85 50 1 33 72 63 97 80 15 57 13 96 52 78 87 73 91 100 20 76 52 94 23 25 36 19 40 48 74 100000 90 48 92 2 62 42 73 33 78 64 98 93 100000 33 48 59 17 41 32 5 9 59 70 25 2 69 27 99 55
20 25 60 33 13 83 18 62 23 88 1 20 78 94 57 99 19 76 21 52 2 15 28 93 3 78 58 71 58 2 42 50 78 34 93 11 20 14 89 80 88 0 94 9 100 44 20 55 57 0 3 22 60 68 30 85 33 95 54 11 41 32 65 80 13 68 91 31 48 98 26 41 24 78 98 98 83 11 86 52 18 8 83 9 68 88 51 12 66 31 41 47 72 11 22 18 99 63 57 64 12 38 48 28 17 27 46 16 75 34 96 87 40 30 87 32 10 93 53 86 27 12 87 52 48 15 76 16
15 36 56 11 82 74 42 90 73 38 39 1 11 54 99 42 76 66 12 97 13 54 91 76 23 20 87 22 16 97 75 92 95 5 4 34 88 70 35 69 82 94 0 50 43 100 44 95 34 64 100000 32 100 62 32 43 15 87 21 76 25 4 65 75 67 61 19 21 35 62 40 93 87 15 93 62 18 53 72 8 3 77 76 11 22 48 29 90 23 11 40 0 55 84 27 75 75 64 60 35 39 83 16 48 72 55 70 72 38 36 31 28 37 44 94 5 61 21 38 17 47 64 55 36 0 39 2 64
19 48 90 24 5 19 100 54 41 94 40 42 84 21 30 50 38 4 57 8 74 64 84 55 30 51 42 47 39 0 5 43 49 35 81 52 43 17 47 33 94 9 50 0 20 85 94 92 18 48 16 24 63 26 6 2 1 53 43 63 40 88 31 24 9 46 73 82 72 49 43 24 99 53 17 67 96 51 76 74 83 86 97 63 24 98 31 92 89 29 57 23 23 5 42 25 76 73 13 5 81 45 73 0 35 54 89 89 97 67 9 54 88 59 92 80 97 50 38 30 87 93 24 54 85 65 27 16
53 45 88 12 25 100000 67 39 24 44 12 69 8 70 91 92 76 7 69 65 0 58 82 89 99 83 45 68 37 4 20 33 84 12 48 22 30 74 85 96 86 100 43 20 0 54 41 54 35 65 53 60 80 7 35 67 23 14 41 55 92 31 89 84 0 20 82 7 43 72 81 75 33 22 36 34 18 40 26 5 93 92 95 76 32 86 69 11 75 20 40 2 71 65 42 21 22 25 52 93 56 5 24 34 44 51 94 5 70 64 23 93 15 9 64 74 70 9 48 76 51 29 56 97 46 5 64 45
82 1 24 95 63 49 86 30 76 43 94 28 96 98 55 35 67 20 2 34 25 81 41 85 37 18 84 73 86 79 33 44 48 2 1 26 24 34 87 9 51 44 100 85 54 0 25 49 68 2 29 13 75 89 35 99 30 79 19 42 16 1 82 33 12 41 75 93 78 46 10 11 11 26 43 33 50 74 81 38 63 24 38 59 77 82 69 42 5 46 67 67 34 12 79 18 86 92 98 60 75 72 69 92 12 60 68 41 48 63 48 77 51 76 31 77 89 15 66 3 41 65 72 41 76 88 31 78
26 69 1 34 100000 16 75 19 87 9 100 24 52 87 82 46 5 91 69 91 18 76 22 86 12 74 80 22 47 1 56 63 45 8 52 9 53 49 74 79 36 20 44 94 41 25 0 82 13 56 77 7 87 81 76 73 56 67 70 59 58 70 25 92 33 46 2 26 46 25 5 88 73 82 57 59 61 76 96 99 40 65 80 57 2 59 34 64 13 38 25 80 60 69 95 6 80 12 52 19 78 26 29 66 11 47 99 43 3 16 28 13 73 69 70 27 42 74 94 42 16 29 18 90 67 66 90 10
1 50 15 83 14 84 73 60 19 61 48 28 84 79 9 10 72 25 98 42 57 16 9 91 68 60 40 43 48 47 29 72 58 89 78 3 40 86 96 48 88 55 95 92 54 49 82 0 91 39 9 81 63 18 3 87 100000 94 63 59 81 43 9 44 48 96 68 78 71 89 63 22 40 69 85 64 91 18 16 85 4 53 47 32 51 33 40 90 76 70 34 54 24 75 52 95 14 59 61 84 61 27 4 96 73 21 44 70 13 67 1 64 39 1 100 67 93 65 87 11 31 78 85 90 39 39 71 10
100 49 69 82 78 34 75 40 53 87 92 76 32 86 78 74 78 82 25 51 6 96 41 82 45 31 48 16 52 4 100 70 8 64 10 88 9 76 75 19 74 57 34 18 35 68 13 91 0 42 64 61 12 48 41 12 11 16 99 28 32 18 33 45 90 44 12 92 21 69 18 17 92 10 6 25 76 53 77 51 98 20 34 75 10 43 90 48 77 48 33 13 72 10 57 77 72 20 79 45 72 52 100000 90 95 61 90 69 67 46 40 28 77 78 38 51 40 49 35 6 20 77 14 23 49 53 11 29
66 74 8 84 87 26 60 59 29 52 14 36 20 34 43 11 7 19 36 91 34 100000 87 58 83 2 85 19 76 5 40 14 60 19 74 24 93 8 78 85 77 0 64 48 65 2 56 39 42 0 29 12 92 13 96 96 96 93 53 11 73 49 80 8 9 62 93 37 66 84 71 14 43 10 40 15 99 42 9 8 22 38 8 93 76 28 59 56 1 15 23 56 45 53 38 85 60 16 62 1 62 1 95 30 42 58 21 71 98 85 45 93 58 75 16 57 84 66 95 100 61 98 8 58 41 71 0 51
27 88 78 66 93 35 81 9 70 83 80 84 15 34 99 15 65 25 74 9 92 39 80 69 39 39 99 6 42 12 25 82 18 33 83 62 75 64 57 26 88 3 100000 16 53 29 77 9 64 29 0 78 80 82 41 69 29 35 76 56 100 22 14 74 66 65 56 0 90 7 18 81 64 66 96 70 16 28 66 11 92 9 78 46 49 13 84 64 26 95 69 47 57 44 90 4 64 100000 10 25 95 10 12 74 95 80 88 52 16 20 9 64 30 27 24 45 5 42 6 100000 77 20 15 6 55 65 18 92
49 57 54 7 73 88 51 91 58 74 91 89 27 29 35 74 66 9 17 26 72 73 74 49 40 66 15 28 32 55 100 45 66 87 69 26 73 99 62 85 34 22 32 24 60 13 7 81 61 12 78 0 57 74 76 5 7 91 11 13 66 44 77 73 87 73 27 48 98 99 76 5 57 49 30 78 62 65 81 46 46 29 35 15 70 63 100000 11 33 22 44 24 95 39 26 88 51 37 48 81 81 77 37 89 25 97 16 100000 91 70 26 39 67 77 36 75 28 99 72 33 71 72 11 8 69 83 36 63
65 41 43 45 64 14 27 6 12 77 75 11 97 96 61 75 88 56 42 52 96 62 3 43 31 59 85 68 86 82 29 63 84 37 4 61 7 100000 93 84 42 60 100 63 80 75 87 63 12 92 80 57 0 61 59 71 98 43 4 81 36 15 2 42 6 70 81 1 39 68 32 26 12 45 82 32 43 67 14 46 27 47 89 52 78 77 4 11 62 10 54 10 21 74 47 95 50 95 33 100000 4 63 22 88 69 57 3 69 7 92 6 69 70 78 46 5 100 40 69 78 39 63 20 91 99 20 83 100
59 84 18 8 10 26 38 61 93 63 73 39 68 58 0 24 96 16 23 72 32 84 57 55 63 94 43 59 78 10 89 87 16 4 75 36 51 90 6 81 43 68 62 26 7 89 81 18 48 13 82 74 61 0 97 61 98 12 48 16 24 37 42 97 67 51 90 77 56 47 75 6 98 1 63 2 93 59 16 6 42 93 100000 13 53 100 67 5 42 99 76 17 8 81 97 71 76 27 1 56 86 70 47 78 94 3 46 27 62 55 40 54 45 14 23 37 23 80 9 9 70 27 12 19 95 31 25 7
31 40 76 74 86 21 48 26 15 24 91 67 9 39 40 8 14 31 96 61 15 4 42 60 98 95 9 40 89 3 77 0 80 42 25 93 55 52 21 52 76 30 32 6 35 35 76 3 41 96 41 76 59 97 0 47 27 70 57 28 88 40 81 58 92 48 90 37 70 97 45 2 21 88 15 94 3 56 33 53 100000 21 75 59 59 87 78 63 98 5 95 79 20 32 62 67 26 53 91 27 20 1 44 94 85 60 66 77 95 93 32 9 34 12 20 25 33 52 83 42 90 71 85 62 38 94 85 60
91 16 55 7 68 10 85 94 17 2 48 75 53 45 13 69 32 41 30 93 67 87 43 6 18 19 77 15 81 100 13 56 67 86 36 72 4 24 84 56 34 85 43 2 67 99 73 87 12 96 69 5 71 61 47 0 25 45 100000 74 42 95 51 40 68 46 93 9 79 70 78 100000 63 55 6 57 40 68 79 66 84 22 60 92 92 31 2 54 23 60 12 56 28 11 17 33 35 80 44 25 60 51 86 45 7 12 9 23 66 17 22 35 60 88 74 12 22 74 93 61 87 38 17 86 30 50 6 0
23 83 39 55 61 47 98 97 5 59 20 98 50 57 93 46 42 79 97 22 100000 95 93 92 11 98 60 47 51 87 20 91 82 84 100000 20 33 51 86 85 88 33 15 1 23 30 56 100000 11 96 29 7 98 98 27 25 0 80 83 51 93 95 76 26 49 62 27 97 64 68 85 1 60 96 0 6 68 62 2 87 43 58 39 84 22 28 89 18 29 25 65 98 29 30 83 40 18 47 84 25 77 54 6 68 79 22 97 39 68 73 100 79 93 50 57 100000 72 62 73 14 72 55 90 74 75 22 10 6
82 59 79 69 41 95 27 87 41 85 21 51 64 91 31 73 23 17 61 60 12 80 36 79 35 86 18 77 60 83 29 75 68 48 52 88 63 15 94 6 68 95 87 53 14 79 67 94 16 93 35 91 43 12 70 45 80 0 86 45 32 69 33 66 48 15 9 29 66 62 87 53 73 50 99 100 100000 45 52 70 28 56 76 71 2 86 27 73 84 78 86 90 19 67 87 33 30 9 57 12 75 30 89 49 47 52 31 56 42 33 43 85 86 74 88 93 95 92 38 44 78 72 51 84 92 37 61 83
66 86 75 40 81 83 1 39 20 27 71 89 35 77 12 33 100000 88 99 93 51 57 30 59 14 91 36 46 71 63 88 52 19 0 9 89 33 26 59 0 53 54 21 43 41 19 70 63 99 53 76 11 4 48 57 100000 83 86 0 66 80 93 33 71 32 17 37 76 84 28 88 45 94 92 99 24 18 91 7 74 57 82 31 51 10 68 40 86 76 79 75 76 5 55 41 24 76 39 32 54 39 61 74 28 66 45 86 28 26 62 93 33 94 77 100 48 37 57 87 100000 0 77 28 28 91 45 33 10
19 1 92 47 40 10 100000 9 5 38 68 18 51 1 100000 76 28 2 51 14 60 51 14 88 73 68 21 23 5 76 73 89 49 12 79 42 32 77 61 32 46 11 76 63 55 42 59 59 28 11 56 13 81 16 28 74 51 45 66 0 2 78 30 20 100 89 70 58 76 33 74 9 52 97 35 64 13 52 39 96 64 78 68 55 5 100 17 42 68 65 11 28 36 80 16 88 6 19 65 84 49 2 7 95 18 42 27 32 74 40 56 49 35 13 100000 77 86 65 16 41 91 40 5 18 11 89 96 12
10 33 75 17 21 88 48 16 83 24 85 94 80 33 99 28 8 5 8 26 11 30 56 55 46 89 30 71 31 38 5 4 13 16 60 42 43 100 46 16 67 41 25 40 92 16 58 81 32 73 100 66 36 24 88 42 93 32 80 2 0 40 38 90 70 86 84 19 61 20 47 87 75 94 91 31 99 40 23 45 85 81 94 62 9 1 70 86 99 79 21 11 52 90 78 65 13 46 22 68 69 99 91 10 30 10 31 38 4 65 40 2 69 56 69 100 100 62 42 73 49 45 29 62 99 69 85 33
95 54 90 40 54 69 99 63 60 87 76 48 15 70 19 78 70 90 82 53 31 4 84 11 86 94 58 61 76 81 82 15 38 74 50 9 25 31 24 51 43 32 4 88 31 1 70 43 18 49 22 44 15 37 40 95 95 69 93 78 40 0 27 95 41 26 57 48 62 58 72 50 48 31 28 61 0 52 6 93 51 5 77 83 95 39 34 44 48 42 23 26 40 72 98 6 44 92 92 91 40 16 91 74 71 80 64 34 18 23 11 17 23 69 14 89 64 79 91 60 81 91 78 56 63 35 23 20
56 32 87 6 25 69 93 81 28 49 46 82 12 39 83 9 17 74 6 76 3 88 74 52 17 90 17 25 69 31 4 100 90 45 100000 8 12 88 76 67 61 65 65 31 89 82 25 9 33 80 14 77 2 42 81 51 76 33 33 30 38 27 0 17 78 30 20 51 99 60 93 79 20 50 20 99 33 95 9 1 75 81 74 65 64 8 19 56 39 7 49 59 4 87 36 78 92 41 51 72 3 4 43 16 80 74 44 43 95 9 47 91 66 25 80 95 60 32 38 55 64 58 48 63 3 18 54 56
93 64 89 81 73 6 53 80 25 1 97 93 85 79 90 65 9 17 5 61 42 71 11 71 65 52 4 64 100000 40 99 77 100 99 5 100 78 63 42 27 17 80 75 24 84 33 92 44 45 8 74 73 42 97 58 40 26 66 71 20 90 95 17 0 68 86 55 61 52 76 22 90 84 42 24 28 20 52 3 85 7 97 75 75 75 81 60 62 28 63 58 90 56 48 16 11 81 1 63 100000 39 34 97 15 54 28 88 46 84 60 71 3 22 64 9 40 46 71 38 44 18 10 53 4 44 71 70 99
86 98 19 100000 7 88 27 40 64 43 99 4 23 89 54 52 69 80 24 99 73 91 69 21 88 58 75 66 77 20 85 67 44 58 84 16 49 59 27 14 60 13 67 9 0 12 33 48 90 9 66 87 6 67 92 68 49 48 32 100 70 41 78 68 0 71 37 27 91 9 1 9 29 98 37 87 4 92 92 12 49 77 28 4 90 94 63 79 30 44 90 32 30 10 100000 7 99 60 13 29 24 2 52 50 93 60 54 77 89 48 47 9 73 7 92 2 34 15 100000 57 40 20 65 45 9 81 34 4
8 26 38 69 96 48 30 48 33 24 60 55 93 5 49 16 29 44 76 28 8 59 11 21 50 53 21 82 62 89 11 88 55 54 5 36 42 29 35 31 41 68 61 46 20 41 46 96 44 62 65 73 70 51 48 46 62 15 17 89 86 26 30 86 71 0 27 45 58 34 63 27 5 91 39 71 76 92 55 2 53 3 35 15 100000 87 13 4 95 59 64 91 96 68 90 8 5 83 97 50 75 24 92 99 10 59 50 11 20 73 41 37 92 36 72 81 47 74 7 38 91 91 58 55 99 32 25 33
19 24 20 75 50 37 33 66 23 8 62 49 49 85 97 8 17 47 1 60 99 57 88 20 51 77 10 10 60 29 28 41 14 10 100 73 47 27 28 78 63 91 19 73 82 75 2 68 12 93 56 27 81 90 90 93 27 9 37 70 84 57 20 55 37 27 0 51 35 53 45 53 44 53 19 21 46 58 11 62 7 80 22 8 11 10 77 92 83 98 29 100000 73 28 94 56 72 82 23 29 30 64 38 33 49 93 38 5 33 3 37 98 40 42 15 31 90 63 1 7 7 63 26 36 6 47 19 23
75 16 75 3 96 97 19 50 29 86 58 49 29 16 63 48 53 56 19 16 90 85 29 30 22 84 40 2 14 81 91 6 62 75 24 95 77 16 56 48 20 31 21 82 7 93 26 78 92 37 0 48 1 77 37 9 97 29 76 58 19 48 51 61 27 45 51 0 31 67 11 72 78 43 100 45 98 84 21 84 28 45 40 26 55 42 100 3 34 17 3 37 84 82 59 74 76 48 89 85 89 26 95 60 4 23 12 42 9 40 19 87 57 25 17 93 33 95 66 35 12 22 82 99 66 73 91 32
32 34 89 97 59 17 48 91 4 53 45 46 29 73 87 69 77 91 60 43 18 32 98 27 10 56 100000 18 38 29 61 90 97 23 99 77 19 54 55 29 72 48 35 72 43 78 46 71 21 66 90 98 39 56 70 79 64 66 84 76 61 62 99 52 91 58 35 31 0 9 46 14 59 50 34 97 17 62 65 40 67 32 87 28 25 99 93 3 59 24 9 5 100000 59 68 5 84 74 37 22 83 58 90 32 57 56 93 67 100 44 5 91 96 97 93 11 97 16 71 25 65 36 92 64 100 10 65 42
26 66 23 26 15 87 14 44 28 8 69 79 72 9 89 96 56 88 3 80 100000 96 90 93 38 31 10 27 65 98 39 42 68 37 37 23 42 58 43 14 85 98 62 49 72 46 25 89 69 84 7 99 68 47 97 70 68 62 28 33 20 58 60 76 9 34 53 67 9 0 100 60 63 10 67 44 8 27 91 35 22 43 38 100000 51 68 65 44 45 56 38 55 15 29 95 87 65 95 91 49 87 50 100 96 47 76 36 51 54 16 24 84 75 59 19 18 72 27 90 66 48 83 87 99 91 25 33 7
0 87 23 78 52 8 83 98 76 84 91 78 67 95 46 17 69 18 54 77 45 19 62 35 25 82 85 76 84 100 96 92 8 77 89 1 13 57 78 19 50 26 40 43 81 10 5 63 18 71 18 76 32 75 45 78 85 87 88 74 47 72 93 22 1 63 45 11 46 100 0 80 56 31 39 24 55 63 100000 0 52 83 46 48 27 73 36 55 50 91 6 10 4 61 18 56 2 85 80 3 3 49 72 48 71 97 12 82 30 30 71 84 14 78 30 25 8 23 60 60 85 41 53 42 99 87 38 48
54 74 41 30 25 78 90 12 81 97 9 66 24 64 87 58 5 94 84 68 8 15 77 19 19 86 42 1 38 41 9 1 87 83 23 37 90 36 71 83 1 41 93 24 75 11 88 22 17 14 81 5 26 6 2 100000 1 53 45 9 87 50 79 90 9 27 53 72 14 60 80 0 85 59 43 27 4 42 78 20 39 71 74 94 58 39 68 50 82 80 82 55 66 40 35 7 100 21 10 27 45 89 39 20 46 30 62 28 60 36 90 35 70 59 40 15 57 54 75 41 54 31 62 69 47 67 50 22
42 7 9 68 28 63 74 24 17 70 34 77 9 44 26 46 34 46 21 72 48 17 63 48 93 40 22 9 89 95 41 35 79 3 65 5 43 29 95 66 33 24 87 99 33 11 73 40 92 43 64 57 12 98 21 63 60 73 94 52 75 48 20 84 29 5 44 78 59 63 56 85 0 48 57 77 36 88 19 31 81 30 4 45 23 74 100000 61 74 27 40 74 34 17 48 41 24 72 36 72 35 17 38 79 25 66 53 68 47 41 76 44 51 47 73 19 63 51 70 85 97 52 55 100 8 69 96 31
95 91 13 47 22 68 32 76 97 90 6 78 42 8 42 81 18 61 95 2 52 73 77 23 28 10 82 90 26 42 54 45 11 94 49 14 8 83 40 7 72 78 15 53 22 26 82 69 10 10 66 49 45 1 88 55 96 50 92 97 94 31 50 42 98 91 53 43 50 10 31 59 48 0 88 61 68 74 90 36 81 35 44 11 95 62 13 44 60 95 37 59 62 21 0 76 62 48 9 7 96 54 14 24 56 54 29 13 9 83 8 17 95 74 35 25 16 93 12 97 62 100 45 8 6 91 82 100000
5 7 15 65 15 80 55 66 74 29 69 75 58 92 39 41 16 80 18 9 80 5 2 13 39 22 86 98 57 81 10 81 82 60 69 51 38 67 71 24 63 98 93 17 36 43 57 85 6 40 96 30 82 63 15 6 0 99 99 35 91 28 20 24 37 39 19 100 34 67 39 43 57 88 0 5 24 62 50 26 99 52 3 89 24 42 9 93 13 81 30 14 5 32 80 9 65 23 63 21 28 77 11 11 95 47 83 62 2 79 74 51 24 19 4 95 22 23 44 47 36 54 97 92 13 52 44 42
26 35 66 80 21 33 47 98 26 38 37 31 72 55 98 92 11 88 90 53 78 20 57 55 100000 55 7 82 3 98 87 66 54 50 77 34 97 45 24 98 97 98 62 67 34 33 59 64 25 15 70 78 32 2 94 57 6 100 24 64 31 61 99 28 87 71 21 45 97 44 24 27 77 61 5 0 74 98 48 67 51 53 78 90 31 77 21 15 1 76 89 91 28 64 70 30 66 29 21 61 10 100 23 30 75 86 83 77 92 56 27 100000 49 48 39 37 26 75 42 42 67 100000 69 100 85 87 67 93
12 44 85 6 36 44 88 19 20 88 66 8 65 60 55 1 14 92 29 67 42 50 31 12 79 79 48 25 24 23 64 13 17 69 38 30 50 63 28 58 80 83 18 96 18 50 61 91 76 99 16 62 43 93 3 40 68 100000 18 13 99 0 33 20 4 76 46 98 17 8 55 4 36 68 24 74 0 40 87 95 34 18 88 59 47 14 44 32 2 92 55 23 88 28 1 51 19 49 21 22 90 36 15 3 33 88 94 25 94 77 32 18 4 45 76 73 67 29 6 74 62 43 91 89 63 35 12 72
81 58 65 63 82 21 36 93 26 49 48 54 49 93 44 60 61 15 12 22 1 68 95 88 14 85 76 96 19 33 84 20 40 13 45 6 57 71 36 89 15 11 53 51 40 74 76 18 53 42 28 65 67 59 56 68 62 45 91 52 40 52 95 52 92 92 58 84 62 27 63 42 88 74 62 98 40 0 13 16 54 67 40 10 63 10 66 56 67 82 84 19 17 18 8 50 15 9 21 7 29 94 58 68 33 19 78 66 4 63 46 100000 55 47 38 35 97 6 6 81 20 18 25 48 12 82 42 34
41 45 13 29 78 73 45 70 92 6 59 63 31 58 3 17 44 3 66 13 93 57 78 94 23 40 9 35 15 65 90 31 46 25 46 13 50 51 55 83 57 86 72 76 26 81 96 16 77 9 66 81 14 16 33 79 2 52 7 39 23 6 9 3 92 55 11 21 65 91 100000 78 19 90 50 48 87 13 0 93 96 89 6 41 10 46 8 36 16 77 17 42 100 59 27 17 67 85 41 80 85 1 22 28 13 42 82 91 83 71 51 38 97 12 43 70 3 39 69 90 76 34 15 39 25 56 61 61
10 40 5 14 79 73 14 12 49 83 88 35 61 70 47 5 60 88 31 84 63 22 8 78 39 66 4 79 92 85 63 66 33 35 93 72 32 54 16 8 13 52 8 74 5 38 99 85 51 8 11 46 46 6 53 66 87 70 74 96 45 93 1 85 12 2 62 84 40 35 0 20 31 36 26 67 95 16 93 0 95 82 89 26 84 20 3 10 47 24 36 9 1 43 6 58 55 71 89 7 26 5 74 50 92 18 7 7 31 81 1 31 14 79 84 25 24 21 14 23 98 13 79 42 87 58 81 30
12 90 15 98 22 49 30 3 0 27 79 33 91 80 43 45 0 84 100 51 4 80 32 72 51 55 78 98 15 46 85 7 39 67 52 62 35 79 43 1 96 18 3 83 93 63 40 4 98 22 92 46 27 42 100000 84 43 28 57 64 85 51 75 7 49 53 7 28 67 22 52 39 81 81 99 51 34 54 96 95 0 65 61 17 53 50 0 91 4 34 52 4 59 18 29 33 25 4 92 88 62 27 26 59 77 90 68 98 49 51 53 27 30 87 91 97 76 12 7 56 57 49 55 44 64 52 99 19
100 37 49 92 46 99 28 100 64 1 40 17 86 100000 50 81 73 64 19 27 87 75 65 63 36 91 32 11 91 35 44 80 21 10 21 46 85 27 23 0 52 8 77 86 92 24 65 53 20 38 9 29 47 93 21 22 58 56 82 78 81 5 81 97 77 3 80 45 32 43 83 71 30 35 52 53 18 67 89 82 65 0 41 5 41 15 44 98 22 98 85 76 19 50 45 100000 55 97 66 70 27 61 45 58 91 73 87 53 94 78 2 88 62 13 10 90 15 29 18 2 79 41 69 19 16 92 4 19
28 59 91 30 10 90 72 71 27 53 91 6 9 28 35 3 100 19 15 57 84 96 96 58 88 28 29 43 91 91 70 14 20 96 93 96 83 76 81 50 78 83 76 97 95 38 80 47 34 8 78 35 89 100000 75 60 39 76 31 68 94 77 74 75 28 35 22 40 87 38 46 74 4 44 3 78 88 40 6 89 61 41 0 24 91 53 36 29 54 93 10 30 16 46 98 45 69 6 11 23 69 91 70 39 100 82 86 70 73 40 69 24 34 1 88 56 21 12 26 66 4 50 7 73 5 69 52 14
2 64 55 54 63 99 34 89 26 53 25 7 6 62 54 7 63 43 72 63 96 4 9 0 41 97 16 71 84 57 12 85 18 43 71 65 16 96 79 26 87 9 11 63 76 59 57 32 75 93 46 15 52 13 59 92 84 71 51 55 62 83 65 75 4 15 8 26 28 100000 48 94 45 11 89 90 59 10 41 26 17 5 24 0 51 48 35 3 44 1 25 33 78 56 97 61 78 82 24 15 13 60 89 77 11 37 28 30 66 20 28 97 27 13 82 34 28 41 3 96 31 40 99 62 37 78 50 47
26 33 70 32 43 12 69 14 74 96 24 85 75 100000 52 77 100000 20 25 22 84 27 55 29 27 4 2 28 27 46 73 94 50 64 77 1 5 85 30 4 73 68 22 24 32 77 2 51 10 76 49 70 78 53 59 92 22 2 10 5 9 95 64 75 90 100000 11 55 25 51 27 58 23 95 24 31 47 63 10 84 53 41 91 51 0 67 62 45 22 11 88 94 4 18 41 48 58 13 85 39 44 5 64 93 2 90 26 54 7 56 16 40 48 78 84 74 52 8 50 38 60 58 79 14 82 50 94 43
85 0 3 78 79 12 65 56 11 90 78 64 42 88 50 44 27 7 60 56 63 1 44 72 55 13 60 15 76 22 62 10 7 85 9 100 14 0 50 48 91 88 48 98 86 82 59 33 43 28 13 63 77 100 87 31 28 86 68 100 1 39 8 81 94 87 10 42 99 68 73 39 74 62 42 77 14 10 46 20 50 15 53 48 67 0 88 54 81 40 55 5 74 29 75 8 80 40 66 4 97 90 12 67 93 34 76 23 64 2 100 35 13 6 16 11 86 78 22 25 16 80 58 52 1 47 27 55
69 4 58 49 100000 25 32 48 20 50 40 88 94 68 87 18 58 98 30 12 14 51 26 95 96 63 79 12 83 40 46 40 73 34 84 18 68 65 36 13 100 51 29 31 69 69 34 40 90 59 84 100000 4 67 78 2 89 27 40 17 70 34 19 60 63 13 77 100 93 65 36 68 100000 13 9 21 44 66 8 3 0 44 36 35 62 88 0 60 58 11 45 65 16 21 69 54 12 21 34 97 79 67 23 41 56 38 10 11 79 62 59 53 48 6 84 95 50 31 29 85 33 31 3 54 94 33 12 75
51 72 91 6 8 81 38 100000 61 68 43 58 97 50 31 74 41 46 91 50 73 63 69 10 67 40 59 16 66 5 93 76 39 29 4 11 95 67 93 64 20 12 90 92 11 42 64 90 48 56 64 11 11 5 63 54 18 73 86 42 86 44 56 62 79 4 92 3 3 44 55 50 61 44 93 15 32 56 36 10 91 98 29 3 45 54 60 0 49 37 84 84 38 15 31 79 21 40 0 29 62 80 98 23 26 19 78 20 59 96 71 100000 98 21 86 92 31 49 67 14 28 5 94 61 12 41 28 98
63 12 32 97 8 20 36 17 47 100 59 53 54 17 34 43 96 45 31 69 71 61 47 4 27 84 47 16 37 60 47 15 5 29 37 12 25 21 58 8 76 66 23 89 75 5 13 76 77 1 26 33 62 42 98 23 29 84 76 68 99 48 39 28 30 95 83 34 59 45 50 82 74 60 13 1 2 67 16 47 4 22 54 44 22 81 58 49 0 41 14 90 47 16 69 10 92 97 77 38 67 15 25 29 69 76 22 37 61 7 70 21 75 94 68 14 18 64 51 86 90 69 59 14 15 93 53 6
89 81 70 94 79 89 42 99 77 72 96 82 51 67 62 36 49 27 67 64 22 91 30 67 100 61 68 46 20 10 89 97 47 74 39 4 2 67 51 57 52 31 11 29 20 46 38 70 48 15 95 22 10 99 5 60 25 78 79 65 79 42 7 63 44 59 98 17 24 56 91 80 27 95 81 76 92 82 77 24 34 98 93 1 11 40 11 37 41 0 33 53 99 12 79 36 71 49 0 100000 13 46 64 28 64 66 30 35 38 68 87 96 60 25 97 83 66 56 32 13 28 25 92 21 7 100 3 56
69 7 0 81 13 75 59 45 59 7 5 83 30 27 22 83 96 25 96 82 29 47 84 95 55 80 67 98 30 16 61 99 4 93 67 88 46 8 15 52 94 41 40 57 40 67 25 34 33 23 69 44 54 76 95 12 65 86 75 11 21 23 49 58 90 64 29 3 9 38 6 82 40 37 30 89 55 84 17 36 52 85 10 25 88 55 45 84 14 33 0 25 39 71 32 84 29 90 77 30 97 25 87 84 41 20 12 35 82 21 87 1 74 84 89 64 22 7 27 10 27 42 61 56 2 53 41 34
91 93 58 73 91 2 73 78 77 81 26 76 42 16 62 59 88 100000 58 47 76 79 0 61 49 37 44 96 79 88 2 72 63 26 97 57 55 48 48 67 23 47 0 23 2 67 80 54 13 56 47 24 10 17 79 56 98 90 76 28 11 26 59 90 32 91 100000 37 5 55 10 55 74 59 14 91 23 19 42 9 4 76 30 33 94 5 65 84 90 53 25 0 16 27 67 75 32 30 29 23 83 75 51 53 51 82 5 3 24 44 47 90 78 95 28 89 64 27 75 67 63 87 93 98 25 28 65 12
36 70 7 5 67 89 61 12 58 40 79 55 30 47 43 45 28 100000 83 97 13 52 77 55 88 6 7 25 67 71 74 36 46 82 53 49 5 22 63 49 25 72 55 23 71 34 60 24 72 45 57 95 21 8 20 28 29 19 5 36 52 40 4 56 30 96 73 84 100000 15 4 66 34 62 5 28 88 17 100 1 59 19 16 78 4 74 16 38 47 99 39 16 0 7 7 56 88 40 61 72 36 91 13 68 37 75 1 35 30 57 10 72 81 79 21 85 68 79 25 93 63 38 70 77 88 77 29 36
63 79 33 45 84 91 9 30 27 56 94 33 20 26 40 33 70 18 34 38 95 26 2 29 79 38 70 45 1 53 31 21 6 100 47 49 25 47 41 45 36 11 84 5 65 12 69 75 10 53 44 39 74 81 32 11 30 67 55 80 90 72 87 48 10 68 28 82 59 29 61 40 17 21 32 64 28 18 59 43 18 50 46 56 18 29 21 15 16 12 71 27 7 0 77 30 31 39 79 16 31 26 30 55 22 58 38 84 86 82 35 66 68 51 89 13 39 28 36 57 100000 79 52 65 94 42 29 29
14 42 99 92 20 78 75 10 65 77 77 28 100000 45 46 81 74 66 1 25 37 65 5 33 65 63 8 20 60 46 83 90 47 19 91 39 72 30 14 30 19 22 27 42 42 79 95 52 57 38 90 26 47 97 62 17 83 87 41 16 78 98 36 16 100000 90 94 59 68 95 18 35 48 0 80 70 1 8 27 6 29 45 98 97 41 75 69 31 69 79 32 67 7 77 0 78 10 48 30 12 75 29 5 94 61 55 93 100000 84 11 79 5 80 31 54 30 70 47 47 36 23 40 68 66 32 3 71 87
30 22 11 100 89 98 18 28 51 75 68 59 37 26 69 65 64 76 25 17 5 93 94 93 63 84 91 70 80 82 1 76 3 84 8 5 24 36 96 77 40 18 75 25 21 18 6 95 77 85 4 88 95 71 67 33 40 33 24 88 65 6 78 11 7 8 56 74 5 87 56 7 41 76 9 30 51 50 17 58 33 100000 45 61 48 8 54 79 10 36 84 75 56 30 78 0 0 94 65 66 39 55 73 40 32 38 12 72 25 13 68 47 44 98 91 6 15 90 29 63 74 90 43 26 89 29 52 77
1 41 65 69 94 42 32 93 77 51 55 72 21 7 29 76 4 25 49 43 95 56 10 49 19 5 25 30 74 27 57 41 59 25 23 46 71 53 48 49 48 99 75 76 22 86 80 14 72 60 64 51 50 76 26 35 18 30 76 6 13 44 92 81 99 5 72 76 84 65 2 100 24 62 65 66 19 15 67 55 25 55 69 78 58 80 12 21 92 71 29 32 88 31 10 0 0 85 7 55 89 92 11 57 71 25 23 39 55 94 27 15 62 92 58 48 54 51 31 45 66 5 87 89 33 41 35 96
20 79 21 45 54 81 85 98 59 0 73 100000 77 45 6 45 61 12 72 85 33 88 97 95 78 20 85 89 41 20 95 11 52 29 50 88 47 97 46 87 74 63 64 73 25 92 12 59 20 16 100000 37 95 27 53 80 47 9 39 19 46 92 41 1 60 83 82 48 74 95 85 21 72 48 23 29 49 9 85 71 4 97 6 82 13 40 21 40 97 49 90 30 40 39 48 94 85 0 22 88 94 67 71 22 17 2 76 47 95 64 77 53 34 13 32 39 92 14 94 57 70 64 86 44 60 19 82 87
44 58 2 63 78 27 5 48 24 42 14 22 14 33 76 44 81 42 10 71 23 23 64 79 95 44 58 14 68 52 54 94 11 72 88 77 71 87 85 99 100000 57 60 13 52 98 52 61 79 62 10 48 33 1 91 44 84 57 32 65 22 92 51 63 13 97 23 89 37 91 80 10 36 9 63 21 21 21 41 89 92 66 11 24 85 66 34 0 77 0 77 29 61 79 30 65 7 22 0 61 5 69 52 93 25 19 75 40 100000 28 37 59 53 83 54 40 75 21 79 74 28 33 36 86 2 63 88 31
1 71 43 84 25 49 45 61 47 3 60 78 98 40 41 4 94 6 88 52 3 28 50 67 51 42 19 50 98 97 18 59 72 98 67 65 5 5 82 69 90 64 35 5 93 60 19 84 45 1 25 81 100000 56 27 25 25 12 54 84 68 91 72 100000 29 50 29 85 22 49 3 27 72 7 21 61 22 7 80 7 88 70 23 15 39 4 97 29 38 100000 30 23 72 16 12 66 55 88 61 0 40 32 8 16 21 55 33 99 80 48 70 73 100 18 100 37 25 38 46 71 73 71 88 50 76 45 38 93
47 14 97 21 45 51 69 81 74 60 1 27 32 0 57 46 84 90 0 60 9 21 32 8 92 97 3 31 87 85 27 50 23 26 40 82 37 85 36 43 48 12 39 81 56 75 78 61 72 62 95 81 4 86 20 60 77 75 39 49 69 40 3 39 24 75 30 89 83 87 3 45 35 96 28 10 90 29 85 26 62 27 69 13 44 97 79 62 67 13 97 83 36 31 75 39 89 94 5 40 0 86 41 77 89 100000 39 92 42 87 56 56 86 74 40 6 15 79 40 22 26 43 30 44 77 36 12 60
76 82 48 37 93 31 81 87 53 0 19 22 98 33 45 24 27 65 19 6 10 24 41 68 42 35 73 22 97 84 39 30 35 39 63 53 11 11 65 36 92 38 83 45 5 72 26 27 52 1 10 77 63 70 1 51 54 30 61 2 99 16 4 34 2 24 64 26 58 50 49 89 17 54 77 100 36 94 1 5 27 61 91 60 5 90 67 80 15 46 25 75 91 26 29 55 92 67 69 32 86 0 58 100 100 62 30 60 10 78 34 36 57 33 27 97 73 27 49 86 7 79 13 49 65 76 49 91
57 2 19 85 24 76 8 10 66 61 87 16 12 75 65 9 91 32 65 81 62 2 100000 40 97 43 50 81 100 48 16 12 92 64 22 76 39 44 53 75 2 48 16 73 24 69 29 4 100000 95 12 37 22 47 44 86 6 89 74 7 91 91 43 97 52 92 38 95 90 100 72 39 38 14 11 23 15 58 22 74 26 45 70 89 64 12 23 98 25 64 87 51 13 30 5 73 11 71 52 8 41 58 0 97 50 15 93 13 79 75 46 55 15 25 14 82 78 19 92 51 21 88 53 84 97 8 80 65
72 90 90 76 20 2 97 35 18 42 35 30 93 23 99 64 96 73 9 66 66 52 68 2 18 32 48 74 74 88 29 81 48 22 72 25 98 57 9 10 62 28 48 0 34 92 66 96 90 30 74 89 88 78 94 45 68 49 28 95 10 74 16 15 50 99 33 60 32 96 48 20 79 24 11 30 3 68 28 50 59 58 39 77 93 67 41 23 29 28 84 53 68 55 94 40 57 22 93 16 77 100 97 0 46 44 14 86 8 39 63 15 93 61 20 100 27 88 83 57 69 6 17 8 10 100 51 11
24 79 95 40 96 82 79 47 90 51 49 78 55 17 87 52 67 95 84 93 30 100 57 35 69 99 77 40 96 93 94 27 27 90 37 28 18 53 48 39 42 17 72 35 44 12 11 73 95 42 95 25 69 94 85 7 79 47 66 18 30 71 80 54 93 10 49 4 57 47 71 46 25 56 95 75 33 33 13 92 77 91 100 11 2 93 56 26 69 64 41 51 37 22 61 32 71 17 25 21 89 100 50 46 0 72 40 69 83 13 81 12 87 13 96 17 31 21 36 77 100000 30 14 26 39 15 47 84
57 12 27 66 72 79 31 67 76 49 79 55 73 17 99 52 27 83 9 99 99 25 62 4 81 58 13 77 88 40 78 80 62 26 57 96 7 91 84 41 73 27 55 54 51 60 47 21 61 58 80 97 57 3 60 12 22 52 45 42 10 80 74 28 60 59 93 23 56 76 97 30 66 54 47 86 88 19 42 18 90 73 82 37 90 34 38 19 76 66 20 82 75 58 55 38 25 2 19 55 100000 62 15 44 72 0 31 24 2 24 95 42 15 17 45 63 100 34 32 57 10 81 80 63 20 28 48 77
33 2 32 6 69 100 81 17 0 53 31 19 64 10 23 80 21 23 8 43 87 45 12 93 45 73 95 32 76 33 35 64 91 2 24 33 71 74 37 36 33 46 70 89 94 68 99 44 90 21 88 16 3 46 66 9 97 31 86 27 31 64 44 88 54 50 38 12 93 36 12 62 53 29 83 83 94 78 82 7 68 87 86 28 26 76 10 78 22 30 12 5 1 38 93 12 23 76 75 33 39 30 93 14 40 31 0 56 9 100000 8 41 4 82 91 40 99 97 96 43 4 63 95 5 66 56 26 25
92 51 51 64 35 66 71 8 67 1 100 51 38 30 33 41 87 51 87 28 94 21 100000 38 31 70 83 32 43 38 21 44 61 24 55 95 4 82 49 36 78 16 72 89 5 41 43 70 69 71 52 100000 69 27 77 23 39 56 28 32 38 34 43 46 77 11 5 42 67 51 82 28 68 13 62 77 25 66 91 7 98 53 70 30 54 23 11 20 37 35 35 3 35 84 100000 72 39 47 40 99 92 60 13 86 69 24 56 0 82 95 59 4 22 48 76 26 58 79 1 82 46 74 17 55 66 64 98 37
57 35 60 19 12 83 95 2 61 96 23 35 38 93 56 60 4 71 53 86 89 29 86 30 61 18 100000 55 29 30 92 88 49 90 48 10 65 36 96 28 64 75 38 97 70 48 3 13 67 98 16 91 7 62 95 66 68 42 26 74 4 18 95 84 89 20 33 9 100 54 30 60 47 9 2 92 94 4 83 31 49 94 73 66 7 64 79 59 61 38 82 24 30 86 84 25 55 95 100000 80 42 10 79 8 83 2 9 82 0 90 80 76 98 81 96 68 8 19 78 36 70 11 75 81 62 94 62 47
62 30 61 100 30 31 1 13 69 53 39 65 19 87 52 29 52 84 69 24 10 67 37 26 16 19 97 66 52 28 69 36 69 42 42 86 13 90 84 40 98 34 36 67 64 63 16 67 46 85 20 70 92 55 93 17 73 33 62 40 65 23 9 60 48 73 3 40 44 16 30 36 41 83 79 56 77 63 71 81 51 78 40 20 56 2 62 96 7 68 21 44 57 82 11 13 94 64 28 48 87 78 75 39 13 24 100000 95 90 0 60 100000 81 25 84 43 89 13 28 40 38 75 3 0 22 43 94 4
64 31 4 6 27 68 65 28 50 7 4 53 75 92 59 37 76 45 82 60 37 50 37 58 34 86 94 22 71 2 53 92 82 7 57 100 57 72 55 91 93 96 31 9 23 48 28 1 40 45 9 26 6 40 32 22 100 43 93 56 40 11 47 71 47 41 37 19 5 24 71 90 76 8 74 27 32 46 51 1 53 2 69 28 16 100 59 71 70 87 87 47 10 35 79 68 27 77 37 70 56 34 46 63 81 95 8 59 80 60 0 66 44 61 7 20 3 96 22 17 96 34 76 84 86 60 100 100
49 16 58 96 7 7 72 99 61 5 99 97 38 74 6 49 60 17 9 74 51 26 60 62 97 36 31 16 93 31 78 72 76 100000 13 39 25 40 47 19 100000 87 28 54 93 77 13 64 28 93 64 39 69 54 9 35 79 85 33 49 2 17 91 3 9 37 98 87 91 84 84 35 44 17 51 100000 18 100000 38 31 27 88 24 97 40 35 53 100000 21 96 1 90 72 66 5 47 15 53 59 73 56 36 55 15 12 42 41 4 76 100000 66 0 64 11 6 69 9 66 73 2 92 40 30 7 91 88 56 21
66 12 97 48 19 18 95 28 18 69 59 29 11 12 80 25 15 64 81 94 45 54 19 4 34 100000 78 18 37 50 91 93 74 25 0 76 30 90 78 12 33 40 37 88 15 51 73 39 77 58 30 67 70 45 34 60 93 86 94 35 69 23 66 22 73 92 40 57 96 75 14 70 51 95 24 49 4 55 97 14 30 62 34 27 48 13 48 98 75 60 74 78 81 68 80 44 62 34 53 100 86 57 15 93 87 15 4 22 98 81 44 64 0 70 87 57 76 50 40 17 92 63 92 64 50 30 78 58
100000 87 72 47 86 40 68 95 28 95 55 28 49 66 19 17 67 12 24 82 64 47 83 96 29 50 68 60 23 97 86 7 54 86 92 28 92 86 58 80 48 30 44 59 9 76 69 1 78 75 27 77 78 14 12 88 50 74 77 13 56 69 25 64 7 36 42 25 97 59 78 59 47 74 19 48 45 47 12 79 87 13 1 13 78 6 6 21 94 25 84 95 79 51 31 98 92 13 83 18 74 33 25 61 13 17 82 48 81 25 61 11 70 0 49 59 77 80 15 78 27 88 96 44 10 47 28 46
6 33 44 26 47 53 15 53 36 94 27 69 41 84 87 99 55 62 48 15 97 32 92 86 58 76 41 77 32 5 33 63 9 60 48 37 58 42 47 81 59 87 94 92 64 31 70 100 38 16 24 36 46 23 20 74 57 88 100 100000 69 14 80 9 92 72 15 17 93 19 30 40 73 35 4 39 76 38 43 84 91 10 88 82 84 16 84 86 68 97 89 28 21 89 54 91 58 32 54 100 40 27 14 20 96 45 91 76 96 84 7 6 87 49 0 21 76 63 71 33 43 64 28 26 19 98 23 85
70 85 86 11 100000 36 68 68 15 91 62 93 39 49 2 45 62 28 82 72 39 4 13 18 92 57 35 47 38 36 24 57 82 93 89 42 83 22 43 85 17 32 5 80 74 77 27 67 51 57 45 75 5 37 25 12 100000 93 48 77 100 89 95 40 2 81 31 93 11 18 25 15 19 25 95 37 73 35 70 25 97 90 56 34 74 11 95 92 14 83 64 89 85 13 30 6 48 39 40 37 6 97 82 100 17 63 40 26 68 43 20 69 57 59 21 0 91 48 18 5 27 11 7 0 4 76 25 37
9 99 28 51 85 89 67 30 68 13 69 65 95 90 95 43 60 97 90 71 49 31 70 72 90 82 28 57 37 19 69 79 87 39 86 71 11 12 15 10 41 10 61 97 70 89 42 93 40 84 5 28 100 23 33 22 72 95 37 86 100 64 60 46 34 47 90 33 97 72 8 57 63 16 22 26 67 97 3 24 76 15 21 28 52 86 50 31 18 66 22 64 68 39 70 15 54 92 75 25 15 73 78 27 31 100 99 58 8 89 3 9 76 77 76 91 0 12 88 96 75 99 73 79 76 69 22 1
69 8 13 23 57 100 11 48 42 74 38 13 1 97 63 60 61 21 31 36 7 18 27 31 91 50 21 54 34 3 68 55 64 37 71 88 22 33 20 30 32 93 21 50 9 15 74 65 49 66 42 99 40 80 52 74 62 92 57 65 62 79 32 71 15 74 63 95 16 27 23 54 51 93 23 75 29 6 39 21 12 29 12 41 8 78 31 49 64 56 7 27 79 28 47 90 51 14 21 38 79 27 19 88 21 34 97 79 19 13 96 66 50 80 63 48 12 0 39 68 64 44 84 60 52 45 70 53
74 76 98 19 22 75 31 64 73 6 20 48 93 27 56 9 61 78 3 33 100000 16 44 35 39 16 15 96 32 18 82 94 3 14 24 16 86 71 54 98 5 53 38 38 48 66 94 87 35 95 6 72 69 9 83 93 73 38 87 16 42 91 38 38 100000 7 1 66 71 90 60 75 70 12 44 42 6 6 69 14 7 18 26 3 50 22 29 67 51 32 27 75 25 36 47 29 31 94 79 46 40 49 92 83 36 32 96 1 78 28 22 73 40 15 71 18 88 39 0 9 8 97 72 66 63 80 59 30
47 43 48 37 79 13 43 30 56 36 96 62 64 3 45 83 5 7 50 61 66 67 1 80 40 46 0 94 17 15 11 79 4 73 89 34 76 53 12 8 9 86 17 30 76 3 42 11 6 100 100000 33 78 9 42 61 14 44 100000 41 73 60 55 44 57 38 7 35 25 66 60 41 85 97 47 42 74 81 90 23 56 2 66 96 38 25 85 14 86 13 10 67 93 57 36 63 45 57 74 71 22 86 51 57 77 57 43 82 36 40 17 2 17 78 33 5 96 68 9 0 47 66 16 6 3 25 27 84
39 17 84 88 86 51 46 79 53 87 68 12 19 51 41 82 62 56 41 87 36 80 72 93 56 10 92 26 56 50 100 54 3 92 3 35 35 100 73 20 59 27 47 87 51 41 16 31 20 61 77 71 39 70 90 87 72 78 0 91 49 81 64 18 40 91 7 12 65 48 85 54 97 62 36 67 62 20 76 98 57 79 4 31 60 16 33 28 90 28 27 63 63 100000 23 74 66 70 28 73 26 7 21 69 100000 10 4 46 70 38 96 92 92 27 43 27 75 64 8 47 0 52 44 83 26 60 10 7
41 32 3 69 31 86 47 44 23 44 90 19 79 9 70 90 26 69 16 82 58 29 43 17 3 70 99 63 8 79 78 11 0 3 95 55 26 5 49 95 70 12 64 93 29 65 29 78 77 98 20 72 63 27 71 38 55 72 77 40 45 91 58 10 20 91 63 22 36 83 41 31 52 100 54 100000 43 18 34 13 49 41 50 40 58 80 31 5 69 25 42 87 38 79 40 90 5 64 33 71 43 79 88 6 30 81 63 74 11 75 34 40 63 88 64 11 99 44 97 66 52 0 53 56 85 77 97 100000
61 32 98 82 34 23 94 91 49 32 20 66 7 60 46 21 29 7 88 87 97 24 95 41 49 56 74 77 48 62 3 8 90 6 31 52 100000 54 64 3 25 87 55 24 56 72 18 85 14 8 15 11 20 12 85 17 90 51 28 5 29 78 48 53 65 58 26 82 92 87 53 62 55 45 97 69 91 25 15 79 55 69 7 99 79 58 3 94 59 92 61 93 70 52 68 43 87 86 36 88 30 13 53 17 14 80 95 17 75 3 76 30 92 96 28 7 73 84 72 16 44 53 0 4 20 59 17 91
84 55 100000 79 100 10 37 1 33 4 35 45 59 99 11 10 10 20 16 32 65 73 31 14 44 86 18 15 85 94 77 9 91 71 86 24 54 27 0 55 2 52 36 54 97 41 90 90 23 58 6 8 91 19 62 86 74 84 28 18 62 56 63 4 45 55 36 99 64 99 42 69 100 8 92 100 89 48 39 42 44 19 73 62 14 52 54 61 14 21 56 98 77 65 66 26 89 44 86 50 44 49 84 8 26 63 5 55 81 0 84 7 64 44 26 0 79 60 66 6 83 56 4 0 64 86 61 12
94 19 36 24 93 96 44 10 80 25 1 73 44 10 25 30 81 95 0 81 4 4 51 55 19 32 56 91 43 3 11 71 34 34 34 67 88 12 28 99 69 48 0 85 46 76 67 39 49 41 55 69 99 95 38 30 75 92 91 11 99 63 3 44 9 99 6 66 100 91 99 47 8 6 13 85 63 12 25 87 64 16 5 37 82 1 94 12 15 7 2 25 88 94 32 89 33 60 2 76 77 65 97 10 39 20 66 66 62 22 86 91 50 10 19 4 76 52 63 3 26 85 20 64 0 73 1 81
10 78 12 50 15 34 87 100 13 52 81 29 45 3 18 91 42 14 52 94 72 70 72 92 47 20 6 19 46 69 16 37 65 21 74 2 58 89 70 5 27 15 39 65 5 88 66 39 53 71 65 83 20 31 94 50 22 37 45 89 69 35 18 71 81 32 47 73 10 25 87 67 69 91 52 87 35 82 56 58 52 92 69 78 50 47 33 41 93 100 53 28 77 42 3 29 41 19 63 45 36 76 8 100 15 28 56 64 94 43 60 88 30 47 98 76 69 45 80 25 60 77 59 86 73 0 53 89
54 48 100 94 55 53 92 7 57 32 65 86 29 80 26 37 61 87 61 62 7 70 68 5 61 7 41 95 37 85 69 54 80 44 67 69 31 49 59 28 99 76 2 27 64 31 90 71 11 0 18 36 83 25 85 6 10 61 33 96 85 23 54 70 34 25 19 91 65 33 38 50 96 82 44 67 12 42 61 81 99 4 52 50 94 27 12 28 53 3 41 65 29 29 71 52 35 82 88 38 12 49 80 51 47 48 26 98 62 94 100 56 78 28 23 25 22 70 59 27 10 97 17 61 1 53 0 90
17 95 20 13 14 42 99 84 48 0 71 100 70 29 17 50 33 70 91 64 40 47 96 22 53 73 60 97 41 42 68 59 7 60 64 63 18 97 43 18 55 16 64 16 45 78 10 10 29 51 92 63 100 7 60 0 6 83 10 12 33 20 56 99 4 33 23 32 42 7 48 22 31 100000 42 93 72 34 61 30 19 19 14 47 43 55 75 98 6 56 34 12 36 29 87 77 96 87 31 93 60 91 65 11 84 77 25 37 47 4 100 21 58 46 85 37 1 53 30 84 7 100000 91 12 81 89 90 0
