64
0 22 56 3 88 8 92 75 53 58 14 28 36 44 87 33 31 11 100000 68 67 66 30 80 78 54 91 37 3 58 65 90 39 24 50 99 1 62 28 13 95 93 70 10 72 12 71 53 61 97 26 37 9 13 39 80 53 71 73 55 63 16 17 93
22 0 65 47 32 83 82 34 73 49 43 59 91 42 87 19 80 82 79 12 78 37 89 87 93 78 88 17 16 77 20 88 94 14 56 76 50 15 11 63 2 21 93 21 100 13 40 32 5 49 31 82 9 65 75 73 33 70 79 46 44 97 96 86
56 65 0 10 54 56 31 15 87 72 68 0 39 74 93 46 60 83 5 69 39 67 49 83 66 38 66 5 68 3 91 27 50 55 7 88 26 17 38 58 44 35 53 92 33 29 66 51 62 1 55 43 29 28 27 63 52 40 37 80 78 85 69 71
3 47 10 0 11 51 32 81 72 16 33 38 47 29 0 7 46 21 10 11 3 100000 34 15 80 28 9 61 58 43 48 48 45 70 73 4 65 60 96 15 100000 16 88 64 80 16 78 72 11 61 51 30 16 3 18 30 11 50 53 82 86 91 63 13
88 32 54 11 0 85 100000 91 58 25 100000 72 83 90 62 2 59 89 96 87 38 8 85 60 6 19 95 33 0 93 39 51 84 19 5 90 94 8 80 54 9 89 100 83 64 40 47 26 67 35 60 39 11 1 92 39 1 17 18 49 76 28 67 99
8 83 56 51 85 0 69 52 83 97 59 6 27 32 100000 75 43 89 21 93 53 20 47 0 89 89 77 93 77 25 98 14 47 74 70 80 26 29 1 47 91 0 37 49 28 87 75 13 6 9 79 54 82 29 67 23 87 74 67 72 57 34 3 85
92 82 31 32 100000 69 0 75 38 48 87 17 91 3 97 6 67 68 30 55 11 19 3 61 3 43 10 93 99 55 85 10 58 94 59 100 51 47 89 58 100000 95 74 50 79 94 89 57 45 76 23 26 98 13 61 96 50 21 15 9 33 92 88 61
75 34 15 81 91 52 75 0 6 46 84 67 39 91 9 58 100000 20 31 32 98 14 46 34 13 33 19 82 52 87 48 81 60 30 34 98 35 29 58 86 23 73 56 97 11 15 20 47 27 31 36 27 23 17 96 60 12 33 92 85 47 18 41 6
53 73 87 72 58 83 38 6 0 63 73 16 5 71 17 67 21 54 34 87 37 68 17 99 56 87 36 2 22 61 69 95 24 15 94 13 53 96 84 75 100000 89 73 72 27 84 48 25 77 81 96 71 45 5 38 53 22 26 22 40 63 25 64 12
58 49 72 16 25 97 48 46 63 0 62 67 73 81 80 4 97 10 50 1 42 81 100000 39 59 41 23 29 9 96 75 9 45 21 57 5 58 33 25 21 47 1 15 89 64 0 5 55 0 23 94 17 18 98 90 4 89 9 62 31 39 9 28 71
14 43 68 33 100000 59 87 84 73 62 0 10 19 72 55 23 77 78 86 35 45 43 6 99 13 77 98 75 90 43 71 94 60 33 7 82 36 54 79 70 21 43 9 39 0 76 41 47 39 99 79 54 100 11 72 92 85 82 56 41 4 39 78 67
28 59 0 38 72 6 17 67 16 67 10 0 10 10 82 86 95 36 46 80 6 45 11 63 16 86 57 24 35 50 41 1 19 70 63 5 85 55 65 81 54 36 23 70 61 37 12 48 21 14 45 95 30 77 72 80 95 20 75 86 17 34 6 83
36 91 39 47 83 27 91 39 5 73 19 10 0 100000 17 73 59 83 82 25 29 1 83 99 51 45 85 52 38 25 23 100000 4 97 78 33 97 2 14 34 18 36 88 94 70 43 56 59 61 21 34 58 34 97 50 49 98 7 91 17 69 48 47 31
44 42 74 29 90 32 3 91 71 81 72 10 100000 0 65 82 4 41 32 28 100 35 5 36 100 72 97 74 85 64 31 46 82 94 73 7 27 57 85 59 78 69 83 74 37 50 40 49 4 80 100000 16 74 31 93 86 29 74 5 82 60 55 2 57
87 87 93 0 62 100000 97 9 17 80 55 82 17 65 0 29 44 99 69 8 14 49 45 58 33 45 15 15 48 1 23 61 79 98 76 79 68 61 30 19 80 58 33 27 31 79 78 78 0 9 93 75 3 4 97 1 4 17 43 61 36 19 2 10
33 19 46 7 2 75 6 58 67 4 23 86 73 82 29 0 35 2 93 32 61 28 5 80 7 51 16 98 14 90 87 15 51 37 85 17 95 3 5 93 26 57 71 24 20 16 9 6 91 46 37 60 23 26 69 28 11 10 76 58 90 20 99 87
31 80 60 46 59 43 67 100000 21 97 77 95 59 4 44 35 0 30 1 28 99 33 91 26 97 66 97 33 21 100 87 56 71 90 86 62 36 68 2 47 10 33 56 57 53 47 79 5 94 6 35 78 74 78 47 39 42 26 95 65 73 61 92 86
11 82 83 21 89 89 68 20 54 10 78 36 83 41 99 2 30 0 13 45 81 19 43 39 52 60 1 1 34 81 94 88 79 54 31 52 5 47 19 35 17 28 36 27 25 92 96 84 95 31 70 50 16 54 55 66 87 77 20 11 71 22 3 19
100000 79 5 10 96 21 30 31 34 50 86 46 82 32 69 93 1 13 0 41 24 40 4 19 84 18 91 96 72 71 86 5 62 77 24 21 54 64 14 13 100 32 59 13 46 75 84 43 10 70 74 21 23 21 34 23 52 16 72 35 50 74 91 99
68 12 69 11 87 93 55 32 87 1 35 80 25 28 8 32 28 45 41 0 65 2 35 46 69 37 60 82 16 95 86 57 34 61 14 65 83 24 44 17 51 39 71 60 32 15 25 38 87 64 79 59 93 5 24 22 63 46 53 4 67 40 43 39
67 78 39 3 38 53 11 98 37 42 45 6 29 100 14 61 99 81 24 65 0 95 65 30 62 42 83 17 99 5 4 12 42 98 50 23 0 15 9 80 15 83 43 55 100 83 89 26 73 94 21 77 60 67 7 77 69 53 80 100 3 67 6 44
66 37 67 100000 8 20 19 14 68 81 43 45 1 35 49 28 33 19 40 2 95 0 86 41 6 16 0 50 59 39 3 81 36 2 31 84 37 18 79 79 98 67 52 80 25 30 87 7 94 7 14 80 79 50 86 100 30 79 67 99 14 72 30 67
30 89 49 34 85 47 3 46 17 100000 6 11 83 5 45 5 91 43 4 35 65 86 0 90 88 8 13 25 42 25 90 94 78 27 10 87 13 16 21 5 40 15 44 88 59 59 26 53 51 82 64 94 96 35 89 59 31 42 18 13 84 62 52 56
80 87 83 15 60 0 61 34 99 39 99 63 99 36 58 80 26 39 19 46 30 41 90 0 27 22 12 65 92 72 12 61 59 6 51 58 43 26 76 45 58 53 28 60 83 69 10 0 19 81 10 64 32 41 39 6 60 81 72 92 69 11 71 37
78 93 66 80 6 89 3 13 56 59 13 16 51 100 33 7 97 52 84 69 62 6 88 27 0 62 27 43 51 3 62 43 86 9 83 2 65 52 97 5 1 43 93 94 55 6 6 41 2 25 38 43 45 56 84 37 26 8 53 82 100 38 87 92
54 78 38 28 19 89 43 33 87 41 77 86 45 72 45 51 66 60 18 37 42 16 8 22 62 0 56 89 92 7 5 73 98 35 100000 52 0 11 32 73 26 44 92 39 20 99 31 90 87 2 67 33 75 0 33 86 14 76 30 32 69 54 62 45
91 88 66 9 95 77 10 19 36 23 98 57 85 97 15 16 97 1 91 60 83 0 13 12 27 56 0 72 26 51 11 71 14 2 63 20 44 58 30 42 75 4 54 42 45 100000 96 24 48 42 39 69 74 90 49 60 30 85 73 88 93 42 42 1
37 17 5 61 33 93 93 82 2 29 75 24 52 74 15 98 33 1 96 82 17 50 25 65 43 89 72 0 48 76 23 21 8 14 27 24 4 58 18 27 82 96 3 49 37 76 9 100 92 66 0 12 71 59 38 59 26 52 31 46 34 44 0 45
3 16 68 58 0 77 99 52 22 9 90 35 38 85 48 14 21 34 72 16 99 59 42 92 51 92 26 48 0 90 8 74 14 74 47 65 42 69 47 14 78 45 27 77 29 34 73 30 8 52 97 68 80 19 25 93 56 97 82 55 86 4 29 5
58 77 3 43 93 25 55 87 61 96 43 50 25 64 1 90 100 81 71 95 5 39 25 72 3 7 51 76 90 0 1 26 19 77 31 38 77 85 53 53 33 99 67 39 84 68 36 87 21 37 50 43 55 51 73 74 5 85 1 40 30 86 52 12
65 20 91 48 39 98 85 48 69 75 71 41 23 31 23 87 87 94 86 86 4 3 90 12 62 5 11 23 8 1 0 77 59 80 35 28 22 82 79 33 89 97 57 41 1 63 24 94 66 81 18 82 41 51 59 15 100000 46 25 73 31 42 71 24
90 88 27 48 51 14 10 81 95 9 94 1 100000 46 61 15 56 88 5 57 12 81 94 61 43 73 71 21 74 26 77 0 35 65 38 37 81 21 86 42 8 31 76 40 72 70 3 29 26 10 78 41 69 10 23 50 24 91 48 4 85 13 75 52
39 94 50 45 84 47 58 60 24 45 60 19 4 82 79 51 71 79 62 34 42 36 78 59 86 98 14 8 14 19 59 35 0 73 32 92 72 29 40 81 58 77 49 37 89 44 21 11 7 52 21 97 92 89 55 19 30 35 67 59 83 46 18 53
24 14 55 70 19 74 94 30 15 21 33 70 97 94 98 37 90 54 77 61 98 2 27 6 9 35 2 14 74 77 80 65 73 0 19 56 100 23 18 37 35 5 4 52 63 71 53 40 62 5 62 53 96 28 14 80 64 20 93 96 82 91 47 14
50 56 7 73 5 70 59 34 94 57 7 63 78 73 76 85 86 31 24 14 50 31 10 51 83 100000 63 27 47 31 35 38 32 19 0 72 75 94 49 15 7 18 10 40 100000 54 64 100 71 96 57 93 52 94 37 43 75 31 85 85 64 94 73 22
99 76 88 4 90 80 100 98 13 5 82 5 33 7 79 17 62 52 21 65 23 84 87 58 2 52 20 24 65 38 28 37 92 56 72 0 70 43 96 41 98 7 24 81 41 74 83 27 92 60 45 98 58 58 93 83 65 3 87 79 47 78 64 52
1 50 26 65 94 26 51 35 53 58 36 85 97 27 68 95 36 5 54 83 0 37 13 43 65 0 44 4 42 77 22 81 72 100 75 70 0 47 38 99 31 42 39 85 17 22 76 89 16 19 78 29 98 0 84 99 73 28 88 52 34 61 25 65
62 15 17 60 8 29 47 29 96 33 54 55 2 57 61 3 68 47 64 24 15 18 16 26 52 11 58 58 69 85 82 21 29 23 94 43 47 0 33 54 35 43 19 12 17 32 68 58 9 30 94 72 0 35 8 87 4 51 65 37 27 80 78 8
28 11 38 96 80 1 89 58 84 25 79 65 14 85 30 5 2 19 14 44 9 79 21 76 97 32 30 18 47 53 79 86 40 18 49 96 38 33 0 41 77 85 49 41 68 74 22 61 38 16 61 99 51 97 9 7 64 12 45 90 76 66 44 17
13 63 58 15 54 47 58 86 75 21 70 81 34 59 19 93 47 35 13 17 80 79 5 45 5 73 42 27 14 53 33 42 81 37 15 41 99 54 41 0 87 36 29 41 100000 55 25 50 35 58 78 29 33 91 30 20 71 1 45 16 77 18 35 44
95 2 44 100000 9 91 100000 23 100000 47 21 54 18 78 80 26 10 17 100 51 15 98 40 58 1 26 75 82 78 33 89 8 58 35 7 98 31 35 77 87 0 68 21 80 1 11 16 51 91 70 87 9 7 17 44 12 51 84 77 12 93 38 22 41
93 21 35 16 89 0 95 73 89 1 43 36 36 69 58 57 33 28 32 39 83 67 15 53 43 44 4 96 45 99 97 31 77 5 18 7 42 43 85 36 68 0 47 26 86 2 91 65 36 14 98 92 16 15 98 68 98 21 19 23 72 52 20 51
70 93 53 88 100 37 74 56 73 15 9 23 88 83 33 71 56 36 59 71 43 52 44 28 93 92 54 3 27 67 57 76 49 4 10 24 39 19 49 29 21 47 0 37 78 5 48 12 92 38 62 17 61 81 70 91 39 18 14 6 24 37 53 68
10 21 92 64 83 49 50 97 72 89 39 70 94 74 27 24 57 27 13 60 55 80 88 60 94 39 42 49 77 39 41 40 37 52 40 81 85 12 41 41 80 26 37 0 2 23 39 18 79 36 78 82 29 68 49 68 69 68 66 77 100000 60 76 99
72 100 33 80 64 28 79 11 27 64 0 61 70 37 31 20 53 25 46 32 100 25 59 83 55 20 45 37 29 84 1 72 89 63 100000 41 17 17 68 100000 1 86 78 2 0 6 79 94 77 2 57 27 77 34 83 54 12 23 3 4 73 58 72 22
12 13 29 16 40 87 94 15 84 0 76 37 43 50 79 16 47 92 75 15 83 30 59 69 6 99 100000 76 34 68 63 70 44 71 54 74 22 32 74 55 11 2 5 23 6 0 0 82 48 76 0 8 42 21 93 73 2 47 31 99 98 49 28 85
71 40 66 78 47 75 89 20 48 5 41 12 56 40 78 9 79 96 84 25 89 87 26 10 6 31 96 9 73 36 24 3 21 53 64 83 76 68 22 25 16 91 48 39 79 0 0 29 83 55 17 88 56 48 38 52 8 9 69 60 43 99 91 41
53 32 51 72 26 13 57 47 25 55 47 48 59 49 78 6 5 84 43 38 26 7 53 0 41 90 24 100 30 87 94 29 11 40 100 27 89 58 61 50 51 65 12 18 94 82 29 0 41 81 16 87 59 47 35 50 22 43 88 81 87 8 80 28
61 5 62 11 67 6 45 27 77 0 39 21 61 4 0 91 94 95 10 87 73 94 51 19 2 87 48 92 8 21 66 26 7 62 71 92 16 9 38 35 91 36 92 79 77 48 83 41 0 0 59 63 79 16 18 55 96 67 31 88 98 48 13 9
97 49 1 61 35 9 76 31 81 23 99 14 21 80 9 46 6 31 70 64 94 7 82 81 25 2 42 66 52 37 81 10 52 5 96 60 19 30 16 58 70 14 38 36 2 76 55 81 0 0 69 4 22 10 59 97 50 38 52 81 56 100000 18 63
26 31 55 51 60 79 23 36 96 94 79 45 34 100000 93 37 35 70 74 79 21 14 64 10 38 67 39 0 97 50 18 78 21 62 57 45 78 94 61 78 87 98 62 78 57 0 17 16 59 69 0 39 16 84 31 14 47 30 48 57 69 93 19 20
37 82 43 30 39 54 26 27 71 17 54 95 58 16 75 60 78 50 21 59 77 80 94 64 43 33 69 12 68 43 82 41 97 53 93 98 29 72 99 29 9 92 17 82 27 8 88 87 63 4 39 0 65 51 67 63 100000 47 19 70 66 4 71 62
9 9 29 16 11 82 98 23 45 18 100 30 34 74 3 23 74 16 23 93 60 79 96 32 45 75 74 71 80 55 41 69 92 96 52 58 98 0 51 33 7 16 61 29 77 42 56 59 79 22 16 65 0 27 52 18 18 4 24 43 34 18 3 14
13 65 28 3 1 29 13 17 5 98 11 77 97 31 4 26 78 54 21 5 67 50 35 41 56 0 90 59 19 51 51 10 89 28 94 58 0 35 97 91 17 15 81 68 34 21 48 47 16 10 84 51 27 0 9 13 62 4 24 33 50 93 89 11
39 75 27 18 92 67 61 96 38 90 72 72 50 93 97 69 47 55 34 24 7 86 89 39 84 33 49 38 25 73 59 23 55 14 37 93 84 8 9 30 44 98 70 49 83 93 38 35 18 59 31 67 52 9 0 86 68 40 67 40 44 26 75 54
80 73 63 30 39 23 96 60 53 4 92 80 49 86 1 28 39 66 23 22 77 100 59 6 37 86 60 59 93 74 15 50 19 80 43 83 99 87 7 20 12 68 91 68 54 73 52 50 55 97 14 63 18 13 86 0 4 48 100000 85 0 88 57 20
53 33 52 11 1 87 50 12 22 89 85 95 98 29 4 11 42 87 52 63 69 30 31 60 26 14 30 26 56 5 100000 24 30 64 75 65 73 4 64 71 51 98 39 69 12 2 8 22 96 50 47 100000 18 62 68 4 0 91 67 33 37 9 95 2
71 70 40 50 17 74 21 33 26 9 82 20 7 74 17 10 26 77 16 46 53 79 42 81 8 76 85 52 97 85 46 91 35 20 31 3 28 51 12 1 84 21 18 68 23 47 9 43 67 38 30 47 4 4 40 48 91 0 84 75 94 72 87 32
73 79 37 53 18 67 15 92 22 62 56 75 91 5 43 76 95 20 72 53 80 67 18 72 53 30 73 31 82 1 25 48 67 93 85 87 88 65 45 45 77 19 14 66 3 31 69 88 31 52 48 19 24 24 67 100000 67 84 0 78 69 79 25 6
55 46 80 82 49 72 9 85 40 31 41 86 17 82 61 58 65 11 35 4 100 99 13 92 82 32 88 46 55 40 73 4 59 96 85 79 52 37 90 16 12 23 6 77 4 99 60 81 88 81 57 70 43 33 40 85 33 75 78 0 93 48 81 16
63 44 78 86 76 57 33 47 63 39 4 17 69 60 36 90 73 71 50 67 3 14 84 69 100 69 93 34 86 30 31 85 83 82 64 47 34 27 76 77 93 72 24 100000 73 98 43 87 98 56 69 66 34 50 44 0 37 94 69 93 0 100000 99 66
16 97 85 91 28 34 92 18 25 9 39 34 48 55 19 20 61 22 74 40 67 72 62 11 38 54 42 44 4 86 42 13 46 91 94 78 61 80 66 18 38 52 37 60 58 49 99 8 48 100000 93 4 18 93 26 88 9 72 79 48 100000 0 74 100
17 96 69 63 67 3 88 41 64 28 78 6 47 2 2 99 92 3 91 43 6 30 52 71 87 62 42 0 29 52 71 75 18 47 73 64 25 78 44 35 22 20 53 76 72 28 91 80 13 18 19 71 3 89 75 57 95 87 25 81 99 74 0 90
93 86 71 13 99 85 61 6 12 71 67 83 31 57 10 87 86 19 99 39 44 67 56 37 92 45 1 45 5 12 24 52 53 14 22 52 65 8 17 44 41 51 68 99 22 85 41 28 9 63 20 62 14 11 54 20 2 32 6 16 66 100 90 0
