16
0 75 82 38 68 0 99 50 52 71 100000 100000 48 30 85 7
75 0 91 10 14 23 11 90 73 15 0 32 97 60 76 69
82 91 0 30 81 88 74 60 8 48 74 35 44 78 35 18
38 10 30 0 27 0 73 2 69 67 97 19 37 2 43 19
68 14 81 27 0 11 100 18 16 19 68 58 65 45 35 51
0 23 88 0 11 0 44 54 47 88 42 33 28 67 57 7
99 11 74 73 100 44 0 9 6 71 83 19 34 100 16 67
50 90 60 2 18 54 9 0 2 35 95 100 50 24 19 99
52 73 8 69 16 47 6 2 0 9 37 38 32 68 88 31
71 15 48 67 19 88 71 35 9 0 40 43 14 73 22 2
100000 0 74 97 68 42 83 95 37 40 0 78 30 13 88 25
100000 32 35 19 58 33 19 100 38 43 78 0 43 14 39 12
48 97 44 37 65 28 34 50 32 14 30 43 0 41 70 97
30 60 78 2 45 67 100 24 68 73 13 14 41 0 33 61
85 76 35 43 35 57 16 19 88 22 88 39 70 33 0 74
7 69 18 19 51 7 67 99 31 2 25 12 97 61 74 0
