128
0 52 10 93 35 5 61 40 69 27 8 26 30 60 14 21 33 95 43 74 74 65 20 23 10 79 76 80 86 23 11 49 7 44 31 77 7 38 89 97 51 79 37 16 44 4 37 64 85 20 70 10 94 67 99 22 76 51 52 100 28 27 21 78 76 100 98 43 91 64 49 37 65 98 24 51 45 32 11 4 79 75 68 72 24 90 28 23 31 62 100000 54 36 52 42 78 40 74 10 15 96 3 85 58 44 33 54 4 89 56 75 56 32 87 14 67 50 96 85 23 33 56 64 12 0 62 48 79
52 0 8 10 56 23 29 44 99 83 2 53 95 23 88 81 51 16 60 74 16 80 100 61 12 73 63 53 59 94 71 2 7 78 46 78 83 80 4 59 14 47 74 42 14 33 97 15 2 35 67 8 77 7 8 15 89 1 96 34 85 77 34 68 67 97 100 72 95 99 4 19 69 49 45 82 100 27 29 72 77 68 13 53 54 6 43 36 87 97 85 90 79 86 14 84 38 68 79 2 77 93 77 80 10 85 24 85 11 36 11 97 33 50 50 37 82 68 46 73 15 5 57 19 92 18 39 45
10 8 0 81 2 55 42 20 38 1 78 28 72 23 73 62 63 71 98 79 98 78 40 76 20 53 49 23 33 8 100 17 60 27 30 5 97 97 90 6 86 75 26 12 40 65 60 59 7 60 99 21 75 11 86 82 82 99 93 24 7 41 97 28 37 3 10 1 99 8 18 27 37 64 43 99 99 81 28 51 85 10 100 14 19 19 53 91 96 94 98 22 26 98 95 98 73 26 18 73 67 88 100 51 17 97 33 41 98 7 60 83 98 72 35 30 64 69 46 99 85 76 68 100 14 78 91 60
93 10 81 0 57 76 72 82 68 0 1 15 90 39 74 88 18 27 79 1 1 89 87 61 8 68 40 64 33 100 34 32 76 72 83 97 9 97 21 44 66 33 93 15 88 63 9 94 97 29 96 33 45 45 21 11 37 54 69 63 85 100000 16 4 51 10 100000 83 9 56 16 100 14 8 64 7 19 42 85 91 66 12 97 45 60 78 84 61 11 51 65 4 15 22 47 90 69 5 29 29 68 27 93 7 6 83 85 17 86 34 7 95 36 60 78 97 47 78 100000 3 63 86 8 20 57 27 59 57
35 56 2 57 0 59 46 62 6 25 20 22 75 20 72 15 53 99 27 8 54 95 78 72 60 38 77 83 37 53 72 95 86 88 36 61 69 31 1 14 16 0 81 87 65 89 87 6 51 97 11 46 30 33 75 18 61 66 6 25 58 38 25 51 42 75 4 52 85 79 10 29 95 22 7 46 83 25 83 77 77 70 97 8 82 69 100000 49 76 26 67 19 29 50 25 8 42 60 41 32 22 78 70 63 23 22 93 18 88 3 7 36 2 85 16 0 8 61 84 23 20 74 49 34 74 88 69 33
5 23 55 76 59 0 81 23 20 66 4 57 63 99 15 5 85 38 70 95 69 93 0 19 79 25 11 88 35 30 82 37 10 71 15 32 100000 51 87 96 3 82 69 7 43 42 19 58 75 64 48 73 21 23 58 83 36 36 91 45 11 20 30 75 91 94 95 20 92 89 26 100 51 100 63 89 92 16 74 45 14 0 20 67 67 100 7 5 5 37 9 33 47 92 75 21 32 50 36 54 24 55 38 47 42 1 36 69 11 65 21 26 23 86 14 84 71 22 15 7 51 53 39 32 29 90 71 65
61 29 42 72 46 81 0 73 81 10 33 28 6 17 50 21 98 27 5 80 83 71 30 59 45 79 39 1 9 12 2 16 52 95 24 14 91 41 12 36 90 12 71 74 56 30 60 32 47 64 27 82 12 87 98 75 87 38 30 67 73 99 27 74 0 62 67 82 5 47 85 60 26 29 46 46 7 33 34 94 53 36 97 62 71 37 12 45 23 86 96 100000 93 84 2 79 53 3 75 96 3 90 15 81 17 0 27 17 79 32 70 48 83 90 76 83 26 48 17 100 85 95 76 75 84 92 46 90
40 44 20 82 62 23 73 0 5 51 93 28 70 50 30 12 74 69 7 7 33 100 64 67 22 14 43 24 21 60 57 8 78 63 86 87 85 15 99 12 12 51 3 13 49 46 58 30 75 59 91 68 13 35 49 50 79 48 55 94 56 22 82 97 50 8 8 52 97 47 69 6 60 60 25 34 54 7 2 60 62 98 7 7 38 19 6 30 45 12 68 49 3 85 97 5 51 32 75 94 32 88 37 58 13 45 37 59 86 12 82 1 17 82 56 10 8 1 95 36 34 41 76 39 79 10 6 6
69 99 38 68 6 20 81 5 0 81 31 98 58 66 1 9 53 10 9 45 100000 97 98 96 16 1 6 88 7 38 99 77 9 69 19 8 47 62 85 38 96 55 11 28 55 13 26 72 0 64 93 73 52 46 68 59 95 100 1 52 94 44 54 0 38 23 51 83 79 49 27 84 2 49 74 90 58 5 0 94 100000 9 37 87 14 72 54 11 80 24 56 94 20 94 99 13 83 49 68 99 86 61 79 16 83 74 69 68 96 72 24 49 9 62 70 100 71 50 75 70 96 52 86 17 26 84 61 64
27 83 1 0 25 66 10 51 81 0 39 49 58 72 71 33 45 75 32 85 23 100000 37 86 57 26 56 49 41 75 26 4 57 91 52 62 33 61 35 43 72 42 32 73 14 17 45 20 71 35 40 25 20 39 89 49 40 54 10 100000 10 20 20 13 76 84 37 24 40 21 82 90 73 18 17 75 58 9 27 39 18 56 97 89 60 39 27 86 19 39 58 4 90 67 34 73 7 92 90 9 100000 79 6 27 77 67 71 34 20 57 63 68 53 63 2 24 34 7 12 54 52 91 87 11 67 52 76 95
8 2 78 1 20 4 33 93 31 39 0 7 93 80 60 12 88 59 68 28 36 38 78 77 89 60 9 100 78 100 75 20 55 77 76 100 91 9 87 0 13 72 58 87 10 79 25 18 86 18 4 51 24 85 8 60 1 5 77 17 70 76 20 54 97 18 26 87 21 91 43 97 74 79 72 35 3 1 57 63 45 88 31 28 57 99 28 63 62 11 88 87 43 69 39 77 40 38 36 23 3 86 24 56 69 63 27 5 60 21 22 31 28 60 90 95 76 92 79 73 66 97 43 87 27 83 52 1
26 53 28 15 22 57 28 28 98 49 7 0 80 96 25 54 41 57 26 65 52 87 70 27 43 45 77 45 1 8 63 89 50 25 22 82 29 2 95 64 5 44 89 80 13 16 49 31 2 63 51 98 88 40 68 30 61 68 93 13 96 33 30 16 51 31 92 59 27 69 71 100 56 13 39 36 19 96 42 13 15 41 18 82 23 31 4 4 86 4 9 47 65 61 59 75 66 45 35 65 84 12 79 6 46 3 97 23 27 12 46 61 72 1 42 68 66 90 87 15 89 50 1 69 99 30 94 67
30 95 72 90 75 63 6 70 58 58 93 80 0 31 18 26 97 8 70 28 1 60 60 56 26 0 95 38 55 37 83 24 26 60 65 94 1 70 12 40 37 84 15 6 12 28 52 8 30 65 26 89 56 96 52 37 63 95 59 31 37 79 18 76 4 20 61 99 80 48 75 74 32 21 86 74 40 29 27 26 82 81 1 42 100000 39 70 9 33 27 54 58 4 17 66 53 23 81 83 8 93 76 73 85 60 9 97 57 32 26 11 92 25 93 49 43 60 59 91 60 15 77 4 36 52 29 22 25
60 23 23 39 20 99 17 50 66 72 80 96 31 0 72 13 70 38 9 87 74 39 25 26 18 25 69 7 94 45 55 47 96 33 36 21 39 76 84 59 12 31 82 58 51 86 68 6 99 62 78 68 52 100 71 32 33 33 94 36 39 40 41 38 7 81 60 100 73 95 97 46 33 1 58 12 86 3 47 55 33 71 59 84 7 8 82 46 59 80 13 74 64 11 96 16 49 35 17 88 97 49 62 11 5 81 90 14 14 86 1 44 14 49 100000 52 50 77 25 69 2 93 41 26 35 75 28 19
14 88 73 74 72 15 50 30 1 71 60 25 18 72 0 46 39 76 22 31 70 43 15 33 3 67 30 64 90 9 55 91 80 29 80 100000 7 66 6 56 75 35 37 83 60 73 39 17 60 15 24 51 53 24 92 100 38 28 61 13 75 63 100 14 72 59 37 82 82 35 51 55 15 73 94 23 33 43 13 50 76 68 26 66 66 35 89 36 24 49 66 80 14 9 11 39 28 92 91 48 81 84 98 97 20 56 96 100 42 94 22 60 26 4 28 99 100000 81 23 37 63 62 91 36 91 99 38 28
21 81 62 88 15 5 21 12 9 33 12 54 26 13 46 0 84 81 43 17 14 84 73 3 5 88 10 11 75 21 73 53 2 16 61 33 46 46 77 79 22 94 72 29 24 63 52 53 66 36 88 38 66 59 17 11 55 60 57 83 49 45 89 80 73 69 49 16 15 7 36 19 52 73 74 43 12 36 8 66 6 52 26 39 77 79 75 40 2 85 94 100 5 96 72 0 82 30 94 17 65 90 82 72 98 69 96 4 67 59 97 26 88 12 14 14 56 52 93 40 63 58 37 44 60 70 3 13
33 51 63 18 53 85 98 74 53 45 88 41 97 70 39 84 0 92 15 47 8 13 73 24 47 82 86 24 31 66 38 68 83 75 17 75 62 55 7 5 52 60 86 32 70 67 69 80 100 98 41 39 55 81 41 45 38 56 29 30 7 75 92 77 52 82 44 93 87 78 64 43 100000 90 25 37 52 68 25 81 35 37 24 92 29 60 87 96 100 9 77 16 56 38 100000 65 14 46 46 60 50 11 25 66 100 59 90 88 20 8 52 10 33 37 31 76 56 100 100000 40 5 42 71 33 88 87 16 52
95 16 71 27 99 38 27 69 10 75 59 57 8 38 76 81 92 0 94 26 50 5 17 39 8 55 74 85 51 87 48 86 45 33 57 73 12 84 2 4 96 52 47 99 11 67 6 55 43 26 0 95 92 42 34 80 28 5 72 27 0 100 33 7 33 100 28 0 1 58 44 41 74 89 41 73 6 81 15 15 73 69 7 39 84 43 70 52 36 2 68 52 27 71 77 30 86 3 63 89 0 68 32 52 95 66 87 7 37 29 99 65 0 64 25 77 92 8 98 44 2 4 38 6 80 93 23 49
43 60 98 79 27 70 5 7 9 32 68 26 70 9 22 43 15 94 0 33 55 23 29 89 26 52 52 54 92 20 5 60 86 46 95 11 26 86 8 81 77 8 8 9 90 42 39 85 6 80 71 89 34 17 32 4 53 79 64 40 8 76 47 61 33 33 62 66 42 28 6 2 80 5 85 28 89 91 39 26 42 94 60 40 1 45 84 82 51 10 59 37 45 61 97 43 18 28 27 36 67 65 3 48 2 68 54 71 59 49 97 94 48 0 1 33 90 12 53 56 82 76 37 25 93 58 45 4
74 74 79 1 8 95 80 7 45 85 28 65 28 87 31 17 47 26 33 0 96 26 73 75 49 61 91 69 22 69 31 84 88 47 38 2 39 18 21 27 16 52 83 44 34 34 49 91 6 0 67 95 6 67 75 2 27 80 7 64 30 64 99 86 49 19 38 80 58 75 13 15 36 81 92 54 12 26 64 26 98 47 56 2 97 29 33 39 38 76 82 54 83 51 5 91 77 48 29 78 4 4 59 18 85 73 61 28 7 69 9 14 93 34 87 84 95 18 87 41 53 53 21 58 60 96 63 14
74 16 98 1 54 69 83 33 100000 23 36 52 1 74 70 14 8 50 55 96 0 87 48 65 14 45 21 38 41 71 77 28 93 10 25 37 12 22 52 11 84 45 45 91 22 33 58 51 69 17 5 64 77 8 14 14 26 60 18 7 93 85 69 4 45 52 66 94 26 17 1 26 0 81 62 67 9 51 87 24 47 27 91 41 65 34 46 97 0 24 56 9 72 64 32 76 85 33 36 0 60 78 26 49 67 2 50 85 21 6 56 66 63 18 35 31 66 8 33 58 74 64 75 99 68 83 93 63
65 80 78 89 95 93 71 100 97 100000 38 87 60 39 43 84 13 5 23 26 87 0 23 79 78 74 97 62 99 56 9 75 13 35 37 61 80 79 67 44 56 24 48 42 12 63 5 15 69 21 26 33 4 6 85 18 2 91 90 49 63 1 75 29 52 42 79 4 25 82 67 87 46 82 34 99 68 26 99 13 69 72 1 14 3 28 98 12 2 2 7 34 79 94 45 97 4 92 88 77 61 87 73 56 5 40 68 60 14 18 37 59 1 84 97 18 61 18 94 86 27 56 98 67 18 51 12 89
20 100 40 87 78 0 30 64 98 37 78 70 60 25 15 73 73 17 29 73 48 23 0 35 76 77 54 79 0 48 84 77 52 32 26 63 67 8 15 61 1 57 37 87 44 87 83 88 44 39 89 0 18 10 85 82 67 10 36 75 92 38 6 29 59 92 50 15 48 34 26 24 73 43 38 27 82 39 65 69 84 94 21 86 99 15 15 100000 91 36 77 34 27 52 85 57 10 89 73 21 79 22 87 15 86 84 78 3 9 5 35 36 69 43 97 21 3 85 55 90 86 58 20 24 51 90 46 72
23 61 76 61 72 19 59 67 96 86 77 27 56 26 33 3 24 39 89 75 65 79 35 0 70 74 16 5 97 96 3 25 22 42 75 85 58 79 17 37 34 94 96 78 10 69 9 37 51 63 98 2 59 3 53 80 63 72 75 43 83 16 32 2 54 53 78 50 58 2 76 36 54 65 45 71 0 89 17 4 39 44 88 75 29 46 33 7 30 54 11 75 61 29 30 31 79 50 12 40 35 2 39 63 100000 100000 7 38 25 46 65 66 41 0 76 66 67 13 88 71 58 46 93 51 2 54 88 54
10 12 20 8 60 79 45 22 16 57 89 43 26 18 3 5 47 8 26 49 14 78 76 70 0 43 95 97 10 1 4 53 9 70 0 45 5 93 63 72 55 69 77 11 4 25 46 49 22 12 37 67 5 72 47 36 69 46 41 87 17 33 81 30 32 100 87 86 56 96 68 32 26 0 84 94 3 52 91 39 25 63 98 24 95 15 55 44 36 51 96 89 85 87 92 100 96 99 14 83 50 37 69 82 26 12 15 72 99 3 53 3 74 100000 67 97 95 13 51 55 4 45 20 68 55 92 42 70
79 73 53 68 38 25 79 14 1 26 60 45 0 25 67 88 82 55 52 61 45 74 77 74 43 0 21 71 93 33 93 50 82 91 25 57 50 32 35 16 48 32 0 100 68 17 21 2 54 30 20 26 86 5 17 50 31 69 68 30 27 56 0 50 50 78 23 1 14 63 5 46 35 82 55 87 59 72 68 43 62 72 100000 72 0 58 94 31 87 29 93 5 77 78 6 64 62 36 58 2 60 76 89 82 11 90 90 43 77 37 57 21 86 39 98 85 89 87 22 35 42 80 95 98 33 94 40 66
76 63 49 40 77 11 39 43 6 56 9 77 95 69 30 10 86 74 52 91 21 97 54 16 95 21 0 47 21 90 82 79 61 31 85 46 11 51 55 9 99 19 29 84 37 42 19 80 23 13 66 66 35 24 54 8 82 32 47 48 38 36 20 49 14 35 91 4 0 49 68 33 21 63 55 99 10 65 61 10 24 32 23 97 48 69 10 72 77 57 91 24 7 43 85 68 78 60 100000 44 47 63 76 82 89 30 22 27 60 76 55 87 82 48 90 36 57 9 69 43 36 89 19 38 87 72 49 13
80 53 23 64 83 88 1 24 88 49 100 45 38 7 64 11 24 85 54 69 38 62 79 5 97 71 47 0 14 31 43 5 36 36 2 70 56 32 95 50 2 100000 98 94 18 99 87 40 45 9 10 45 58 38 61 96 96 80 14 65 20 49 27 3 88 31 51 33 59 100000 51 71 68 35 83 73 68 76 60 73 43 1 58 70 97 67 54 13 29 36 26 46 51 62 1 79 53 7 27 62 67 41 34 77 12 9 61 62 66 50 66 84 9 55 10 100000 51 53 20 80 10 11 5 64 76 82 76 71
86 59 33 33 37 35 9 21 7 41 78 1 55 94 90 75 31 51 92 22 41 99 0 97 10 93 21 14 0 27 54 64 72 35 100 47 89 18 55 69 10 86 60 40 11 84 64 63 77 79 35 86 39 66 22 58 62 6 100 23 39 77 55 51 70 94 71 98 60 73 72 66 58 77 75 92 24 58 98 25 77 33 65 86 90 79 17 33 57 72 89 36 14 35 23 19 9 60 91 67 60 36 69 44 35 89 100000 30 55 64 12 63 15 99 52 34 52 29 8 88 4 71 38 41 75 3 30 20
23 94 8 100 53 30 12 60 38 75 100 8 37 45 9 21 66 87 20 69 71 56 48 96 1 33 90 31 27 0 62 100 58 9 47 64 4 85 98 50 90 32 24 22 86 66 23 12 99 83 21 63 68 61 61 77 95 37 74 75 2 22 64 88 8 70 63 21 23 88 98 22 49 72 90 81 36 7 22 42 30 66 80 77 80 82 62 97 92 73 40 23 0 76 78 77 98 22 33 3 8 80 77 73 31 46 46 40 5 65 76 90 35 21 67 89 0 78 69 50 31 4 73 25 31 32 61 78
11 71 100 34 72 82 2 57 99 26 75 63 83 55 55 73 38 48 5 31 77 9 84 3 4 93 82 43 54 62 0 96 27 85 61 93 35 36 98 78 73 90 32 34 53 81 44 95 78 3 29 13 99 49 31 0 15 92 65 87 50 85 34 59 59 74 19 30 63 47 39 33 27 60 50 47 46 80 56 38 78 60 42 34 19 18 88 26 61 98 77 58 48 86 40 88 4 86 30 98 51 1 0 78 15 82 40 27 80 47 8 36 92 0 45 49 30 29 49 54 67 62 19 24 98 21 15 17
49 2 17 32 95 37 16 8 77 4 20 89 24 47 91 53 68 86 60 84 28 75 77 25 53 50 79 5 64 100 96 0 6 88 69 93 57 24 12 100 97 22 80 44 100000 21 9 26 64 47 32 43 69 17 29 53 100000 29 18 26 66 72 12 95 37 95 98 30 83 58 80 0 42 94 75 51 18 15 26 72 42 79 43 20 79 46 98 54 98 4 87 1 94 45 24 34 43 7 40 21 5 10 99 31 72 4 29 71 17 45 92 41 37 42 48 64 69 62 23 24 26 3 65 41 58 57 8 34
7 7 60 76 86 10 52 78 9 57 55 50 26 96 80 2 83 45 86 88 93 13 52 22 9 82 61 36 72 58 27 6 0 96 82 32 38 70 67 84 1 100 99 41 85 2 52 64 35 46 43 55 84 82 43 58 74 80 45 35 87 21 73 79 18 6 18 62 66 9 62 65 100000 20 9 24 94 42 55 69 20 46 100000 95 100000 0 22 77 73 48 88 23 90 74 19 6 64 30 59 100000 70 30 35 80 97 62 37 0 97 50 4 70 23 24 93 12 98 31 2 5 80 14 75 11 80 87 10 76
44 78 27 72 88 71 95 63 69 91 77 25 60 33 29 16 75 33 46 47 10 35 32 42 70 91 31 36 35 9 85 88 96 0 91 78 38 17 44 38 13 86 12 93 37 36 22 52 46 100000 63 30 68 10 41 67 11 1 37 61 26 83 91 83 98 33 9 90 35 89 91 86 89 69 76 73 35 0 14 30 16 50 35 29 14 4 55 5 70 6 13 13 19 2 75 5 96 90 7 36 82 62 13 100 31 73 1 35 43 81 87 44 21 33 100000 84 86 6 32 89 21 13 29 63 59 20 10 43
31 46 30 83 36 15 24 86 19 52 76 22 65 36 80 61 17 57 95 38 25 37 26 75 0 25 85 2 100 47 61 69 82 91 0 68 83 68 1 53 41 5 90 62 100000 78 37 80 51 41 45 100000 51 97 42 23 26 3 29 9 41 12 53 96 81 8 34 100 34 6 39 41 21 37 2 40 18 42 90 82 85 43 94 79 40 88 86 62 86 6 14 45 10 88 100000 57 85 34 33 65 81 61 82 14 39 29 9 51 22 12 44 9 12 5 81 100 9 57 95 76 21 65 3 66 45 17 13 91
77 78 5 97 61 32 14 87 8 62 100 82 94 21 100000 33 75 73 11 2 37 61 63 85 45 57 46 70 47 64 93 93 32 78 68 0 1 15 79 30 18 74 79 88 46 5 1 96 100 0 63 9 11 56 70 88 8 78 73 27 61 94 12 81 1 60 39 82 81 15 58 39 60 76 3 100 31 6 58 43 19 96 47 19 29 28 100000 15 36 79 51 65 28 86 16 31 2 14 37 42 49 52 56 60 88 68 42 44 41 55 97 41 85 34 77 6 82 32 75 72 79 92 49 38 27 73 89 69
7 83 97 9 69 100000 91 85 47 33 91 29 1 39 7 46 62 12 26 39 12 80 67 58 5 50 11 56 89 4 35 57 38 38 83 1 0 2 82 85 95 92 4 64 92 95 77 36 23 41 24 19 90 33 49 80 36 54 41 85 67 95 36 9 95 72 47 29 71 83 57 42 65 95 0 99 33 13 0 97 33 5 36 51 51 56 40 53 0 8 38 33 22 53 14 32 61 3 80 13 14 47 22 48 40 3 77 34 78 70 78 96 40 77 28 41 96 77 14 88 1 72 87 63 39 85 12 28
38 80 97 97 31 51 41 15 62 61 9 2 70 76 66 46 55 84 86 18 22 79 8 79 93 32 51 32 18 85 36 24 70 17 68 15 2 0 76 42 34 26 27 18 71 38 24 99 81 17 23 91 59 37 41 79 24 0 88 79 10 15 95 94 65 44 89 79 66 31 22 42 78 68 71 7 86 93 94 72 82 90 64 27 63 52 68 24 60 15 2 19 16 16 1 55 20 47 83 76 34 14 44 75 43 90 99 52 90 43 94 52 10 19 10 2 33 76 45 100000 21 11 21 39 32 99 80 41
89 4 90 21 1 87 12 99 85 35 87 95 12 84 6 77 7 2 8 21 52 67 15 17 63 35 55 95 55 98 98 12 67 44 1 79 82 76 0 64 51 61 15 22 68 83 11 70 98 43 71 31 57 29 93 61 86 91 1 45 1 100000 35 38 41 55 41 26 73 66 9 99 54 35 68 27 86 12 17 78 82 87 93 41 50 59 59 87 22 83 90 49 95 0 83 51 19 80 1 46 43 35 4 9 74 95 65 54 61 9 83 36 5 48 74 18 49 31 66 74 39 39 9 43 73 58 59 100000
97 59 6 44 14 96 36 12 38 43 0 64 40 59 56 79 5 4 81 27 11 44 61 37 72 16 9 50 69 50 78 100 84 38 53 30 85 42 64 0 42 88 71 98 20 93 28 87 33 86 47 18 57 15 100 0 21 50 80 60 42 83 63 79 11 90 73 69 28 12 79 78 78 12 2 69 76 22 35 12 93 25 36 89 64 81 2 83 49 99 79 47 52 68 63 61 30 28 79 89 62 70 54 28 18 31 8 100 6 33 78 47 89 32 81 24 81 65 42 80 47 70 93 47 5 1 29 80
51 14 86 66 16 3 90 12 96 72 13 5 37 12 75 22 52 96 77 16 84 56 1 34 55 48 99 2 10 90 73 97 1 13 41 18 95 34 51 42 0 24 54 97 21 89 43 93 79 41 86 79 75 31 30 16 4 39 7 19 69 93 6 35 10 57 72 100000 69 38 51 88 93 27 92 76 17 92 95 92 61 5 72 15 39 70 58 5 59 1 69 5 91 41 40 85 56 45 65 29 65 88 39 74 8 23 16 9 60 42 1 31 81 100000 14 23 70 1 74 10 25 67 65 65 56 10 85 10
79 47 75 33 0 82 12 51 55 42 72 44 84 31 35 94 60 52 8 52 45 24 57 94 69 32 19 100000 86 32 90 22 100 86 5 74 92 26 61 88 24 0 36 38 56 69 71 94 73 47 40 60 17 52 42 19 51 50 72 34 71 30 4 68 39 77 69 54 82 58 36 39 76 32 32 33 95 76 53 96 90 52 73 34 37 42 30 60 84 96 15 13 45 17 90 35 15 33 45 67 21 94 58 2 15 5 18 78 39 44 1 42 28 92 17 86 62 91 39 13 42 87 64 18 93 65 1 34
37 74 26 93 81 69 71 3 11 32 58 89 15 82 37 72 86 47 8 83 45 48 37 96 77 0 29 98 60 24 32 80 99 12 90 79 4 27 15 71 54 36 0 47 96 1 8 10 90 37 40 26 38 7 63 35 87 27 31 43 45 86 5 35 65 55 13 53 72 63 86 56 56 100 22 90 96 14 58 85 33 21 5 0 18 58 45 96 80 74 93 8 42 68 55 82 12 76 12 81 100000 92 96 64 44 98 84 9 16 44 3 100 19 98 1 98 98 5 47 32 21 25 1 0 43 18 17 50
16 42 12 15 87 7 74 13 28 73 87 80 6 58 83 29 32 99 9 44 91 42 87 78 11 100 84 94 40 22 34 44 41 93 62 88 64 18 22 98 97 38 47 0 6 27 61 1 53 74 57 3 56 36 3 39 21 75 37 3 52 83 77 61 58 37 22 100 49 9 88 5 85 40 73 40 100 14 53 6 16 79 78 10 79 100 81 22 90 20 27 89 18 88 16 72 5 70 18 64 95 80 100 34 45 60 96 99 88 98 1 54 98 25 71 0 3 4 43 65 60 39 10 81 66 68 99 28
44 14 40 88 65 43 56 49 55 14 10 13 12 51 60 24 70 11 90 34 22 12 44 10 4 68 37 18 11 86 53 100000 85 37 100000 46 92 71 68 20 21 56 96 6 0 21 88 71 49 98 67 87 6 88 99 50 45 48 35 54 77 23 64 56 3 16 35 41 50 95 70 100 15 49 77 62 1 74 32 100000 73 94 44 54 38 27 88 55 100000 74 67 73 23 61 3 48 47 73 64 94 0 71 84 84 44 4 8 85 36 79 62 21 17 4 19 47 50 19 27 63 34 6 81 70 5 52 42 93
4 33 65 63 89 42 30 46 13 17 79 16 28 86 73 63 67 67 42 34 33 63 87 69 25 17 42 99 84 66 81 21 2 36 78 5 95 38 83 93 89 69 1 27 21 0 11 35 3 69 86 85 76 79 12 18 34 94 12 85 55 11 79 79 14 91 41 20 45 74 5 78 73 81 50 84 4 12 20 69 56 42 36 73 6 64 91 0 29 56 64 65 1 28 43 86 61 64 85 78 9 59 26 32 53 37 85 10 60 83 30 50 78 64 39 38 35 73 64 34 82 26 74 29 61 52 4 93
37 97 60 9 87 19 60 58 26 45 25 49 52 68 39 52 69 6 39 49 58 5 83 9 46 21 19 87 64 23 44 9 52 22 37 1 77 24 11 28 43 71 8 61 88 11 0 79 74 14 9 77 34 62 38 8 48 73 97 48 71 1 2 70 46 63 77 48 17 20 0 94 71 70 100000 23 67 100000 71 26 12 0 77 33 49 36 93 15 27 0 27 65 36 57 74 65 63 14 50 100 88 79 100000 100 94 15 65 9 94 22 97 29 15 66 83 23 37 92 91 39 20 55 63 65 73 89 31 85
64 15 59 94 6 58 32 30 72 20 18 31 8 6 17 53 80 55 85 91 51 15 88 37 49 2 80 40 63 12 95 26 64 52 80 96 36 99 70 87 93 94 10 1 71 35 79 0 33 55 80 6 8 36 13 34 7 23 89 73 84 93 23 78 78 97 20 40 43 87 14 47 28 39 73 49 60 19 8 41 44 25 84 31 15 74 94 77 76 25 52 61 86 88 53 47 81 42 33 69 20 35 55 23 44 18 19 84 67 53 57 61 65 84 16 23 19 24 10 100 71 56 24 26 28 4 13 95
85 2 7 97 51 75 47 75 0 71 86 2 30 99 60 66 100 43 6 6 69 69 44 51 22 54 23 45 77 99 78 64 35 46 51 100 23 81 98 33 79 73 90 53 49 3 74 33 0 66 83 20 12 38 31 34 85 45 33 82 37 88 91 18 7 82 43 27 95 69 72 86 27 33 13 29 9 54 81 19 72 89 17 55 84 84 87 2 0 62 75 43 88 51 100 91 6 59 66 97 25 75 89 96 15 72 24 10 84 28 13 53 30 80 62 30 37 97 93 28 6 63 28 66 96 49 40 4
20 35 60 29 97 64 64 59 64 35 18 63 65 62 15 36 98 26 80 0 17 21 39 63 12 30 13 9 79 83 3 47 46 100000 41 0 41 17 43 86 41 47 37 74 98 69 14 55 66 0 21 94 64 12 42 47 87 70 29 33 6 70 61 31 42 100000 10 42 57 18 18 21 36 5 85 37 14 18 10 19 40 68 46 37 15 73 100000 67 10 75 17 99 46 57 33 73 52 45 30 39 15 42 90 55 45 100 70 17 14 16 24 69 43 44 1 90 2 32 41 53 88 23 39 88 12 63 19 37
70 67 99 96 11 48 27 91 93 40 4 51 26 78 24 88 41 0 71 67 5 26 89 98 37 20 66 10 35 21 29 32 43 63 45 63 24 23 71 47 86 40 40 57 67 86 9 80 83 21 0 49 0 31 51 8 29 68 85 53 82 15 87 40 72 74 1 45 26 44 74 49 93 41 42 97 47 13 22 61 49 46 50 23 70 86 59 61 83 50 52 99 100 7 3 22 81 42 53 81 57 59 8 26 10 65 44 67 15 99 74 84 1 72 47 48 36 4 30 74 76 76 30 67 33 95 97 3
10 8 21 33 46 73 82 68 73 25 51 98 89 68 51 38 39 95 89 95 64 33 0 2 67 26 66 45 86 63 13 43 55 30 100000 9 19 91 31 18 79 60 26 3 87 85 77 6 20 94 49 0 75 43 8 98 62 99 47 29 86 88 34 35 95 43 54 69 15 41 97 24 54 71 20 17 52 55 94 99 47 71 64 39 88 50 81 77 22 86 69 13 97 27 50 69 51 95 28 12 62 21 16 20 59 21 34 63 54 2 41 72 53 67 76 67 29 26 93 77 58 58 100 23 67 86 25 34
94 77 75 45 30 21 12 13 52 20 24 88 56 52 53 66 55 92 34 6 77 4 18 59 5 86 35 58 39 68 99 69 84 68 51 11 90 59 57 57 75 17 38 56 6 76 34 8 12 64 0 75 0 54 76 45 94 63 29 100 91 11 84 2 57 43 39 64 95 92 6 58 68 11 45 39 46 15 71 47 77 26 65 97 36 39 44 100 9 25 68 73 95 56 33 11 87 56 18 68 32 5 88 9 7 57 16 99 46 57 39 56 83 63 73 29 79 86 42 11 58 11 74 89 25 40 7 78
67 7 11 45 33 23 87 35 46 39 85 40 96 100 24 59 81 42 17 67 8 6 10 3 72 5 24 38 66 61 49 17 82 10 97 56 33 37 29 15 31 52 7 36 88 79 62 36 38 12 31 43 54 0 11 36 34 45 6 57 60 16 15 82 94 22 10 71 69 14 65 2 32 95 84 32 64 14 86 5 70 42 6 17 89 17 67 72 37 68 24 72 79 91 3 100 87 24 84 88 29 20 63 75 19 19 5 8 32 49 81 59 48 22 43 9 87 33 41 93 68 90 63 5 94 73 83 76
99 8 86 21 75 58 98 49 68 89 8 68 52 71 92 17 41 34 32 75 14 85 85 53 47 17 54 61 22 61 31 29 43 41 42 70 49 41 93 100 30 42 63 3 99 12 38 13 31 42 51 8 76 11 0 64 53 65 9 98 45 77 65 14 70 58 3 77 80 23 15 18 84 37 92 94 15 53 46 100000 51 66 94 83 28 31 56 74 18 44 64 38 58 99 21 31 9 76 34 19 10 49 38 27 54 74 81 28 76 40 82 15 12 49 34 13 7 95 45 43 68 99 15 46 39 31 22 27
22 15 82 11 18 83 75 50 59 49 60 30 37 32 100 11 45 80 4 2 14 18 82 80 36 50 8 96 58 77 0 53 58 67 23 88 80 79 61 0 16 19 35 39 50 18 8 34 34 47 8 98 45 36 64 0 90 52 33 76 39 80 12 79 13 24 25 3 100000 26 62 65 75 60 94 22 16 50 39 32 91 91 32 83 58 66 92 83 50 59 52 89 67 41 92 32 45 90 12 86 17 23 59 100 31 79 26 65 9 83 45 60 35 100000 6 58 80 18 87 68 36 8 100 90 20 75 88 62
76 89 82 37 61 36 87 79 95 40 1 61 63 33 38 55 38 28 53 27 26 2 67 63 69 31 82 96 62 95 15 100000 74 11 26 8 36 24 86 21 4 51 87 21 45 34 48 7 85 87 29 62 94 34 53 90 0 30 54 74 59 57 48 84 96 67 26 74 13 4 31 10 10 12 12 42 71 88 58 55 86 29 14 37 71 10 24 20 70 16 43 68 35 63 41 100000 91 94 49 83 68 60 31 58 100000 3 51 72 20 46 51 6 28 71 93 9 5 9 37 94 47 40 93 42 57 100000 94 32
51 1 99 54 66 36 38 48 100 54 5 68 95 33 28 60 56 5 79 80 60 91 10 72 46 69 32 80 6 37 92 29 80 1 3 78 54 0 91 50 39 50 27 75 48 94 73 23 45 70 68 99 63 45 65 52 30 0 24 14 66 94 54 81 77 32 9 13 87 51 90 11 45 86 85 38 68 20 49 100000 80 62 38 84 65 34 17 33 50 92 17 38 5 79 97 100000 18 5 89 92 6 60 15 73 76 93 94 32 84 40 14 9 16 12 98 88 44 20 36 80 16 31 39 51 60 80 82 52
52 96 93 69 6 91 30 55 1 10 77 93 59 94 61 57 29 72 64 7 18 90 36 75 41 68 47 14 100 74 65 18 45 37 29 73 41 88 1 80 7 72 31 37 35 12 97 89 33 29 85 47 29 6 9 33 54 24 0 94 84 16 5 11 38 94 34 14 73 67 57 77 50 56 70 47 80 79 95 69 64 11 10 34 95 81 41 33 44 59 1 16 85 79 50 24 21 76 64 36 80 48 79 54 9 91 47 40 37 87 64 17 23 20 100000 62 5 85 20 31 44 36 32 80 90 51 59 51
100 34 24 63 25 45 67 94 52 100000 17 13 31 36 13 83 30 27 40 64 7 49 75 43 87 30 48 65 23 75 87 26 35 61 9 27 85 79 45 60 19 34 43 3 54 85 48 73 82 33 53 29 100 57 98 76 74 14 94 0 49 51 7 43 69 33 78 64 20 66 25 35 53 28 11 1 91 1 70 87 89 22 6 62 54 96 35 75 18 94 60 83 88 90 22 11 7 7 12 10 91 40 59 31 0 57 19 57 66 84 33 92 57 94 27 67 32 4 19 59 63 20 67 6 18 89 32 17
28 85 7 85 58 11 73 56 94 10 70 96 37 39 75 49 7 0 8 30 93 63 92 83 17 27 38 20 39 2 50 66 87 26 41 61 67 10 1 42 69 71 45 52 77 55 71 84 37 6 82 86 91 60 45 39 59 66 84 49 0 59 90 15 68 77 8 22 12 70 32 21 43 86 83 6 91 67 86 68 28 44 26 70 20 47 67 95 14 72 62 87 35 61 23 19 81 82 38 9 94 67 26 45 50 16 14 98 53 40 31 4 14 86 48 34 36 38 50 33 100 61 16 72 15 63 3 73
27 77 41 100000 38 20 99 22 44 20 76 33 79 40 63 45 75 100 76 64 85 1 38 16 33 56 36 49 77 22 85 72 21 83 12 94 95 15 100000 83 93 30 86 83 23 11 1 93 88 70 15 88 11 16 77 80 57 94 16 51 59 0 22 24 40 79 51 56 18 92 20 68 54 90 83 57 18 41 99 54 21 81 15 100 67 86 72 29 9 75 87 54 7 19 86 90 99 71 90 36 20 32 99 68 42 25 6 3 20 15 62 65 83 55 3 89 5 12 5 33 5 49 54 14 47 7 20 81
21 34 97 16 25 30 27 82 54 20 20 30 18 41 100 89 92 33 47 99 69 75 6 32 81 0 20 27 55 64 34 12 73 91 53 12 36 95 35 63 6 4 5 77 64 79 2 23 91 61 87 34 84 15 65 12 48 54 5 7 90 22 0 62 92 5 84 10 36 36 42 25 46 82 49 66 17 74 12 87 12 52 44 16 33 34 75 91 53 13 9 29 89 62 95 20 55 32 42 41 78 70 58 83 25 21 46 22 57 40 17 72 74 84 10 76 73 27 29 15 32 7 100000 62 43 17 74 91
78 68 28 4 51 75 74 97 0 13 54 16 76 38 14 80 77 7 61 86 4 29 29 2 30 50 49 3 51 88 59 95 79 83 96 81 9 94 38 79 35 68 35 61 56 79 70 78 18 31 40 35 2 82 14 79 84 81 11 43 15 24 62 0 18 76 67 80 47 2 85 14 23 32 28 56 24 40 54 47 84 19 3 92 71 29 32 18 55 89 37 89 43 81 64 60 77 49 4 43 0 62 9 2 9 69 61 20 47 52 97 7 21 6 79 31 35 31 76 52 78 100000 98 37 94 35 96 74
76 67 37 51 42 91 0 50 38 76 97 51 4 7 72 73 52 33 33 49 45 52 59 54 32 50 14 88 70 8 59 37 18 98 81 1 95 65 41 11 10 39 65 58 3 14 46 78 7 42 72 95 57 94 70 13 96 77 38 69 68 40 92 18 0 7 18 6 56 2 12 44 66 45 77 73 76 52 78 19 71 41 93 33 49 90 35 52 9 61 78 44 2 90 42 70 99 77 47 57 21 38 67 15 64 32 39 4 8 72 10 56 58 9 82 58 26 32 74 19 52 62 31 13 74 80 70 87
100 97 3 10 75 94 62 8 23 84 18 31 20 81 59 69 82 100 33 19 52 42 92 53 100 78 35 31 94 70 74 95 6 33 8 60 72 44 55 90 57 77 55 37 16 91 63 97 82 100000 74 43 43 22 58 24 67 32 94 33 77 79 5 76 7 0 20 17 15 89 52 94 55 93 90 28 16 1 65 79 90 57 55 22 47 59 55 25 59 22 51 8 44 44 67 18 63 99 76 34 96 28 30 27 20 57 52 53 84 79 73 12 13 63 30 100 57 91 20 16 7 93 29 99 43 89 15 26
98 100 10 100000 4 95 67 8 51 37 26 92 61 60 37 49 44 28 62 38 66 79 50 78 87 23 91 51 71 63 19 98 18 9 34 39 47 89 41 73 72 69 13 22 35 41 77 20 43 10 1 54 39 10 3 25 26 9 34 78 8 51 84 67 18 20 0 20 9 10 34 92 46 47 55 92 49 79 27 92 52 3 2 74 1 10 30 72 72 9 21 42 35 27 66 21 35 44 86 74 47 95 79 4 85 18 61 44 68 35 96 3 28 2 84 61 58 98 49 30 37 55 63 33 4 85 51 67
43 72 1 83 52 20 82 52 83 24 87 59 99 100 82 16 93 0 66 80 94 4 15 50 86 1 4 33 98 21 30 30 62 90 100 82 29 79 26 69 100000 54 53 100 41 20 48 40 27 42 45 69 64 71 77 3 74 13 14 64 22 56 10 80 6 17 20 0 26 56 10 35 50 26 27 89 76 85 56 42 61 59 17 10 13 100000 83 57 82 75 65 39 82 57 31 92 89 19 38 45 28 86 99 10 20 23 19 51 20 65 16 59 35 16 73 33 84 81 69 69 98 5 100 79 67 97 76 95
91 95 99 9 85 92 5 97 79 40 21 27 80 73 82 15 87 1 42 58 26 25 48 58 56 14 0 59 60 23 63 83 66 35 34 81 71 66 73 28 69 82 72 49 50 45 17 43 95 57 26 15 95 69 80 100000 13 87 73 20 12 18 36 47 56 15 9 26 0 1 70 72 30 98 81 25 67 89 25 99 74 19 54 83 65 17 51 90 89 62 64 88 33 100 20 57 62 2 82 80 0 48 84 86 83 29 5 4 94 24 35 92 91 79 73 30 68 83 49 73 31 43 52 8 96 44 29 75
64 99 8 56 79 89 47 47 49 21 91 69 48 95 35 7 78 58 28 75 17 82 34 2 96 63 49 100000 73 88 47 58 9 89 6 15 83 31 66 12 38 58 63 9 95 74 20 87 69 18 44 41 92 14 23 26 4 51 67 66 70 92 36 2 2 89 10 56 1 0 52 33 79 18 23 27 13 75 60 97 57 10 68 96 12 93 54 76 51 42 17 79 89 7 54 37 21 65 25 51 40 87 17 14 48 47 79 19 97 21 31 69 60 76 53 60 67 87 54 41 9 97 99 4 1 24 32 94
49 4 18 16 10 26 85 69 27 82 43 71 75 97 51 36 64 44 6 13 1 67 26 76 68 5 68 51 72 98 39 80 62 91 39 58 57 22 9 79 51 36 86 88 70 5 0 14 72 18 74 97 6 65 15 62 31 90 57 25 32 20 42 85 12 52 34 10 70 52 0 10 59 10 42 45 58 89 72 60 76 75 41 68 78 53 45 74 42 41 80 4 6 80 78 21 93 91 100000 98 98 77 9 35 50 71 82 100000 64 41 51 7 87 45 18 56 26 79 58 86 28 34 35 74 40 96 77 97
37 19 27 100 29 100 60 6 84 90 97 100 74 46 55 19 43 41 2 15 26 87 24 36 32 46 33 71 66 22 33 0 65 86 41 39 42 42 99 78 88 39 56 5 100 78 94 47 86 21 49 24 58 2 18 65 10 11 77 35 21 68 25 14 44 94 92 35 72 33 10 0 63 73 81 28 94 20 97 17 76 11 51 100 11 8 26 100000 34 21 34 41 29 54 22 54 35 40 78 65 43 78 48 2 35 14 88 49 57 53 0 67 43 14 14 29 83 58 23 67 53 1 70 100 54 60 58 94
65 69 37 14 95 51 26 60 2 73 74 56 32 33 15 52 100000 74 80 36 0 46 73 54 26 35 21 68 58 49 27 42 100000 89 21 60 65 78 54 78 93 76 56 85 15 73 71 28 27 36 93 54 68 32 84 75 10 45 50 53 43 54 46 23 66 55 46 50 30 79 59 63 0 16 7 11 92 40 55 68 84 67 67 61 57 2 14 67 78 85 38 2 45 30 28 50 32 36 82 99 56 76 48 7 94 62 80 95 24 30 74 30 46 70 82 21 88 58 73 17 76 50 2 60 42 10 90 82
98 49 64 8 22 100 29 60 49 18 79 13 21 1 73 73 90 89 5 81 81 82 43 65 0 82 63 35 77 72 60 94 20 69 37 76 95 68 35 12 27 32 100 40 49 81 70 39 33 5 41 71 11 95 37 60 12 86 56 28 86 90 82 32 45 93 47 26 98 18 10 73 16 0 87 68 30 76 42 88 20 4 43 29 15 35 55 52 29 43 73 31 92 42 25 55 28 18 58 26 45 17 66 72 12 16 86 64 41 11 46 92 62 95 52 70 65 66 34 40 48 72 91 29 67 24 44 72
24 45 43 64 7 63 46 25 74 17 72 39 86 58 94 74 25 41 85 92 62 34 38 45 84 55 55 83 75 90 50 75 9 76 2 3 0 71 68 2 92 32 22 73 77 50 100000 73 13 85 42 20 45 84 92 94 12 85 70 11 83 83 49 28 77 90 55 27 81 23 42 81 7 87 0 47 75 2 100 88 20 3 16 29 71 33 31 63 54 43 4 52 89 20 23 89 88 65 89 47 64 14 3 72 30 92 33 1 63 35 67 50 55 97 50 66 65 4 41 24 80 33 32 23 11 99 14 58
51 82 99 7 46 89 46 34 90 75 35 36 74 12 23 43 37 73 28 54 67 99 27 71 94 87 99 73 92 81 47 51 24 73 40 100 99 7 27 69 76 33 90 40 62 84 23 49 29 37 97 17 39 32 94 22 42 38 47 1 6 57 66 56 73 28 92 89 25 27 45 28 11 68 47 0 16 14 90 48 44 57 82 46 36 76 53 90 90 96 16 95 99 0 85 36 82 24 54 95 2 100000 60 20 60 62 84 84 75 32 50 32 33 17 60 57 35 57 71 98 100000 92 80 19 62 18 75 43
45 100 99 19 83 92 7 54 58 58 3 19 40 86 33 12 52 6 89 12 9 68 82 0 3 59 10 68 24 36 46 18 94 35 18 31 33 86 86 76 17 95 96 100 1 4 67 60 9 14 47 52 46 64 15 16 71 68 80 91 91 18 17 24 76 16 49 76 67 13 58 94 92 30 75 16 0 33 84 36 22 55 73 60 10 82 68 61 3 78 5 78 41 52 92 67 14 89 54 100000 22 38 35 85 61 92 12 3 43 53 26 90 3 40 1 74 24 41 37 44 51 72 82 59 74 25 82 60
32 27 81 42 25 16 33 7 5 9 1 96 29 3 43 36 68 81 91 26 51 26 39 89 52 72 65 76 58 7 80 15 42 0 42 6 13 93 12 22 92 76 14 14 74 12 100000 19 54 18 13 55 15 14 53 50 88 20 79 1 67 41 74 40 52 1 79 85 89 75 89 20 40 76 2 14 33 0 47 95 97 91 49 35 91 99 11 79 79 35 97 73 48 82 62 68 88 91 11 54 22 41 5 72 88 93 6 55 44 0 4 81 41 12 73 40 72 95 41 10 12 92 49 18 68 100 13 38
11 29 28 85 83 74 34 2 0 27 57 42 27 47 13 8 25 15 39 64 87 99 65 17 91 68 61 60 98 22 56 26 55 14 90 58 0 94 17 35 95 53 58 53 32 20 71 8 81 10 22 94 71 86 46 39 58 49 95 70 86 99 12 54 78 65 27 56 25 60 72 97 55 42 100 90 84 47 0 74 54 87 73 42 49 73 64 26 71 16 19 23 26 79 40 12 88 42 81 46 97 25 30 13 90 30 27 62 7 24 46 62 14 57 84 62 44 3 37 82 53 17 66 91 73 19 26 96
4 72 51 91 77 45 94 60 94 39 63 13 26 55 50 66 81 15 26 26 24 13 69 4 39 43 10 73 25 42 38 72 69 30 82 43 97 72 78 12 92 96 85 6 100000 69 26 41 19 19 61 99 47 5 100000 32 55 100000 69 87 68 54 87 47 19 79 92 42 99 97 60 17 68 88 88 48 36 95 74 0 73 100000 9 75 94 2 69 40 15 72 100 2 65 40 66 38 80 46 34 36 53 17 37 67 6 56 34 15 52 26 30 80 0 87 61 10 1 40 84 56 46 26 50 28 80 1 40 95
79 77 85 66 77 14 53 62 100000 18 45 15 82 33 76 6 35 73 42 98 47 69 84 39 25 62 24 43 77 30 78 42 20 16 85 19 33 82 82 93 61 90 33 16 73 56 12 44 72 40 49 47 77 70 51 91 86 80 64 89 28 21 12 84 71 90 52 61 74 57 76 76 84 20 20 44 22 97 54 73 0 35 4 43 96 75 39 72 32 29 77 2 30 9 19 18 21 84 54 93 73 9 71 80 63 22 11 97 85 41 38 61 71 37 35 35 16 86 43 63 72 27 7 97 92 63 90 99
75 68 10 12 70 0 36 98 9 56 88 41 81 71 68 52 37 69 94 47 27 72 94 44 63 72 32 1 33 66 60 79 46 50 43 96 5 90 87 25 5 52 21 79 94 42 0 25 89 68 46 71 26 42 66 91 29 62 11 22 44 81 52 19 41 57 3 59 19 10 75 11 67 4 3 57 55 91 87 100000 35 0 71 79 63 61 69 21 94 23 46 80 19 81 28 93 75 13 80 69 77 7 1 59 98 39 69 26 59 1 71 61 34 0 100000 82 49 83 20 77 39 98 3 48 7 29 100 62
68 13 100 97 97 20 97 7 37 97 31 18 1 59 26 26 24 7 60 56 91 1 21 88 98 100000 23 58 65 80 42 43 100000 35 94 47 36 64 93 36 72 73 5 78 44 36 77 84 17 46 50 64 65 6 94 32 14 38 10 6 26 15 44 3 93 55 2 17 54 68 41 51 67 43 16 82 73 49 73 9 4 71 0 64 48 14 86 88 9 59 86 30 52 53 37 20 9 68 10 19 66 77 88 76 62 16 42 55 17 41 61 41 11 61 76 73 23 26 97 60 30 52 23 28 33 1 84 48
72 53 14 45 8 67 62 7 87 89 28 82 42 84 66 39 92 39 40 2 41 14 86 75 24 72 97 70 86 77 34 20 95 29 79 19 51 27 41 89 15 34 0 10 54 73 33 31 55 37 23 39 97 17 83 83 37 84 34 62 70 100 16 92 33 22 74 10 83 96 68 100 61 29 29 46 60 35 42 75 43 79 64 0 75 9 37 50 27 8 6 71 100 16 23 25 61 86 66 83 65 6 19 29 71 7 64 57 18 24 60 92 0 56 15 57 2 98 63 53 98 26 51 80 74 30 42 19
24 54 19 60 82 67 71 38 14 60 57 23 100000 7 66 77 29 84 1 97 65 3 99 29 95 0 48 97 90 80 19 79 100000 14 40 29 51 63 50 64 39 37 18 79 38 6 49 15 84 15 70 88 36 89 28 58 71 65 95 54 20 67 33 71 49 47 1 13 65 12 78 11 57 15 71 36 10 91 49 94 96 63 48 75 0 69 35 71 74 25 4 66 1 16 21 9 68 32 15 17 23 98 4 8 66 88 86 93 20 24 79 99 30 81 61 67 26 79 90 45 22 100000 23 82 47 47 78 26
90 6 19 78 69 100 37 19 72 39 99 31 39 8 35 79 60 43 45 29 34 28 15 46 15 58 69 67 79 82 18 46 0 4 88 28 56 52 59 81 70 42 58 100 27 64 36 74 84 73 86 50 39 17 31 66 10 34 81 96 47 86 34 29 90 59 10 100000 17 93 53 8 2 35 33 76 82 99 73 2 75 61 14 9 69 0 97 97 37 13 76 78 10 89 41 69 19 66 94 24 0 100000 62 5 56 93 71 89 29 57 39 70 54 39 71 25 6 89 44 90 14 3 5 72 35 99 39 72
28 43 53 84 100000 7 12 6 54 27 28 4 70 82 89 75 87 70 84 33 46 98 15 33 55 94 10 54 17 62 88 98 22 55 86 100000 40 68 59 2 58 30 45 81 88 91 93 94 87 100000 59 81 44 67 56 92 24 17 41 35 67 72 75 32 35 55 30 83 51 54 45 26 14 55 31 53 68 11 64 69 39 69 86 37 35 97 0 5 85 62 93 21 98 49 87 29 28 49 60 62 2 49 63 9 31 6 48 30 40 64 90 15 92 43 34 11 10 5 9 85 79 55 100 42 58 21 49 100
23 36 91 61 49 5 45 30 11 86 63 4 9 46 36 40 96 52 82 39 97 12 100000 7 44 31 72 13 33 97 26 54 77 5 62 15 53 24 87 83 5 60 96 22 55 0 15 77 2 67 61 77 100 72 74 83 20 33 33 75 95 29 91 18 52 25 72 57 90 76 74 100000 67 52 63 90 61 79 26 40 72 21 88 50 71 97 5 0 14 13 75 73 84 55 58 77 83 23 11 58 26 43 34 8 99 7 64 2 52 21 74 3 73 11 27 19 32 90 84 27 57 11 36 75 55 44 50 56
31 87 96 11 76 5 23 45 80 19 62 86 33 59 24 2 100 36 51 38 0 2 91 30 36 87 77 29 57 92 61 98 73 70 86 36 0 60 22 49 59 84 80 90 100000 29 27 76 0 10 83 22 9 37 18 50 70 50 44 18 14 9 53 55 9 59 72 82 89 51 42 34 78 29 54 90 3 79 71 15 32 94 9 27 74 37 85 14 0 17 16 16 49 67 35 70 93 57 44 26 72 35 99 34 66 9 60 61 84 34 31 3 43 93 92 43 88 1 61 21 87 96 39 78 50 45 80 85
62 97 94 51 26 37 86 12 24 39 11 4 27 80 49 85 9 2 10 76 24 2 36 54 51 29 57 36 72 73 98 4 48 6 6 79 8 15 83 99 1 96 74 20 74 56 0 25 62 75 50 86 25 68 44 59 16 92 59 94 72 75 13 89 61 22 9 75 62 42 41 21 85 43 43 96 78 35 16 72 29 23 59 8 25 13 62 13 17 0 33 90 94 29 6 71 85 62 9 87 45 94 100 0 94 97 17 44 8 48 79 26 41 90 18 35 5 94 39 81 94 60 0 88 86 87 11 94
100000 85 98 65 67 9 96 68 56 58 88 9 54 13 66 94 77 68 59 82 56 7 77 11 96 93 91 26 89 40 77 87 88 13 14 51 38 2 90 79 69 15 93 27 67 64 27 52 75 17 52 69 68 24 64 52 43 17 1 60 62 87 9 37 78 51 21 65 64 17 80 34 38 73 4 16 5 97 19 100 77 46 86 6 4 76 93 75 16 33 0 61 87 40 13 35 57 16 30 24 96 64 80 89 30 8 45 20 1 99 38 43 22 9 76 98 22 28 58 52 67 46 85 63 56 88 61 10
54 90 22 4 19 33 100000 49 94 4 87 47 58 74 80 100 16 52 37 54 9 34 34 75 89 5 24 46 36 23 58 1 23 13 45 65 33 19 49 47 5 13 8 89 73 65 65 61 43 99 99 13 73 72 38 89 68 38 16 83 87 54 29 89 44 8 42 39 88 79 4 41 2 31 52 95 78 73 23 2 2 80 30 71 66 78 21 73 16 90 61 0 10 23 78 17 96 90 77 69 81 86 95 93 5 92 89 12 36 88 86 72 62 23 90 45 4 48 8 7 1 36 34 82 72 75 84 16
36 79 26 15 29 47 93 3 20 90 43 65 4 64 14 5 56 27 45 83 72 79 27 61 85 77 7 51 14 0 48 94 90 19 10 28 22 16 95 52 91 45 42 18 23 1 36 86 88 46 100 97 95 79 58 67 35 5 85 88 35 7 89 43 2 44 35 82 33 89 6 29 45 92 89 99 41 48 26 65 30 19 52 100 1 10 98 84 49 94 87 10 0 87 98 79 58 76 98 22 38 21 97 22 75 79 73 60 22 47 92 87 26 35 65 2 83 98 2 31 62 94 100000 5 52 6 67 100
52 86 98 22 50 92 84 85 94 67 69 61 17 11 9 96 38 71 61 51 64 94 52 29 87 78 43 62 35 76 86 45 74 2 88 86 53 16 0 68 41 17 68 88 61 28 57 88 51 57 7 27 56 91 99 41 63 79 79 90 61 19 62 81 90 44 27 57 100 7 80 54 30 42 20 0 52 82 79 40 9 81 53 16 16 89 49 55 67 29 40 23 87 0 96 74 27 60 76 21 61 31 89 44 34 72 95 6 73 11 31 81 88 94 45 5 31 99 9 97 44 36 76 26 27 95 69 42
42 14 95 47 25 75 2 97 99 34 39 59 66 96 11 72 100000 77 97 5 32 45 85 30 92 6 85 1 23 78 40 24 19 75 100000 16 14 1 83 63 40 90 55 16 3 43 74 53 100 33 3 50 33 3 21 92 41 97 50 22 23 86 95 64 42 67 66 31 20 54 78 22 28 25 23 85 92 62 40 66 19 28 37 23 21 41 87 58 35 6 13 78 98 96 0 20 78 26 19 53 93 68 66 23 94 10 77 44 88 88 37 8 89 81 40 38 43 19 79 26 4 91 76 31 49 71 49 57
78 84 98 90 8 21 79 5 13 73 77 75 53 16 39 0 65 30 43 91 76 97 57 31 100 64 68 79 19 77 88 34 6 5 57 31 32 55 51 61 85 35 82 72 48 86 65 47 91 73 22 69 11 100 31 32 100000 100000 24 11 19 90 20 60 70 18 21 92 57 37 21 54 50 55 89 36 67 68 12 38 18 93 20 25 9 69 29 77 70 71 35 17 79 74 20 0 68 48 100 53 15 50 98 58 77 83 75 39 70 90 56 75 83 23 18 47 73 78 100000 21 93 31 66 10 41 47 63 68
40 38 73 69 42 32 53 51 83 7 40 66 23 49 28 82 14 86 18 77 85 4 10 79 96 62 78 53 9 98 4 43 64 96 85 2 61 20 19 30 56 15 12 5 47 61 63 81 6 52 81 51 87 87 9 45 91 18 21 7 81 99 55 77 99 63 35 89 62 21 93 35 32 28 88 82 14 88 88 80 21 75 9 61 68 19 28 83 93 85 57 96 58 27 78 68 0 8 37 100 46 16 59 59 26 7 31 72 26 93 95 95 72 72 77 72 89 35 33 86 38 62 22 3 61 94 30 37
74 68 26 5 60 50 3 32 49 92 38 45 81 35 92 30 46 3 28 48 33 92 89 50 99 36 60 7 60 22 86 7 30 90 34 14 3 47 80 28 45 33 76 70 73 64 14 42 59 45 42 95 56 24 76 90 94 5 76 7 82 71 32 49 77 99 44 19 2 65 91 40 36 18 65 24 89 91 42 46 84 13 68 86 32 66 49 23 57 62 16 90 76 60 26 48 8 0 77 0 3 53 69 43 74 50 94 41 77 19 84 69 47 72 86 53 10 48 67 37 41 42 29 60 74 64 56 93
10 79 18 29 41 36 75 75 68 90 36 35 83 17 91 94 46 63 27 29 36 88 73 12 14 58 100000 27 91 33 30 40 59 7 33 37 80 83 1 79 65 45 12 18 64 85 50 33 66 30 53 28 18 84 34 12 49 89 64 12 38 90 42 4 47 76 86 38 82 25 100000 78 82 58 89 54 54 11 81 34 54 80 10 66 15 94 60 11 44 9 30 77 98 76 19 100 37 77 0 53 26 81 1 37 0 56 22 6 21 10 1 19 47 97 31 10 23 78 45 34 14 61 73 54 39 88 65 84
15 2 73 29 32 54 96 94 99 9 23 65 8 88 48 17 60 89 36 78 0 77 21 40 83 2 44 62 67 3 98 21 100000 36 65 42 13 76 46 89 29 67 81 64 94 78 100 69 97 39 81 12 68 88 19 86 83 92 36 10 9 36 41 43 57 34 74 45 80 51 98 65 99 26 47 95 100000 54 46 36 93 69 19 83 17 24 62 58 26 87 24 69 22 21 53 53 100 0 53 0 49 94 66 67 9 55 75 16 81 50 83 57 81 45 74 67 11 23 43 64 6 83 64 92 12 29 84 9
96 77 67 68 22 24 3 32 86 100000 3 84 93 97 81 65 50 0 67 4 60 61 79 35 50 60 47 67 60 8 51 5 70 82 81 49 14 34 43 62 65 21 100000 95 0 9 88 20 25 15 57 62 32 29 10 17 68 6 80 91 94 20 78 0 21 96 47 28 0 40 98 43 56 45 64 2 22 22 97 53 73 77 66 65 23 0 2 26 72 45 96 81 38 61 93 15 46 3 26 49 0 65 88 27 87 38 81 60 99 82 62 2 46 8 13 63 56 27 31 95 5 30 64 27 49 14 7 74
3 93 88 27 78 55 90 88 61 79 86 12 76 49 84 90 11 68 65 4 78 87 22 2 37 76 63 41 36 80 1 10 30 62 61 52 47 14 35 70 88 94 92 80 71 59 79 35 75 42 59 21 5 20 49 23 60 60 48 40 67 32 70 62 38 28 95 86 48 87 77 78 76 17 14 100000 38 41 25 17 9 7 77 6 98 100000 49 43 35 94 64 86 21 31 68 50 16 53 81 94 65 0 61 57 38 96 79 76 71 11 74 79 50 12 67 86 96 14 87 16 31 25 38 20 0 58 29 100000
85 77 100 93 70 38 15 37 79 6 24 79 73 62 98 82 25 32 3 59 26 73 87 39 69 89 76 34 69 77 0 99 35 13 82 56 22 44 4 54 39 58 96 100 84 26 100000 55 89 90 8 16 88 63 38 59 31 15 79 59 26 99 58 9 67 30 79 99 84 17 9 48 48 66 3 60 35 5 30 37 71 1 88 19 4 62 63 34 99 100 80 95 97 89 66 98 59 69 1 66 88 61 0 40 24 10 38 92 43 90 59 48 28 48 97 32 32 54 49 30 35 10 99 85 9 19 86 4
58 80 51 7 63 47 81 58 16 27 56 6 85 11 97 72 66 52 48 18 49 56 15 63 82 82 82 77 44 73 78 31 80 100 14 60 48 75 9 28 74 2 64 34 84 32 100 23 96 55 26 20 9 75 27 100 58 73 54 31 45 68 83 2 15 27 4 10 86 14 35 2 7 72 72 20 85 72 13 67 80 59 76 29 8 5 9 8 34 0 89 93 22 44 23 58 59 43 37 67 27 57 40 0 40 47 66 74 65 28 59 35 87 22 85 44 60 12 27 47 21 91 60 16 94 88 3 17
44 10 17 6 23 42 17 13 83 77 69 46 60 5 20 98 100 95 2 85 67 5 86 100000 26 11 89 12 35 31 15 72 97 31 39 88 40 43 74 18 8 15 44 45 44 53 94 44 15 45 10 59 7 19 54 31 100000 76 9 0 50 42 25 9 64 20 85 20 83 48 50 35 94 12 30 60 61 88 90 6 63 98 62 71 66 56 31 99 66 94 30 5 75 34 94 77 26 74 0 9 87 38 24 40 0 68 36 41 4 2 53 9 88 13 39 85 33 58 17 89 99 10 83 64 31 0 85 79
33 85 97 83 22 1 0 45 74 67 63 3 9 81 56 69 59 66 68 73 2 40 84 100000 12 90 30 9 89 46 82 4 62 73 29 68 3 90 95 31 23 5 98 60 4 37 15 18 72 100 65 21 57 19 74 79 3 93 91 57 16 25 21 69 32 57 18 23 29 47 71 14 62 16 92 62 92 93 30 56 22 39 16 7 88 93 6 7 9 97 8 92 79 72 10 83 7 50 56 55 38 96 10 47 68 0 100000 84 70 90 88 34 92 95 9 62 27 55 56 3 21 21 50 86 21 47 87 47
54 24 33 85 93 36 27 37 69 71 27 97 97 90 96 96 90 87 54 61 50 68 78 7 15 90 22 61 100000 46 40 29 37 1 9 42 77 99 65 8 16 18 84 96 8 85 65 19 24 70 44 34 16 5 81 26 51 94 47 19 14 6 46 61 39 52 61 19 5 79 82 88 80 86 33 84 12 6 27 34 11 69 42 64 86 71 48 64 60 17 45 89 73 95 77 75 31 94 22 75 81 79 38 66 36 100000 0 13 83 98 91 69 83 99 4 90 34 99 10 73 40 22 63 72 20 19 85 44
4 85 41 17 18 69 17 59 68 34 5 23 57 14 100 4 88 7 71 28 85 60 3 38 72 43 27 62 30 40 27 71 0 35 51 44 34 52 54 100 9 78 9 99 85 10 9 84 10 17 67 63 99 8 28 65 72 32 40 57 98 3 22 20 4 53 44 51 4 19 100000 49 95 64 1 84 3 55 62 15 97 26 55 57 93 89 30 2 61 44 20 12 60 6 44 39 72 41 6 16 60 76 92 74 41 84 13 0 23 33 1 97 12 63 13 12 69 35 82 32 36 63 100000 97 40 35 8 23
89 11 98 86 88 11 79 86 96 20 60 27 32 14 42 67 20 37 59 7 21 14 9 25 99 77 60 66 55 5 80 17 97 43 22 41 78 90 61 6 60 39 16 88 36 60 94 67 84 14 15 54 46 32 76 9 20 84 37 66 53 20 57 47 8 84 68 20 94 97 64 57 24 41 63 75 43 44 7 52 85 59 17 18 20 29 40 52 84 8 1 36 22 73 88 70 26 77 21 81 99 71 43 65 4 70 83 23 0 29 5 90 37 70 67 29 41 71 92 26 0 69 76 66 58 66 43 16
56 36 7 34 3 65 32 12 72 57 21 12 26 86 94 59 8 29 49 69 6 18 5 46 3 37 76 50 64 65 47 45 50 81 12 55 70 43 9 33 42 44 44 98 79 83 22 53 28 16 99 2 57 49 40 83 46 40 87 84 40 15 40 52 72 79 35 65 24 21 41 53 30 11 35 32 53 0 24 26 41 1 41 24 24 57 64 21 34 48 99 88 47 11 88 90 93 19 10 50 82 11 90 28 2 90 98 33 29 0 97 87 91 96 8 20 1 91 68 72 49 40 27 8 55 0 39 95
75 11 60 7 7 21 70 82 24 63 22 46 11 1 22 97 52 99 97 9 56 37 35 65 53 57 55 66 12 76 8 92 4 87 44 97 78 94 83 78 1 1 3 1 62 30 97 57 13 24 74 41 39 81 82 45 51 14 64 33 31 62 17 97 10 73 96 16 35 31 51 0 74 46 67 50 26 4 46 30 38 71 61 60 79 39 90 74 31 79 38 86 92 31 37 56 95 84 1 83 62 74 59 59 53 88 91 1 5 97 0 74 92 45 12 8 1 19 13 16 73 42 6 52 0 16 63 32
56 97 83 95 36 26 48 1 49 68 31 61 92 44 60 26 10 65 94 14 66 59 36 66 3 21 87 84 63 90 36 41 70 44 9 41 96 52 36 47 31 42 100 54 21 50 29 61 53 69 84 72 56 59 15 60 6 9 17 92 4 65 72 7 56 12 3 59 92 69 7 67 30 92 50 32 90 81 62 80 61 61 41 92 99 70 15 3 3 26 43 72 87 81 8 75 95 69 19 57 2 79 48 35 9 34 69 97 90 87 74 0 84 10 37 35 22 13 78 56 56 31 48 59 89 18 3 79
32 33 98 36 2 23 83 17 9 53 28 72 25 14 26 88 33 0 48 93 63 1 69 41 74 86 82 9 15 35 92 37 23 21 12 85 40 10 5 89 81 28 19 98 17 78 15 65 30 43 1 53 83 48 12 35 28 16 23 57 14 83 74 21 58 13 28 35 91 60 87 43 46 62 55 33 3 41 14 0 71 34 11 0 30 54 92 73 43 41 22 62 26 88 89 83 72 47 47 81 46 50 28 87 88 92 83 12 37 91 92 84 0 92 26 72 78 78 47 44 92 58 25 25 60 29 96 82
87 50 72 60 85 86 90 82 62 63 60 1 93 49 4 12 37 64 0 34 18 84 43 0 100000 39 48 55 99 21 0 42 24 33 5 34 77 19 48 32 100000 92 98 25 4 64 66 84 80 44 72 67 63 22 49 100000 71 12 20 94 86 55 84 6 9 63 2 16 79 76 45 14 70 95 97 17 40 12 57 87 37 0 61 56 81 39 43 11 93 90 9 23 35 94 81 23 72 72 97 45 8 12 48 22 13 95 99 63 70 96 45 10 92 0 98 7 88 16 16 83 36 98 42 46 91 78 86 17
14 50 35 78 16 14 76 56 70 2 90 42 49 100000 28 14 31 25 1 87 35 97 97 76 67 98 90 10 52 67 45 48 93 100000 81 77 28 10 74 81 14 17 1 71 19 39 83 16 62 1 47 76 73 43 34 6 93 98 100000 27 48 3 10 79 82 30 84 73 73 53 18 14 82 52 50 60 1 73 84 61 35 100000 76 15 61 71 34 27 92 18 76 90 65 45 40 18 77 86 31 74 13 67 97 85 39 9 4 13 67 8 12 37 26 98 0 37 45 55 13 49 81 35 69 96 80 64 43 6
67 37 30 97 0 84 83 10 100 24 95 68 43 52 99 14 76 77 33 84 31 18 21 66 97 85 36 100000 34 89 49 64 12 84 100 6 41 2 18 24 23 86 98 0 47 38 23 23 30 90 48 67 29 9 13 58 9 88 62 67 34 89 76 31 58 100 61 33 30 60 56 29 21 70 66 57 74 40 62 10 35 82 73 57 67 25 11 19 43 35 98 45 2 5 38 47 72 53 10 67 63 86 32 44 85 62 90 12 29 20 8 35 72 7 37 0 98 99 49 34 12 42 20 36 91 58 32 3
50 82 64 47 8 71 26 8 71 34 76 66 60 50 100000 56 56 92 90 95 66 61 3 67 95 89 57 51 52 0 30 69 98 86 9 82 96 33 49 81 70 62 98 3 50 35 37 19 37 2 36 29 79 87 7 80 5 44 5 32 36 5 73 35 26 57 58 84 68 67 26 83 88 65 65 35 24 72 44 1 16 49 23 2 26 6 10 32 88 5 22 4 83 31 43 73 89 10 23 11 56 96 32 60 33 27 34 69 41 1 1 22 78 88 45 98 0 71 33 25 42 30 48 64 60 16 36 3
96 68 69 78 61 22 48 1 50 7 92 90 59 77 81 52 100 8 12 18 8 18 85 13 13 87 9 53 29 78 29 62 31 6 57 32 77 76 31 65 1 91 5 4 19 73 92 24 97 32 4 26 86 33 95 18 9 20 85 4 38 12 27 31 32 91 98 81 83 87 79 58 58 66 4 57 41 95 3 40 86 83 26 98 79 89 5 90 1 94 28 48 98 99 19 78 35 48 78 23 27 14 54 12 58 55 99 35 71 91 19 13 78 16 55 99 71 0 98 96 41 55 74 61 69 97 67 92
85 46 46 100000 84 15 17 95 75 12 79 87 91 25 23 93 100000 98 53 87 33 94 55 88 51 22 69 20 8 69 49 23 2 32 95 75 14 45 66 42 74 39 47 43 27 64 91 10 93 41 30 93 42 41 45 87 37 36 20 19 50 5 29 76 74 20 49 69 49 54 58 23 73 34 41 71 37 41 37 84 43 20 97 63 90 44 9 84 61 39 58 8 2 9 79 100000 33 67 45 43 31 87 49 27 17 56 10 82 92 68 13 78 47 16 13 49 33 98 0 22 18 58 7 26 56 37 30 2
23 73 99 3 23 7 100 36 70 54 73 15 60 69 37 40 40 44 56 41 58 86 90 71 55 35 43 80 88 50 54 24 5 89 76 72 88 100000 74 80 10 13 32 65 63 34 39 100 28 53 74 77 11 93 43 68 94 80 31 59 33 33 15 52 19 16 30 69 73 41 86 67 17 40 24 98 44 10 82 56 63 77 60 53 45 90 85 27 21 81 52 7 31 97 26 21 86 37 34 64 95 16 30 47 89 3 73 32 26 72 16 56 44 83 49 34 25 96 22 0 48 78 22 77 100 47 100 19
33 15 85 63 20 51 85 34 96 52 66 89 15 2 63 63 5 2 82 53 74 27 86 58 4 42 36 10 4 31 67 26 80 21 21 79 1 21 39 47 25 42 21 60 34 82 20 71 6 88 76 58 58 68 68 36 47 16 44 63 100 5 32 78 52 7 37 98 31 9 28 53 76 48 80 100000 51 12 53 46 72 39 30 98 22 14 79 57 87 94 67 1 62 44 4 93 38 41 14 6 5 31 35 21 99 21 40 36 0 49 73 56 92 36 81 12 42 41 18 48 0 78 74 15 10 21 43 86
56 5 76 86 74 53 95 41 52 91 97 50 77 93 62 58 42 4 76 53 64 56 58 46 45 80 89 11 71 4 62 3 14 13 65 92 72 11 39 70 67 87 25 39 6 26 55 56 63 23 76 58 11 90 99 8 40 31 36 20 61 49 7 100000 62 93 55 5 43 97 34 1 50 72 33 92 72 92 17 26 27 98 52 26 100000 3 55 11 96 60 46 36 94 36 91 31 62 42 61 83 30 25 10 91 10 21 22 63 69 40 42 31 58 98 35 42 30 55 58 78 78 0 84 7 78 98 75 40
64 57 68 8 49 39 76 76 86 87 43 1 4 41 91 37 71 38 37 21 75 98 20 93 20 95 19 5 38 73 19 65 75 29 3 49 87 21 9 93 65 64 1 10 81 74 63 24 28 39 30 100 74 63 15 100 93 39 32 67 16 54 100000 98 31 29 63 100 52 99 35 70 2 91 32 80 82 49 66 50 7 3 23 51 23 5 100 36 39 0 85 34 100000 76 76 66 22 29 73 64 64 38 99 60 83 50 63 100000 76 27 6 48 25 42 69 20 48 74 7 22 74 84 0 41 12 45 74 31
12 19 100 20 34 32 75 39 17 11 87 69 36 26 36 44 33 6 25 58 99 67 24 51 68 98 38 64 41 25 24 41 11 63 66 38 63 39 43 47 65 18 0 81 70 29 65 26 66 88 67 23 89 5 46 90 42 51 80 6 72 14 62 37 13 99 33 79 8 4 74 100 60 29 23 19 59 18 91 28 97 48 28 80 82 72 42 75 78 88 63 82 5 26 31 10 3 60 54 92 27 20 85 16 64 86 72 97 66 8 52 59 25 46 96 36 64 61 26 77 15 7 41 0 34 52 79 43
0 92 14 57 74 29 84 79 26 67 27 99 52 35 91 60 88 80 93 60 68 18 51 2 55 33 87 76 75 31 98 58 80 59 45 27 39 32 73 5 56 93 43 66 5 61 73 28 96 12 33 67 25 94 39 20 57 60 90 18 15 47 43 94 74 43 4 67 96 1 40 54 42 67 11 62 74 68 73 80 92 7 33 74 47 35 58 55 50 86 56 72 52 27 49 41 61 74 39 12 49 0 9 94 31 21 20 40 58 55 0 89 60 91 80 91 60 69 56 100 10 78 12 34 0 80 53 58
62 18 78 27 88 90 92 10 84 52 83 30 29 75 99 70 87 93 58 96 83 51 90 54 92 94 72 82 3 32 21 57 87 20 17 73 85 99 58 1 10 65 18 68 52 52 89 4 49 63 95 86 40 73 31 75 100000 80 51 89 63 7 17 35 80 89 85 97 44 24 96 60 10 24 99 18 25 100 19 1 63 29 1 30 47 99 21 44 45 87 88 75 6 95 71 47 94 64 88 29 14 58 19 88 0 47 19 35 66 0 16 18 29 78 64 58 16 97 37 47 21 98 45 52 80 0 38 90
48 39 91 59 69 71 46 6 61 76 52 94 22 28 38 3 16 23 45 63 93 12 46 88 42 40 49 76 30 61 15 8 10 10 13 89 12 80 59 29 85 1 17 99 42 4 31 13 40 19 97 25 7 83 22 88 94 82 59 32 3 20 74 96 70 15 51 76 29 32 77 58 90 44 14 75 82 13 26 40 90 100 84 42 78 39 49 50 80 11 61 84 67 69 49 63 30 56 65 84 7 29 86 3 85 87 85 8 43 39 63 3 96 86 43 32 36 67 30 100 43 75 74 79 53 38 0 40
79 45 60 57 33 65 90 6 64 95 1 67 25 19 28 13 52 49 4 14 63 89 72 54 70 66 13 71 20 78 17 34 76 43 91 69 28 41 100000 80 10 34 50 28 93 93 85 95 4 37 3 34 78 76 27 62 32 52 51 17 73 81 91 74 87 26 67 95 75 94 97 94 82 72 58 43 60 38 96 95 99 62 48 19 26 72 100 56 85 94 10 16 100 42 57 68 37 93 84 9 74 100000 4 17 79 47 44 23 16 95 32 79 82 17 6 3 3 92 2 19 86 40 31 43 58 90 40 0
