128
0 41 92 16 29 65 4 3 85 61 15 92 71 48 67 58 75 31 85 74 34 94 17 76 12 50 26 66 78 38 41 25 45 84 29 44 84 33 0 58 0 4 60 34 68 3 39 16 65 60 29 56 48 90 60 49 15 63 7 86 0 31 73 12 52 37 78 26 83 55 99 54 28 24 59 17 27 67 89 2 4 33 60 27 64 54 15 23 11 28 71 62 82 12 94 34 34 40 60 65 78 84 7 28 83 33 94 92 72 35 66 46 14 70 94 46 44 49 26 30 55 47 80 55 57 13 74 52
41 0 42 67 96 34 13 94 65 26 88 21 18 53 59 17 94 75 49 70 8 15 13 18 42 24 22 67 13 5 23 2 60 58 42 96 81 20 90 89 96 42 14 46 6 41 11 42 78 71 56 24 19 16 30 56 76 37 11 22 82 12 47 80 67 24 19 34 67 7 16 11 10 96 43 27 26 91 52 72 85 68 29 35 92 46 19 20 49 93 67 6 20 93 86 32 84 38 92 27 74 43 38 87 73 23 37 87 85 42 86 76 56 80 41 86 16 13 57 72 5 8 8 55 42 59 87 5
92 42 0 79 88 44 16 54 68 72 19 24 42 36 99 46 90 87 52 54 97 0 90 73 57 58 35 44 89 39 13 80 87 40 78 0 89 17 35 80 88 44 28 7 86 90 45 96 55 53 45 84 42 84 49 99 29 39 95 82 48 66 11 44 42 66 20 91 48 41 14 7 83 6 61 38 11 19 29 87 5 45 70 50 77 97 30 11 98 68 30 40 43 100000 50 72 76 22 42 38 71 26 58 41 49 56 34 21 99 38 23 9 85 98 48 52 19 44 60 99 10 55 95 63 8 34 2 20
16 67 79 0 67 4 26 76 82 42 18 71 90 7 90 38 67 49 42 62 6 26 9 76 3 75 90 36 36 30 12 42 23 64 100000 62 46 23 92 50 10 80 5 46 77 53 96 43 67 1 31 36 45 33 27 88 97 26 68 50 15 4 63 11 2 23 46 21 15 17 26 22 95 32 81 80 8 6 70 54 73 38 26 7 11 58 60 38 100 37 68 69 45 100000 11 60 78 75 94 45 53 31 94 26 10 91 40 76 69 35 6 22 21 18 55 43 42 60 79 92 43 50 96 88 51 38 56 19
29 96 88 67 0 7 93 45 9 28 77 90 41 61 77 52 41 63 27 38 54 24 46 24 32 18 49 55 37 25 12 29 39 25 48 23 58 29 15 49 63 13 41 89 57 35 59 78 1 56 88 36 44 46 66 76 27 6 17 77 40 100000 29 81 96 40 71 53 48 53 78 96 32 51 23 28 55 43 82 59 94 51 60 43 96 23 90 39 44 100 77 13 10 2 88 89 55 80 47 82 83 64 59 3 3 51 5 65 34 43 37 53 82 80 77 0 60 40 96 66 8 46 14 82 76 42 87 89
65 34 44 4 7 0 37 21 88 67 93 94 74 74 70 78 74 45 93 17 70 94 84 65 7 63 29 57 84 20 72 47 64 66 98 67 95 1 84 21 22 62 6 19 12 62 38 32 91 78 59 37 1 25 22 83 56 86 93 94 69 31 79 54 76 24 21 89 49 37 20 31 27 91 97 33 86 58 57 88 77 69 53 3 91 56 57 87 2 64 42 57 100 44 85 95 46 67 60 10 90 92 86 73 22 75 48 42 76 98 69 96 27 11 100 97 44 45 38 82 39 84 62 62 95 30 90 40
4 13 16 26 93 37 0 67 20 70 76 97 87 51 95 30 47 39 79 20 24 16 45 91 43 63 37 87 57 62 47 9 52 50 23 6 27 76 64 24 45 97 20 46 35 32 59 75 38 35 99 67 38 61 8 93 37 72 66 95 38 31 65 58 100000 38 11 74 81 87 60 31 80 25 60 75 87 89 39 43 79 1 57 29 74 8 76 35 51 5 45 84 27 17 12 25 27 25 31 79 52 22 21 29 36 18 63 19 3 41 8 93 36 29 76 79 52 59 17 38 15 41 99 69 72 57 64 22
3 94 54 76 45 21 67 0 13 5 31 28 56 55 86 21 10 94 38 86 95 28 43 51 8 28 52 82 47 34 44 63 96 36 72 98 7 68 40 37 77 21 15 57 21 34 90 51 37 84 6 50 48 100000 61 93 65 4 19 60 8 68 64 54 51 39 1 100 77 24 84 35 24 24 46 1 16 91 5 26 20 50 55 43 71 64 72 8 85 60 19 49 82 47 3 0 87 38 24 41 45 39 49 56 54 50 87 38 19 34 30 41 70 71 45 92 52 51 56 1 32 0 23 26 28 66 9 42
85 65 68 82 9 88 20 13 0 40 85 58 70 16 51 38 81 79 5 91 47 68 82 82 65 13 7 78 70 67 58 74 78 100000 94 7 63 85 94 38 65 75 73 24 87 59 35 20 76 15 12 97 58 51 40 99 77 32 85 21 76 10 24 57 95 36 65 28 96 69 94 96 50 17 55 33 98 66 25 81 47 10 100000 0 73 8 96 50 93 4 98 94 64 81 27 45 23 20 3 6 42 55 22 55 8 60 83 31 77 48 38 72 94 58 82 92 29 28 87 95 16 90 45 4 16 84 71 15
61 26 72 42 28 67 70 5 40 0 87 92 3 47 3 84 56 76 49 73 100 65 21 36 14 4 100 14 22 88 66 67 0 72 95 8 71 65 89 8 42 67 41 28 28 42 18 78 67 92 76 16 13 28 94 100000 10 2 45 68 86 48 28 19 3 10 8 3 79 54 31 7 87 53 68 46 89 70 96 24 99 49 28 35 56 50 40 59 54 41 12 24 49 29 56 69 15 90 2 52 46 18 23 15 13 100 14 17 33 85 52 77 74 13 85 95 69 75 51 8 3 69 26 9 19 86 33 82
15 88 19 18 77 93 76 31 85 87 0 68 50 20 48 20 18 62 45 87 98 21 5 7 66 15 54 27 64 27 40 21 96 28 26 78 38 31 96 91 34 59 11 40 8 62 73 24 83 8 21 14 52 93 83 87 24 21 50 45 30 14 76 86 82 5 46 58 63 75 90 51 90 23 58 94 30 84 10 14 91 32 12 7 15 33 64 68 42 38 56 33 19 55 95 86 66 32 66 18 78 97 31 88 74 39 71 78 42 19 81 19 56 78 17 57 79 42 41 12 23 23 44 72 2 58 93 23
92 21 24 71 90 94 97 28 58 92 68 0 92 19 29 35 38 90 40 38 13 90 23 92 88 58 64 29 62 64 92 36 34 51 95 1 65 75 76 96 32 6 71 56 10 53 93 38 75 67 19 11 59 47 40 87 27 64 68 85 36 64 79 100000 90 54 75 99 38 48 75 65 4 47 60 34 52 73 99 1 49 76 66 90 100000 64 86 7 77 90 69 96 68 2 69 21 35 23 44 59 55 19 27 19 32 24 59 30 17 90 46 77 21 82 94 1 81 37 79 32 68 30 28 98 9 75 82 1
71 18 42 90 41 74 87 56 70 3 50 92 0 85 88 37 17 71 75 42 32 89 83 92 58 77 68 23 0 90 97 98 43 49 40 45 38 2 82 33 5 50 29 68 74 46 17 12 99 70 86 80 7 51 19 8 48 77 74 99 70 39 90 76 45 43 83 57 39 12 17 68 9 74 0 77 48 6 23 78 52 4 90 83 84 15 77 90 77 89 76 3 35 12 24 25 26 73 14 62 100000 69 95 44 85 1 76 65 20 40 35 93 95 32 58 87 74 49 28 35 14 68 39 23 77 12 51 80
48 53 36 7 61 74 51 55 16 47 20 19 85 0 86 23 18 58 3 46 17 9 29 94 14 40 84 66 42 15 23 51 23 2 70 100 99 30 80 18 88 97 12 82 0 76 66 52 16 4 100000 18 82 80 97 70 61 64 67 62 8 49 77 26 31 52 90 94 14 10 52 32 55 62 70 29 61 50 69 17 67 17 4 11 47 100000 88 10 89 72 10 1 9 35 28 6 22 10 10 100 80 32 36 42 58 46 15 3 21 85 59 39 21 75 57 74 54 44 55 52 27 69 77 1 86 92 7 68
67 59 99 90 77 70 95 86 51 3 48 29 88 86 0 52 15 78 38 14 15 50 33 5 19 74 83 50 50 9 99 96 39 66 10 98 24 42 59 58 0 50 3 17 61 45 30 37 22 41 99 74 48 85 84 25 87 90 65 52 17 66 46 28 4 57 12 14 9 18 46 67 23 63 88 71 91 100000 98 28 56 58 32 90 32 96 9 79 87 13 25 86 87 46 75 30 29 75 14 24 61 51 77 33 88 87 4 78 35 43 91 68 85 71 29 82 41 48 14 72 38 46 51 92 92 24 26 89
58 17 46 38 52 78 30 21 38 84 20 35 37 23 52 0 41 9 32 9 76 56 60 9 78 3 21 65 30 11 79 100000 26 51 55 1 89 22 9 22 83 62 38 12 28 20 85 5 57 24 68 22 76 46 62 93 37 31 62 5 85 57 16 36 41 54 5 33 24 82 16 66 38 1 9 67 97 62 27 65 83 99 81 81 15 25 13 17 3 33 50 1 41 43 34 96 66 59 15 47 29 99 14 43 54 96 83 83 83 35 45 81 87 61 27 44 0 78 23 12 40 88 45 95 100 4 15 17
75 94 90 67 41 74 47 10 81 56 18 38 17 18 15 41 0 63 57 22 67 25 66 30 5 21 31 39 97 20 21 30 62 52 16 33 90 31 39 4 63 86 31 30 77 92 97 59 91 14 79 29 32 33 72 28 81 74 0 62 82 47 65 51 89 0 93 65 21 20 70 11 97 3 48 93 91 78 20 4 7 63 20 93 64 66 0 79 11 88 52 31 2 86 34 23 92 90 43 72 70 77 0 21 86 35 98 39 100 26 74 41 34 30 60 93 89 16 42 73 41 78 22 10 72 56 21 74
31 75 87 49 63 45 39 94 79 76 62 90 71 58 78 9 63 0 83 61 2 54 87 32 96 57 8 55 29 1 34 87 86 83 5 58 68 47 88 62 7 55 37 64 76 28 18 10 53 40 59 76 54 61 77 73 69 74 55 33 1 57 94 94 24 42 7 97 31 62 43 28 81 61 72 72 11 11 97 63 52 100000 83 54 22 72 29 98 16 10 36 6 27 80 8 93 87 71 11 98 18 8 88 38 53 24 94 27 98 85 11 93 58 18 93 96 47 46 16 80 44 42 46 88 69 69 40 13
85 49 52 42 27 93 79 38 5 49 45 40 75 3 38 32 57 83 0 94 14 87 96 4 5 72 76 97 77 56 31 33 92 0 35 1 49 54 83 33 100 8 92 81 44 100000 39 97 86 5 51 28 98 18 32 79 67 17 78 15 73 13 99 46 57 45 89 92 99 47 30 76 82 82 45 36 20 7 1 100 11 35 65 70 83 93 65 53 7 8 75 23 19 75 0 6 69 13 41 14 98 74 37 58 44 51 21 78 44 17 15 41 21 55 71 45 100000 48 40 86 14 90 62 61 50 11 25 13
74 70 54 62 38 17 20 86 91 73 87 38 42 46 14 9 22 61 94 0 35 95 91 9 36 29 65 87 21 71 5 40 100000 61 70 91 45 27 29 100 80 22 99 92 39 23 42 11 79 45 96 19 4 34 69 38 40 84 68 54 67 70 79 100 88 54 77 94 79 70 74 76 81 19 4 4 69 44 96 25 79 60 37 49 100000 56 19 1 12 36 36 2 16 33 100000 20 74 98 11 6 22 63 96 32 12 64 52 55 2 20 87 34 77 32 84 37 67 43 65 83 82 77 55 100000 38 0 24 98
34 8 97 6 54 70 24 95 47 100 98 13 32 17 15 76 67 2 14 35 0 53 32 22 36 45 59 43 61 96 35 32 39 84 41 88 72 58 100 33 81 43 97 37 60 71 55 32 21 71 72 34 83 65 45 49 96 26 71 96 53 62 76 36 78 38 39 85 71 30 57 0 25 90 85 78 32 54 25 63 52 23 7 60 10 38 92 82 91 0 93 35 5 27 51 57 46 25 97 69 45 78 54 9 30 73 95 61 36 100 13 83 84 55 98 2 99 13 100000 37 84 88 0 66 100 43 8 67
94 15 0 26 24 94 16 28 68 65 21 90 89 9 50 56 25 54 87 95 53 0 46 78 86 17 14 75 31 21 87 11 69 27 71 22 7 80 66 77 4 80 97 29 79 91 98 5 14 80 50 12 59 64 39 26 69 12 80 69 94 5 55 82 55 8 33 5 56 36 39 8 64 71 5 20 91 86 53 56 87 80 100 87 90 33 15 94 4 77 59 5 85 27 13 44 31 76 14 74 12 91 64 70 42 89 80 47 45 94 35 47 89 55 23 54 66 47 33 47 14 58 20 35 69 8 80 65
17 13 90 9 46 84 45 43 82 21 5 23 83 29 33 60 66 87 96 91 32 46 0 16 27 39 46 4 41 55 21 33 20 5 26 36 97 70 19 84 43 44 53 37 2 49 11 92 40 8 82 85 12 12 97 8 95 98 50 43 70 24 53 60 7 46 86 41 94 63 65 15 12 62 87 41 74 25 59 17 48 70 72 54 19 9 69 22 24 24 11 89 2 54 96 14 74 18 99 60 62 21 22 32 55 62 23 0 90 58 30 67 61 44 5 11 56 31 76 96 88 23 73 92 66 6 34 3
76 18 73 76 24 65 91 51 82 36 7 92 92 94 5 9 30 32 4 9 22 78 16 0 54 68 31 59 28 59 77 49 28 40 24 7 32 2 50 63 45 57 95 7 72 12 22 41 74 48 56 18 40 65 70 76 72 49 47 82 88 24 18 88 44 67 45 42 8 25 7 13 3 85 32 53 70 80 39 68 94 55 22 36 55 89 64 88 1 78 81 17 0 3 100 24 19 11 25 82 72 47 51 58 18 11 61 36 55 70 63 64 92 74 8 4 96 57 52 15 16 32 65 43 24 97 51 72
12 42 57 3 32 7 43 8 65 14 66 88 58 14 19 78 5 96 5 36 36 86 27 54 0 46 56 59 11 1 9 31 68 49 27 6 49 34 13 11 20 86 46 53 20 48 58 42 52 44 95 23 64 34 74 32 59 85 51 89 16 92 41 9 27 32 64 49 87 9 54 47 13 9 77 77 54 66 100000 26 71 64 12 87 72 75 59 65 82 2 36 63 68 12 18 93 36 59 28 53 24 1 79 54 85 39 22 19 77 32 34 44 79 75 61 72 69 51 18 81 20 73 48 82 49 84 53 95
50 24 58 75 18 63 63 28 13 4 15 58 77 40 74 3 21 57 72 29 45 17 39 68 46 0 60 3 99 54 41 57 26 54 41 57 92 92 27 52 83 4 82 42 50 81 48 38 61 34 100000 40 51 49 90 6 91 8 54 50 96 25 77 95 2 75 29 71 44 54 59 57 27 86 35 9 5 59 31 91 88 93 41 78 14 4 98 60 84 69 10 76 33 70 25 36 51 44 97 20 76 39 10 91 41 87 38 18 64 100 0 36 35 96 56 12 45 34 11 83 15 37 92 31 92 97 25 80
26 22 35 90 49 29 37 52 7 100 54 64 68 84 83 21 31 8 76 65 59 14 46 31 56 60 0 93 94 11 75 58 74 97 100 32 22 67 33 61 92 55 13 88 86 45 17 70 87 88 69 79 60 100000 65 37 23 32 2 73 97 13 62 63 94 4 71 69 47 89 86 0 32 28 62 90 87 14 15 34 11 39 48 14 74 40 75 70 25 71 76 47 0 76 68 19 50 7 53 33 50 4 98 92 44 89 31 2 100000 68 86 51 8 97 56 53 41 62 87 53 67 74 32 98 6 0 70 87
66 67 44 36 55 57 87 82 78 14 27 29 23 66 50 65 39 55 97 87 43 75 4 59 59 3 93 0 75 18 68 28 62 32 42 40 40 10 84 84 16 57 47 92 42 81 13 60 53 70 57 3 16 98 56 49 39 98 9 38 87 20 88 84 70 70 15 70 97 42 79 23 38 16 85 34 44 76 91 52 14 96 98 64 80 96 12 68 83 9 30 93 52 95 15 95 9 98 26 23 13 91 65 49 34 61 36 78 56 48 65 8 25 65 15 20 14 1 96 100000 50 59 64 11 98 75 43 72
78 13 89 36 37 84 57 47 70 22 64 62 0 42 50 30 97 29 77 21 61 31 41 28 11 99 94 75 0 25 58 85 75 83 99 46 28 58 46 33 49 32 23 18 75 1 55 64 23 39 10 1 18 94 14 100000 9 37 66 9 44 23 64 18 20 17 48 43 28 19 98 49 15 17 48 28 5 14 42 83 27 42 40 21 12 45 29 14 22 96 79 79 81 96 69 60 87 27 76 3 46 98 60 95 58 58 87 63 95 100 23 85 32 56 12 93 0 4 74 49 70 75 75 13 92 79 51 80
38 5 39 30 25 20 62 34 67 88 27 64 90 15 9 11 20 1 56 71 96 21 55 59 1 54 11 18 25 0 35 31 36 88 6 97 90 0 69 20 46 13 69 50 16 26 35 98 13 46 59 49 34 34 82 73 55 79 73 97 81 91 28 41 32 80 36 61 56 79 73 47 18 65 65 33 58 56 85 22 4 26 62 32 50 26 94 33 39 8 32 59 14 15 37 55 4 52 54 78 11 52 79 25 83 57 33 33 24 5 85 73 73 69 89 49 75 53 49 75 84 88 91 44 33 56 96 42
41 23 13 12 12 72 47 44 58 66 40 92 97 23 99 79 21 34 31 5 35 87 21 77 9 41 75 68 58 35 0 77 14 38 28 99 69 0 43 77 30 40 36 62 24 6 49 44 32 47 90 100000 99 57 87 53 40 35 7 9 24 12 12 81 55 15 49 39 94 64 1 8 75 10 80 39 39 56 81 36 38 95 11 63 25 76 27 32 83 26 6 46 20 42 88 21 43 53 76 9 48 77 75 95 4 22 29 19 40 96 93 0 25 1 46 52 6 76 47 46 39 71 86 89 63 43 80 65
25 2 80 42 29 47 9 63 74 67 21 36 98 51 96 100000 30 87 33 40 32 11 33 49 31 57 58 28 85 31 77 0 77 44 40 22 14 11 34 80 83 9 32 63 86 15 60 61 3 37 16 46 51 38 14 74 27 100000 37 11 71 63 82 8 32 41 18 41 88 11 61 41 67 99 90 56 43 10 43 35 78 81 62 85 19 16 0 4 36 18 88 20 57 73 76 98 11 100 57 23 41 12 14 90 4 45 6 80 15 79 99 33 12 42 88 74 70 53 38 37 6 12 93 76 63 85 100 4
45 60 87 23 39 64 52 96 78 0 96 34 43 23 39 26 62 86 92 100000 39 69 20 28 68 26 74 62 75 36 14 77 0 19 65 52 37 98 67 47 81 99 13 63 1 87 91 26 52 28 34 63 58 56 89 93 31 10 86 30 74 74 90 22 61 25 22 1 0 15 35 52 42 56 52 21 65 3 63 92 31 71 72 95 66 73 7 93 7 67 86 45 14 60 57 65 60 24 20 33 14 60 49 47 13 52 72 72 62 42 11 23 84 14 32 64 12 39 95 28 37 5 93 97 40 77 91 28
84 58 40 64 25 66 50 36 100000 72 28 51 49 2 66 51 52 83 0 61 84 27 5 40 49 54 97 32 83 88 38 44 19 0 99 64 100000 63 32 92 49 69 28 49 36 72 18 60 98 96 39 28 93 20 83 50 73 81 63 27 8 85 81 28 18 57 55 62 18 90 57 14 73 86 43 43 18 74 59 13 62 10 19 20 51 13 81 47 11 8 8 59 65 9 28 24 9 20 59 18 90 79 6 93 55 63 28 30 15 4 12 56 43 24 93 55 69 67 11 49 28 72 100000 48 90 8 58 77
29 42 78 100000 48 98 23 72 94 95 26 95 40 70 10 55 16 5 35 70 41 71 26 24 27 41 100 42 99 6 28 40 65 99 0 77 19 93 59 55 83 27 85 66 69 37 34 44 43 86 37 36 7 39 17 82 51 37 69 92 52 28 59 27 99 74 99 48 55 72 43 48 65 85 12 78 15 85 16 36 81 45 57 43 23 4 28 69 68 63 96 21 21 87 4 37 98 85 69 95 10 53 7 94 88 39 65 95 9 7 15 91 4 19 25 41 45 26 69 98 52 50 41 85 55 58 35 88
44 96 0 62 23 67 6 98 7 8 78 1 45 100 98 1 33 58 1 91 88 22 36 7 6 57 32 40 46 97 99 22 52 64 77 0 56 62 14 99 3 36 81 70 86 54 52 19 31 51 27 71 100 52 10 4 28 45 69 4 41 40 5 100000 59 0 56 82 58 71 92 30 45 51 83 50 83 20 79 21 21 64 23 95 97 84 31 93 27 0 0 20 46 45 52 29 71 69 39 40 52 72 61 89 61 94 48 91 34 18 43 46 44 58 80 11 14 2 34 48 52 14 15 9 96 71 2 65
84 81 89 46 58 95 27 7 63 71 38 65 38 99 24 89 90 68 49 45 72 7 97 32 49 92 22 40 28 90 69 14 37 100000 19 56 0 11 71 97 83 91 63 76 1 47 70 34 60 26 31 83 9 100 16 94 5 55 22 55 39 8 58 56 36 37 88 42 97 47 98 51 56 74 33 44 2 8 25 58 59 26 54 18 63 29 37 19 51 23 79 19 45 79 77 71 31 55 82 92 95 36 97 36 5 52 93 83 6 17 95 72 33 31 10 32 1 57 52 68 72 92 65 52 25 15 27 87
33 20 17 23 29 1 76 68 85 65 31 75 2 30 42 22 31 47 54 27 58 80 70 2 34 92 67 10 58 0 0 11 98 63 93 62 11 0 89 77 100 27 76 9 28 83 58 85 55 100000 9 16 56 44 79 29 68 71 61 81 20 36 4 67 28 11 56 100000 81 31 100000 20 76 100000 93 72 46 67 96 73 83 3 95 75 39 28 29 43 57 24 22 7 19 36 42 36 100000 81 15 96 31 57 29 62 10 46 44 51 84 74 68 56 45 59 93 6 14 62 89 60 40 87 5 95 13 21 14 90
0 90 35 92 15 84 64 40 94 89 96 76 82 80 59 9 39 88 83 29 100 66 19 50 13 27 33 84 46 69 43 34 67 32 59 14 71 89 0 81 6 50 12 3 24 3 83 48 37 28 61 72 69 62 27 79 21 72 8 98 83 66 50 29 48 49 62 59 23 74 20 100000 60 28 29 94 67 80 18 54 44 58 15 43 62 80 3 56 88 88 51 83 80 79 4 52 9 51 85 85 6 62 78 72 31 33 40 95 62 15 48 87 23 77 69 41 40 76 18 94 92 26 67 19 35 58 57 6
58 89 80 50 49 21 24 37 38 8 91 96 33 18 58 22 4 62 33 100 33 77 84 63 11 52 61 84 33 20 77 80 47 92 55 99 97 77 81 0 33 100 6 25 2 60 80 100 95 69 51 67 6 34 66 78 2 31 93 72 65 31 54 80 84 86 69 19 16 53 36 64 92 32 86 57 8 83 63 63 97 15 88 41 9 32 35 73 33 47 3 7 84 0 71 69 20 53 70 84 75 86 78 70 94 93 5 57 15 10 62 82 53 30 0 70 54 68 81 23 57 45 22 11 1 12 80 39
0 96 88 10 63 22 45 77 65 42 34 32 5 88 0 83 63 7 100 80 81 4 43 45 20 83 92 16 49 46 30 83 81 49 83 3 83 100 6 33 0 29 100000 100000 23 43 71 77 67 18 35 34 19 8 98 5 50 38 12 88 29 17 65 18 71 84 62 84 92 100000 50 39 23 74 74 81 67 57 99 12 16 64 32 82 82 67 100 59 8 93 46 44 67 29 74 21 74 48 41 1 97 99 100000 91 18 4 32 57 13 69 15 72 11 61 13 58 69 70 31 74 91 64 70 25 13 20 17 32
4 42 44 80 13 62 97 21 75 67 59 6 50 97 50 62 86 55 8 22 43 80 44 57 86 4 55 57 32 13 40 9 99 69 27 36 91 27 50 100 29 0 34 64 52 64 12 94 1 76 12 9 30 52 7 86 87 27 82 20 41 48 52 67 28 22 6 39 34 31 77 72 69 67 100000 42 82 60 69 6 49 91 68 74 31 41 9 31 83 25 86 95 98 91 58 91 93 99 90 72 89 88 29 92 83 50 77 45 47 29 94 100000 12 32 70 13 10 76 8 96 95 97 76 67 43 8 42 54
60 14 28 5 41 6 20 15 73 41 11 71 29 12 3 38 31 37 92 99 97 97 53 95 46 82 13 47 23 69 36 32 13 28 85 81 63 76 12 6 100000 34 0 98 23 18 61 8 55 60 5 29 42 45 65 79 94 38 92 38 69 77 1 63 55 88 67 46 73 71 74 81 58 25 62 64 92 20 33 11 68 32 75 74 47 97 74 35 61 84 61 95 100 5 80 81 43 32 85 82 62 46 38 15 4 6 70 58 22 61 86 27 43 5 1 57 67 6 83 87 51 60 14 74 87 11 100000 71
34 46 7 46 89 19 46 57 24 28 40 56 68 82 17 12 30 64 81 92 37 29 37 7 53 42 88 92 18 50 62 63 63 49 66 70 76 9 3 25 100000 64 98 0 45 27 26 6 97 15 46 20 19 18 54 47 22 47 48 86 32 42 69 38 97 21 5 97 56 1 51 17 12 70 36 31 6 55 11 46 27 70 25 59 25 74 49 78 89 39 28 90 14 92 67 38 16 100 44 39 14 77 9 74 90 1 4 5 100000 5 81 3 52 5 12 68 64 22 24 40 19 61 17 86 65 96 2 95
68 6 86 77 57 12 35 21 87 28 8 10 74 0 61 28 77 76 44 39 60 79 2 72 20 50 86 42 75 16 24 86 1 36 69 86 1 28 24 2 23 52 23 45 0 66 67 13 54 16 74 41 94 88 72 47 76 64 55 89 47 52 25 95 93 36 57 22 22 37 64 26 97 9 62 55 21 8 15 4 28 55 43 20 57 33 95 84 67 74 11 45 49 10 64 53 90 26 67 64 13 94 38 86 10 89 72 10 51 1 76 85 14 42 87 96 32 84 22 86 23 11 23 16 70 21 83 78
3 41 90 53 35 62 32 34 59 42 62 53 46 76 45 20 92 28 100000 23 71 91 49 12 48 81 45 81 1 26 6 15 87 72 37 54 47 83 3 60 43 64 18 27 66 0 60 50 42 89 50 11 39 37 77 8 21 63 68 91 70 5 7 44 12 88 51 30 87 23 44 52 97 69 34 92 64 36 96 75 88 67 91 44 94 64 11 89 44 16 43 50 32 21 99 1 93 65 52 63 9 99 39 79 40 100000 50 92 68 64 99 32 47 100 19 11 6 61 1 29 7 38 68 100 82 98 11 45
39 11 45 96 59 38 59 90 35 18 73 93 17 66 30 85 97 18 39 42 55 98 11 22 58 48 17 13 55 35 49 60 91 18 34 52 70 58 83 80 71 12 61 26 67 60 0 47 76 22 99 36 64 39 42 5 12 3 29 88 33 28 90 24 92 47 85 81 13 8 1 80 4 66 83 64 91 66 10 16 43 2 2 43 94 100000 70 40 56 61 9 80 98 50 94 96 77 91 56 45 2 41 30 46 67 31 7 81 78 2 2 45 64 28 55 36 67 69 36 96 22 21 10 15 31 33 80 49
16 42 96 43 78 32 75 51 20 78 24 38 12 52 37 5 59 10 97 11 32 5 92 41 42 38 70 60 64 98 44 61 26 60 44 19 34 85 48 100 77 94 8 6 13 50 47 0 83 18 85 2 86 97 61 90 55 100000 69 7 17 35 60 96 79 99 50 4 87 59 38 31 43 6 100 67 50 83 58 51 79 17 60 1 88 79 47 64 85 76 66 49 4 73 75 4 89 6 93 75 76 11 68 66 56 40 49 23 74 37 49 46 35 53 33 49 99 72 46 68 70 94 10 88 79 45 46 79
65 78 55 67 1 91 38 37 76 67 83 75 99 16 22 57 91 53 86 79 21 14 40 74 52 61 87 53 23 13 32 3 52 98 43 31 60 55 37 95 67 1 55 97 54 42 76 83 0 18 41 3 23 9 88 29 76 91 35 19 99 85 99 13 13 12 99 16 22 11 73 34 37 13 70 12 23 24 83 33 80 38 35 31 4 66 3 72 32 14 72 0 27 50 83 97 39 17 100 13 77 70 38 97 1 0 48 89 20 26 9 51 10 26 34 4 4 79 74 92 76 71 75 42 53 89 36 56
60 71 53 1 56 78 35 84 15 92 8 67 70 4 41 24 14 40 5 45 71 80 8 48 44 34 88 70 39 46 47 37 28 96 86 51 26 100000 28 69 18 76 60 15 16 89 22 18 18 0 99 39 11 79 74 98 25 82 44 63 21 88 82 26 15 20 39 41 38 94 9 6 7 0 0 12 48 34 22 24 43 17 26 100000 31 12 12 41 99 18 76 30 81 26 64 79 86 66 42 97 19 94 43 25 94 96 97 80 17 23 41 27 73 67 44 31 90 80 92 40 80 59 71 6 35 77 73 67
29 56 45 31 88 59 99 6 12 76 21 19 86 100000 99 68 79 59 51 96 72 50 82 56 95 100000 69 57 10 59 90 16 34 39 37 27 31 9 61 51 35 12 5 46 74 50 99 85 41 99 0 68 23 55 2 57 44 72 9 43 96 81 37 17 81 31 1 13 1 22 29 72 54 63 36 49 73 100 0 84 87 33 4 72 37 61 68 21 6 51 36 14 17 48 64 51 21 64 49 65 19 12 58 1 37 98 8 6 51 79 96 8 16 44 48 19 25 83 15 67 64 87 72 89 94 53 0 63
56 24 84 36 36 37 67 50 97 16 14 11 80 18 74 22 29 76 28 19 34 12 85 18 23 40 79 3 1 49 100000 46 63 28 36 71 83 16 72 67 34 9 29 20 41 11 36 2 3 39 68 0 46 36 11 42 13 12 81 26 39 76 16 91 62 26 69 33 32 95 100 55 35 6 72 5 68 67 56 7 36 0 90 54 52 60 69 1 94 78 11 2 100 68 87 67 32 9 34 100 66 99 64 26 4 6 50 94 59 72 59 24 51 43 45 91 25 39 50 94 96 50 100 28 64 100 56 59
48 19 42 45 44 1 38 48 58 13 52 59 7 82 48 76 32 54 98 4 83 59 12 40 64 51 60 16 18 34 99 51 58 93 7 100 9 56 69 6 19 30 42 19 94 39 64 86 23 11 23 46 0 58 79 90 75 37 75 16 13 77 83 28 83 90 92 20 3 86 4 70 86 63 52 52 68 97 33 90 64 82 91 52 67 35 53 29 17 9 89 27 84 86 37 74 38 57 9 9 55 90 72 64 2 13 28 67 88 74 61 59 63 5 83 60 9 58 85 51 3 7 66 97 20 40 100 100
90 16 84 33 46 25 61 100000 51 28 93 47 51 80 85 46 33 61 18 34 65 64 12 65 34 49 100000 98 94 34 57 38 56 20 39 52 100 44 62 34 8 52 45 18 88 37 39 97 9 79 55 36 58 0 2 50 60 44 99 4 7 81 48 42 97 84 79 60 30 16 91 93 38 50 24 10 10 0 81 90 33 97 65 84 47 60 21 39 31 86 47 39 39 32 99 51 60 100 14 40 25 99 56 55 98 58 16 70 3 92 92 81 37 25 54 23 38 42 4 69 33 42 51 3 70 38 91 24
60 30 49 27 66 22 8 61 40 94 83 40 19 97 84 62 72 77 32 69 45 39 97 70 74 90 65 56 14 82 87 14 89 83 17 10 16 79 27 66 98 7 65 54 72 77 42 61 88 74 2 11 79 2 0 75 90 56 64 12 20 34 24 28 86 17 5 79 79 79 57 10 77 79 63 71 42 55 98 29 22 77 96 86 35 91 69 11 25 49 21 70 9 4 45 38 87 53 36 88 97 6 91 84 8 84 47 10 84 34 95 78 82 5 34 18 75 52 87 3 52 15 36 94 70 88 12 96
49 56 99 88 76 83 93 93 99 100000 87 87 8 70 25 93 28 73 79 38 49 26 8 76 32 6 37 49 100000 73 53 74 93 50 82 4 94 29 79 78 5 86 79 47 47 8 5 90 29 98 57 42 90 50 75 0 83 18 39 48 33 14 95 39 68 59 74 3 89 36 9 70 32 14 37 65 39 37 69 96 35 64 69 100000 58 26 71 50 41 90 43 85 70 42 5 89 69 58 82 86 3 94 86 68 67 46 25 44 42 68 25 28 29 95 35 11 18 2 6 39 84 17 95 17 21 38 40 45
15 76 29 97 27 56 37 65 77 10 24 27 48 61 87 37 81 69 67 40 96 69 95 72 59 91 23 39 9 55 40 27 31 73 51 28 5 68 21 2 50 87 94 22 76 21 12 55 76 25 44 13 75 60 90 83 0 85 48 8 34 52 25 68 51 68 48 73 57 96 76 18 52 68 70 14 13 40 61 50 62 4 71 2 33 50 79 19 4 44 97 64 80 66 74 41 30 93 27 56 4 20 61 94 57 8 79 59 11 79 20 84 41 52 29 40 77 99 98 100 56 75 54 60 17 24 7 85
63 37 39 26 6 86 72 4 32 2 21 64 77 64 90 31 74 74 17 84 26 12 98 49 85 8 32 98 37 79 35 100000 10 81 37 45 55 71 72 31 38 27 38 47 64 63 3 100000 91 82 72 12 37 44 56 18 85 0 75 94 76 24 60 17 45 29 20 25 76 78 99 14 58 100000 0 11 45 53 74 80 57 65 41 95 38 94 97 8 2 95 26 64 75 64 85 22 76 98 23 73 57 83 84 52 73 45 54 91 59 50 78 91 11 100000 23 15 43 85 8 26 98 67 71 17 81 76 53 42
7 11 95 68 17 93 66 19 85 45 50 68 74 67 65 62 0 55 78 68 71 80 50 47 51 54 2 9 66 73 7 37 86 63 69 69 22 61 8 93 12 82 92 48 55 68 29 69 35 44 9 81 75 99 64 39 48 75 0 84 55 79 59 62 29 84 2 35 42 23 92 42 44 38 26 94 88 68 15 85 23 7 85 49 5 18 88 38 30 86 57 49 37 8 48 14 64 94 47 7 32 67 41 96 44 100 15 4 7 95 100000 36 3 17 97 74 0 70 82 27 58 95 100000 65 59 83 44 14
86 22 82 50 77 94 95 60 21 68 45 85 99 62 52 5 62 33 15 54 96 69 43 82 89 50 73 38 9 97 9 11 30 27 92 4 55 81 98 72 88 20 38 86 89 91 88 7 19 63 43 26 16 4 12 48 8 94 84 0 22 59 84 17 93 24 32 60 93 58 67 77 76 53 23 97 53 27 26 49 61 53 90 31 93 53 25 97 100000 18 86 41 9 40 50 22 78 87 32 65 42 74 50 32 75 7 41 100000 33 47 89 42 6 11 97 41 15 52 80 17 55 84 67 92 53 61 39 19
0 82 48 15 40 69 38 8 76 86 30 36 70 8 17 85 82 1 73 67 53 94 70 88 16 96 97 87 44 81 24 71 74 8 52 41 39 20 83 65 29 41 69 32 47 70 33 17 99 21 96 39 13 7 20 33 34 76 55 22 0 38 58 39 94 10 89 36 27 56 52 57 60 47 60 2 19 4 75 85 72 44 84 15 31 51 39 88 89 44 86 77 44 92 100000 100000 35 82 11 23 46 30 52 33 81 28 22 76 76 41 23 29 38 99 81 3 59 47 38 25 20 19 25 5 4 61 18 54
31 12 66 4 100000 31 31 68 10 48 14 64 39 49 66 57 47 57 13 70 62 5 24 24 92 25 13 20 23 91 12 63 74 85 28 40 8 36 66 31 17 48 77 42 52 5 28 35 85 88 81 76 77 81 34 14 52 24 79 59 38 0 68 13 26 55 19 5 33 42 19 59 17 45 8 9 0 1 34 72 49 42 98 28 47 64 63 65 82 96 85 29 8 35 49 93 83 91 75 19 74 31 26 14 13 7 92 6 19 29 99 4 94 74 17 69 62 100 49 3 45 17 44 42 19 53 41 47
73 47 11 63 29 79 65 64 24 28 76 79 90 77 46 16 65 94 99 79 76 55 53 18 41 77 62 88 64 28 12 82 90 81 59 5 58 4 50 54 65 52 1 69 25 7 90 60 99 82 37 16 83 48 24 95 25 60 59 84 58 68 0 74 98 24 39 61 33 11 90 61 1 39 39 74 70 95 100000 29 89 70 33 63 85 64 49 55 67 27 90 73 63 4 73 70 27 47 10 48 68 5 26 14 19 23 72 10 96 60 89 77 82 11 46 83 21 20 81 30 15 87 4 7 43 41 80 56
12 80 44 11 81 54 58 54 57 19 86 100000 76 26 28 36 51 94 46 100 36 82 60 88 9 95 63 84 18 41 81 8 22 28 27 100000 56 67 29 80 18 67 63 38 95 44 24 96 13 26 17 91 28 42 28 39 68 17 62 17 39 13 74 0 56 49 16 78 92 47 96 68 87 81 85 29 18 19 22 38 33 24 93 53 42 49 56 57 43 43 16 68 89 6 45 85 45 61 44 35 47 97 47 20 67 11 7 38 16 9 80 93 43 46 33 69 91 99 46 65 0 100 13 85 40 100000 7 77
52 67 42 2 96 76 100000 51 95 3 82 90 45 31 4 41 89 24 57 88 78 55 7 44 27 2 94 70 20 32 55 32 61 18 99 59 36 28 48 84 71 28 55 97 93 12 92 79 13 15 81 62 83 97 86 68 51 45 29 93 94 26 98 56 0 70 8 97 12 77 90 8 20 14 3 68 67 75 19 26 52 77 8 62 50 49 72 68 37 52 79 98 87 19 92 17 44 80 3 53 82 70 92 47 41 8 70 88 51 86 37 1 83 5 14 32 19 47 72 95 63 76 0 5 92 65 23 61
37 24 66 23 40 24 38 39 36 10 5 54 43 52 57 54 0 42 45 54 38 8 46 67 32 75 4 70 17 80 15 41 25 57 74 0 37 11 49 86 84 22 88 21 36 88 47 99 12 20 31 26 90 84 17 59 68 29 84 24 10 55 24 49 70 0 69 92 54 34 63 69 13 57 42 46 50 29 20 56 86 44 18 85 23 58 22 63 36 67 83 15 55 60 24 78 45 91 3 88 29 96 54 80 38 16 81 84 6 6 81 23 47 11 24 35 66 59 10 28 73 75 92 60 6 97 29 44
78 19 20 46 71 21 11 1 65 8 46 75 83 90 12 5 93 7 89 77 39 33 86 45 64 29 71 15 48 36 49 18 22 55 99 56 88 56 62 69 62 6 67 5 57 51 85 50 99 39 1 69 92 79 5 74 48 20 2 32 89 19 39 16 8 69 0 32 76 62 35 43 14 29 13 26 65 69 30 26 71 22 85 83 15 45 4 9 25 100 43 1 38 88 65 28 35 50 35 88 47 56 12 80 52 22 33 94 79 86 17 40 97 98 31 23 81 100 87 46 77 12 94 0 76 78 59 75
26 34 91 21 53 89 74 100 28 3 58 99 57 94 14 33 65 97 92 94 85 5 41 42 49 71 69 70 43 61 39 41 1 62 48 82 42 100000 59 19 84 39 46 97 22 30 81 4 16 41 13 33 20 60 79 3 73 25 35 60 36 5 61 78 97 92 32 0 70 43 28 65 76 92 10 64 65 91 14 18 73 36 36 49 1 28 30 6 42 94 58 72 79 46 17 45 71 84 82 65 48 50 27 76 53 85 94 42 96 27 41 39 85 61 43 24 47 99 83 10 1 87 41 10 69 62 87 36
83 67 48 15 48 49 81 77 96 79 63 38 39 14 9 24 21 31 99 79 71 56 94 8 87 44 47 97 28 56 94 88 0 18 55 58 97 81 23 16 92 34 73 56 22 87 13 87 22 38 1 32 3 30 79 89 57 76 42 93 27 33 33 92 12 54 76 70 0 73 59 88 79 49 99 79 65 7 62 83 5 33 97 19 64 22 71 60 2 7 3 0 80 51 65 18 45 72 92 90 52 6 34 58 94 80 45 70 66 55 100000 72 9 14 22 15 29 81 15 69 4 30 82 82 60 24 15 71
55 7 41 17 53 37 87 24 69 54 75 48 12 10 18 82 20 62 47 70 30 36 63 25 9 54 89 42 19 79 64 11 15 90 72 71 47 31 74 53 100000 31 71 1 37 23 8 59 11 94 22 95 86 16 79 36 96 78 23 58 56 42 11 47 77 34 62 43 73 0 33 13 76 5 37 48 26 73 46 21 28 72 3 64 72 41 30 52 14 24 15 75 21 28 29 64 22 59 52 68 51 89 100 29 11 87 53 34 90 90 34 34 20 52 11 13 14 46 69 43 57 35 26 42 98 32 49 92
99 16 14 26 78 20 60 84 94 31 90 75 17 52 46 16 70 43 30 74 57 39 65 7 54 59 86 79 98 73 1 61 35 57 43 92 98 100000 20 36 50 77 74 51 64 44 1 38 73 9 29 100 4 91 57 9 76 99 92 67 52 19 90 96 90 63 35 28 59 33 0 83 67 99 72 47 41 9 88 82 84 90 70 21 43 84 13 46 100000 82 74 83 86 14 84 83 1 11 83 42 35 74 95 3 93 97 48 90 23 17 53 48 54 16 64 86 39 50 71 24 15 67 65 72 44 46 85 54
54 11 7 22 96 31 31 35 96 7 51 65 68 32 67 66 11 28 76 76 0 8 15 13 47 57 0 23 49 47 8 41 52 14 48 30 51 20 100000 64 39 72 81 17 26 52 80 31 34 6 72 55 70 93 10 70 18 14 42 77 57 59 61 68 8 69 43 65 88 13 83 0 56 47 53 14 73 72 13 17 65 62 66 54 43 70 60 1 3 35 77 37 6 3 83 19 100000 79 72 21 56 62 60 46 97 71 65 56 78 58 5 26 75 12 11 71 35 4 42 58 98 14 30 87 15 72 75 64
28 10 83 95 32 27 80 24 50 87 90 4 9 55 23 38 97 81 82 81 25 64 12 3 13 27 32 38 15 18 75 67 42 73 65 45 56 76 60 92 23 69 58 12 97 97 4 43 37 7 54 35 86 38 77 32 52 58 44 76 60 17 1 87 20 13 14 76 79 76 67 56 0 34 82 43 28 79 59 57 75 28 37 9 73 51 4 43 15 85 13 93 25 52 27 66 81 31 30 63 30 86 96 71 50 75 19 45 2 94 60 0 28 85 12 21 51 58 67 20 47 24 28 41 49 13 31 66
24 96 6 32 51 91 25 24 17 53 23 47 74 62 63 1 3 61 82 19 90 71 62 85 9 86 28 16 17 65 10 99 56 86 85 51 74 100000 28 32 74 67 25 70 9 69 66 6 13 0 63 6 63 50 79 14 68 100000 38 53 47 45 39 81 14 57 29 92 49 5 99 47 34 0 41 91 6 92 100000 15 100000 26 21 100000 50 42 88 32 51 88 80 59 29 32 2 14 9 47 26 77 84 32 25 9 53 37 17 14 68 26 85 14 79 89 57 35 59 76 51 47 12 13 32 73 2 84 76 65
59 43 61 81 23 97 60 46 55 68 58 60 0 70 88 9 48 72 45 4 85 5 87 32 77 35 62 85 48 65 80 90 52 43 12 83 33 93 29 86 74 100000 62 36 62 34 83 100 70 0 36 72 52 24 63 37 70 0 26 23 60 8 39 85 3 42 13 10 99 37 72 53 82 41 0 29 42 9 91 41 68 9 82 45 22 45 39 92 19 75 3 19 73 38 84 64 53 14 42 61 58 15 95 44 55 61 100000 12 71 72 11 25 79 69 52 32 24 54 94 94 53 8 65 33 36 94 62 89
17 27 38 80 28 33 75 1 33 46 94 34 77 29 71 67 93 72 36 4 78 20 41 53 77 9 90 34 28 33 39 56 21 43 78 50 44 72 94 57 81 42 64 31 55 92 64 67 12 12 49 5 52 10 71 65 14 11 94 97 2 9 74 29 68 46 26 64 79 48 47 14 43 91 29 0 43 24 28 82 34 48 31 7 97 69 92 13 45 81 89 87 20 81 45 11 80 58 52 98 12 21 34 13 32 39 27 76 20 21 10 17 78 1 1 74 90 89 60 49 37 26 44 23 50 94 58 7
27 26 11 8 55 86 87 16 98 89 30 52 48 61 91 97 91 11 20 69 32 91 74 70 54 5 87 44 5 58 39 43 65 18 15 83 2 46 67 8 67 82 92 6 21 64 91 50 23 48 73 68 68 10 42 39 13 45 88 53 19 0 70 18 67 50 65 65 65 26 41 73 28 6 42 43 0 95 63 2 1 40 57 39 41 59 2 68 25 98 48 4 10 62 59 61 26 80 82 26 47 24 15 7 13 77 73 81 19 10 50 68 27 99 92 65 63 91 75 25 18 41 21 92 94 38 89 11
67 91 19 6 43 58 89 91 66 70 84 73 6 50 100000 62 78 11 7 44 54 86 25 80 66 59 14 76 14 56 56 10 3 74 85 20 8 67 80 83 57 60 20 55 8 36 66 83 24 34 100 67 97 0 55 37 40 53 68 27 4 1 95 19 75 29 69 91 7 73 9 72 79 92 9 24 95 0 13 51 45 14 32 34 91 81 26 42 28 35 48 85 52 4 20 21 22 91 89 0 56 60 46 9 42 100 6 58 100000 18 35 14 15 87 49 67 39 21 0 80 8 13 7 80 0 23 65 3
89 52 29 70 82 57 39 5 25 96 10 99 23 69 98 27 20 97 1 96 25 53 59 39 100000 31 15 91 42 85 81 43 63 59 16 79 25 96 18 63 99 69 33 11 15 96 10 58 83 22 0 56 33 81 98 69 61 74 15 26 75 34 100000 22 19 20 30 14 62 46 88 13 59 100000 91 28 63 13 0 19 31 80 39 78 26 98 29 38 5 86 46 60 75 94 14 64 31 84 12 35 31 80 72 34 15 98 3 60 82 10 50 98 88 100 9 68 43 93 52 69 64 16 59 24 69 39 45 94
2 72 87 54 59 88 43 26 81 24 14 1 78 17 28 65 4 63 100 25 63 56 17 68 26 91 34 52 83 22 36 35 92 13 36 21 58 73 54 63 12 6 11 46 4 75 16 51 33 24 84 7 90 90 29 96 50 80 85 49 85 72 29 38 26 56 26 18 83 21 82 17 57 15 41 82 2 51 19 0 73 46 37 26 7 60 19 78 0 9 75 82 46 100000 58 22 87 44 44 45 98 55 56 30 74 28 3 42 10 0 13 82 100000 33 66 45 41 33 49 1 55 70 17 11 71 45 3 13
4 85 5 73 94 77 79 20 47 99 91 49 52 67 56 83 7 52 11 79 52 87 48 94 71 88 11 14 27 4 38 78 31 62 81 21 59 83 44 97 16 49 68 27 28 88 43 79 80 43 87 36 64 33 22 35 62 57 23 61 72 49 89 33 52 86 71 73 5 28 84 65 75 100000 68 34 1 45 31 73 0 45 45 9 33 60 77 90 38 18 66 84 95 89 35 79 31 6 61 7 15 47 0 41 37 26 86 25 92 11 24 29 78 50 81 23 2 26 62 46 95 39 6 54 21 51 48 96
33 68 45 38 51 69 1 50 10 49 32 76 4 17 58 99 63 100000 35 60 23 80 70 55 64 93 39 96 42 26 95 81 71 10 45 64 26 3 58 15 64 91 32 70 55 67 2 17 38 17 33 0 82 97 77 64 4 65 7 53 44 42 70 24 77 44 22 36 33 72 90 62 28 26 9 48 40 14 80 46 45 0 50 16 2 51 78 57 61 19 97 72 85 24 75 10 4 8 35 68 84 20 37 17 89 92 93 96 64 90 26 93 20 48 96 95 83 6 88 69 31 99 32 77 7 34 46 82
60 29 70 26 60 53 57 55 100000 28 12 66 90 4 32 81 20 83 65 37 7 100 72 22 12 41 48 98 40 62 11 62 72 19 57 23 54 95 15 88 32 68 75 25 43 91 2 60 35 26 4 90 91 65 96 69 71 41 85 90 84 98 33 93 8 18 85 36 97 3 70 66 37 21 82 31 57 32 39 37 45 50 0 23 34 96 7 84 78 47 36 99 96 8 90 99 56 72 64 100 61 97 37 81 68 44 84 4 66 85 91 17 94 64 95 39 24 55 91 55 43 58 38 20 0 80 13 20
27 35 50 7 43 3 29 43 0 35 7 90 83 11 90 81 93 54 70 49 60 87 54 36 87 78 14 64 21 32 63 85 95 20 43 95 18 75 43 41 82 74 74 59 20 44 43 1 31 100000 72 54 52 84 86 100000 2 95 49 31 15 28 63 53 62 85 83 49 19 64 21 54 9 100000 45 7 39 34 78 26 9 16 23 0 93 99 25 52 94 11 32 46 99 63 87 98 19 85 41 31 21 27 84 25 26 55 100 24 70 15 26 83 1 19 21 23 3 89 37 52 100 73 47 91 51 24 94 77
64 92 77 11 96 91 74 71 73 56 15 100000 84 47 32 15 64 22 83 100000 10 90 19 55 72 14 74 80 12 50 25 19 66 51 23 97 63 39 62 9 82 31 47 25 57 94 94 88 4 31 37 52 67 47 35 58 33 38 5 93 31 47 85 42 50 23 15 1 64 72 43 43 73 50 22 97 41 91 26 7 33 2 34 93 0 54 73 50 20 38 39 2 22 65 88 83 14 63 40 3 94 37 47 66 48 14 67 73 85 40 1 23 98 27 60 18 98 94 22 55 83 80 73 3 26 20 65 85
54 46 97 58 23 56 8 64 8 50 33 64 15 100000 96 25 66 72 93 56 38 33 9 89 75 4 40 96 45 26 76 16 73 13 4 84 29 28 80 32 67 41 97 74 33 64 100000 79 66 12 61 60 35 60 91 26 50 94 18 53 51 64 64 49 49 58 45 28 22 41 84 70 51 42 45 69 59 81 98 60 60 51 96 99 54 0 25 19 14 2 72 4 57 54 11 75 63 60 70 39 7 69 33 84 50 52 13 12 94 78 8 44 2 61 72 20 100 17 48 8 21 53 39 54 88 66 48 97
15 19 30 60 90 57 76 72 96 40 64 86 77 88 9 13 0 29 65 19 92 15 69 64 59 98 75 12 29 94 27 0 7 81 28 31 37 29 3 35 100 9 74 49 95 11 70 47 3 12 68 69 53 21 69 71 79 97 88 25 39 63 49 56 72 22 4 30 71 30 13 60 4 88 39 92 2 26 29 19 77 78 7 25 73 25 0 77 69 46 5 65 68 30 6 54 10 7 63 5 25 81 94 38 74 53 44 93 63 4 32 94 100 53 100 22 24 1 25 88 15 82 20 77 23 2 39 75
23 20 11 38 39 87 35 8 50 59 68 7 90 10 79 17 79 98 53 1 82 94 22 88 65 60 70 68 14 33 32 4 93 47 69 93 19 43 56 73 59 31 35 78 84 89 40 64 72 41 21 1 29 39 11 50 19 8 38 97 88 65 55 57 68 63 9 6 60 52 46 1 43 32 92 13 68 42 38 78 90 57 84 52 50 19 77 0 60 54 37 48 94 83 19 66 51 3 12 18 75 41 56 21 65 20 8 7 9 15 22 15 49 78 32 35 24 46 7 64 16 94 61 60 7 81 16 29
11 49 98 100 44 2 51 85 93 54 42 77 77 89 87 3 11 16 7 12 91 4 24 1 82 84 25 83 22 39 83 36 7 11 68 27 51 57 88 33 8 83 61 89 67 44 56 85 32 99 6 94 17 31 25 41 4 2 30 100000 89 82 67 43 37 36 25 42 2 14 100000 3 15 51 19 45 25 28 5 0 38 61 78 94 20 14 69 60 0 1 78 20 41 52 46 26 45 94 78 30 14 92 7 73 100000 95 44 71 75 79 16 100 94 71 25 15 87 53 90 7 49 91 55 48 24 61 92 24
28 93 68 37 100 64 5 60 4 41 38 90 89 72 13 33 88 10 8 36 0 77 24 78 2 69 71 9 96 8 26 18 67 8 63 0 23 24 88 47 93 25 84 39 74 16 61 76 14 18 51 78 9 86 49 90 44 95 86 18 44 96 27 43 52 67 100 94 7 24 82 35 85 88 75 81 98 35 86 9 18 19 47 11 38 2 46 54 1 0 88 24 59 69 37 28 26 83 84 5 7 15 10 30 13 86 9 30 20 89 85 9 27 41 9 62 11 15 75 32 92 37 13 54 88 69 22 23
71 67 30 68 77 42 45 19 98 12 56 69 76 10 25 50 52 36 75 36 93 59 11 81 36 10 76 30 79 32 6 88 86 8 96 0 79 22 51 3 46 86 61 28 11 43 9 66 72 76 36 11 89 47 21 43 97 26 57 86 86 85 90 16 79 83 43 58 3 15 74 77 13 80 3 89 48 48 46 75 66 97 36 32 39 72 5 37 78 88 0 92 59 94 1 28 99 48 29 33 39 20 90 2 40 6 81 39 6 28 43 5 38 25 81 37 56 36 34 64 32 94 26 86 69 99 64 37
62 6 40 69 13 57 84 49 94 24 33 96 3 1 86 1 31 6 23 2 35 5 89 17 63 76 47 93 79 59 46 20 45 59 21 20 19 7 83 7 44 95 95 90 45 50 80 49 0 30 14 2 27 39 70 85 64 64 49 41 77 29 73 68 98 15 1 72 0 75 83 37 93 59 19 87 4 85 60 82 84 72 99 46 2 4 65 48 20 24 92 0 7 63 20 18 81 90 79 80 82 12 3 87 83 66 100 5 27 13 13 100 71 12 12 28 99 64 69 62 50 77 38 73 14 54 1 25
82 20 43 45 10 100 27 82 64 49 19 68 35 9 87 41 2 27 19 16 5 85 2 0 68 33 0 52 81 14 20 57 14 65 21 46 45 19 80 84 67 98 100 14 49 32 98 4 27 81 17 100 84 39 9 70 80 75 37 9 44 8 63 89 87 55 38 79 80 21 86 6 25 29 73 20 10 52 75 46 95 85 96 99 22 57 68 94 41 59 59 7 0 80 23 60 48 11 81 100000 68 39 72 61 82 81 92 41 4 31 43 55 28 98 58 91 67 44 66 36 82 6 34 32 97 87 66 83
12 93 100000 100000 2 44 17 47 81 29 55 2 12 35 46 43 86 80 75 33 27 27 54 3 12 70 76 95 96 15 42 73 60 9 87 45 79 36 79 0 29 91 5 92 10 21 50 73 50 26 48 68 86 32 4 42 66 64 8 40 92 35 4 6 19 60 88 46 51 28 14 3 52 32 38 81 62 4 94 100000 89 24 8 63 65 54 30 83 52 69 94 63 80 0 25 95 64 49 77 91 54 63 40 11 29 61 52 42 16 21 34 67 53 96 14 86 61 50 75 68 55 84 94 59 24 34 96 47
94 86 50 11 88 85 12 3 27 56 95 69 24 28 75 34 34 8 0 100000 51 13 96 100 18 25 68 15 69 37 88 76 57 28 4 52 77 42 4 71 74 58 80 67 64 99 94 75 83 64 64 87 37 99 45 5 74 85 48 50 100000 49 73 45 92 24 65 17 65 29 84 83 27 2 84 45 59 20 14 58 35 75 90 87 88 11 6 19 46 37 1 20 23 25 0 36 63 22 20 32 63 2 27 60 19 84 24 65 15 57 50 99 98 62 47 36 94 81 71 93 90 7 50 61 100 83 30 26
34 32 72 60 89 95 25 0 45 69 86 21 25 6 30 96 23 93 6 20 57 44 14 24 93 36 19 95 60 55 21 98 65 24 37 29 71 36 52 69 21 91 81 38 53 1 96 4 97 79 51 67 74 51 38 89 41 22 14 22 100000 93 70 85 17 78 28 45 18 64 83 19 66 14 64 11 61 21 64 22 79 10 99 98 83 75 54 66 26 28 28 18 60 95 36 0 88 7 76 12 28 92 82 39 24 8 42 67 58 62 61 85 27 15 3 75 89 8 54 100000 78 85 29 94 29 39 80 36
34 84 76 78 55 46 27 87 23 15 66 35 26 22 29 66 92 87 69 74 46 31 74 19 36 51 50 9 87 4 43 11 60 9 98 71 31 100000 9 20 74 93 43 16 90 93 77 89 39 86 21 32 38 60 87 69 30 76 64 78 35 83 27 45 44 45 35 71 45 22 1 100000 81 9 53 80 26 22 31 87 31 4 56 19 14 63 10 51 45 26 99 81 48 64 63 88 0 74 77 52 4 88 32 74 66 95 70 92 17 50 29 8 2 38 60 91 100000 54 65 94 14 12 92 82 100000 24 0 81
40 38 22 75 80 67 25 38 20 90 32 23 73 10 75 59 90 71 13 98 25 76 18 11 59 44 7 98 27 52 53 100 24 20 85 69 55 81 51 53 48 99 32 100 26 65 91 6 17 66 64 9 57 100 53 58 93 98 94 87 82 91 47 61 80 91 50 84 72 59 11 79 31 47 14 58 80 91 84 44 6 8 72 85 63 60 7 3 94 83 48 90 11 49 22 7 74 0 49 59 60 82 42 11 54 96 23 10 2 1 45 59 91 68 24 8 71 17 83 11 85 97 100 58 26 69 8 92
60 92 42 94 47 60 31 24 3 2 66 44 14 10 14 15 43 11 41 11 97 14 99 25 28 97 53 26 76 54 76 57 20 59 69 39 82 15 85 70 41 90 85 44 67 52 56 93 100 42 49 34 9 14 36 82 27 23 47 32 11 75 10 44 3 3 35 82 92 52 83 72 30 26 42 52 82 89 12 44 61 35 64 41 40 70 63 12 78 84 29 79 81 77 20 76 77 49 0 91 15 91 16 90 6 72 42 39 16 78 8 75 64 77 0 66 51 10 1 21 2 47 67 66 4 53 53 100000
65 27 38 45 82 10 79 41 6 52 18 59 62 100 24 47 72 98 14 6 69 74 60 82 53 20 33 23 3 78 9 23 33 18 95 40 92 96 85 84 1 72 82 39 64 63 45 75 13 97 65 100 9 40 88 86 56 73 7 65 23 19 48 35 53 88 88 65 90 68 42 21 63 77 61 98 26 0 35 45 7 68 100 31 3 39 5 18 30 5 33 80 100000 91 32 12 52 59 91 0 2 53 52 22 32 74 65 100 39 69 54 100 35 21 28 78 24 77 89 67 56 64 92 75 92 78 35 40
78 74 71 53 83 90 52 45 42 46 78 55 100000 80 61 29 70 18 98 22 45 12 62 72 24 76 50 13 46 11 48 41 14 90 10 52 95 31 6 75 97 89 62 14 13 9 2 76 77 19 19 66 55 25 97 3 4 57 32 42 46 74 68 47 82 29 47 48 52 51 35 56 30 84 58 12 47 56 31 98 15 84 61 21 94 7 25 75 14 7 39 82 68 54 63 28 4 60 15 2 0 67 69 22 26 31 49 61 51 22 37 25 29 35 55 25 61 28 71 7 84 91 29 87 81 20 19 37
84 43 26 31 64 92 22 39 55 18 97 19 69 32 51 99 77 8 74 63 78 91 21 47 1 39 4 91 98 52 77 12 60 79 53 72 36 57 62 86 99 88 46 77 94 99 41 11 70 94 12 99 90 99 6 94 20 83 67 74 30 31 5 97 70 96 56 50 6 89 74 62 86 32 15 21 24 60 80 55 47 20 97 27 37 69 81 41 92 15 20 12 39 63 2 92 88 82 91 53 67 0 44 20 95 57 18 67 24 10 42 55 7 55 98 80 2 11 78 51 100000 68 82 13 89 15 63 95
7 38 58 94 59 86 21 49 22 23 31 27 95 36 77 14 0 88 37 96 54 64 22 51 79 10 98 65 60 79 75 14 49 6 7 61 97 29 78 78 100000 29 38 9 38 39 30 68 38 43 58 64 72 56 91 86 61 84 41 50 52 26 26 47 92 54 12 27 34 100 95 60 96 25 95 34 15 46 72 56 0 37 37 84 47 33 94 56 7 10 90 3 72 40 27 82 32 42 16 52 69 44 0 24 69 65 9 84 41 14 42 19 71 93 92 66 71 63 46 3 75 99 79 56 60 62 83 52
28 87 41 26 3 73 29 56 55 15 88 19 44 42 33 43 21 38 58 32 9 70 32 58 54 91 92 49 95 25 95 90 47 93 94 89 36 62 72 70 91 92 15 74 86 79 46 66 97 25 1 26 64 55 84 68 94 52 96 32 33 14 14 20 47 80 80 76 58 29 3 46 71 9 44 13 7 9 34 30 41 17 81 25 66 84 38 21 73 30 2 87 61 11 60 39 74 11 90 22 22 20 24 0 43 22 72 98 8 96 88 7 93 59 44 41 19 4 85 28 85 99 34 22 84 22 45 82
83 73 49 10 3 22 36 54 8 13 74 32 85 58 88 54 86 53 44 12 30 42 55 18 85 41 44 34 58 83 4 4 13 55 88 61 5 10 31 94 18 83 4 90 10 40 67 56 1 94 37 4 2 98 8 67 57 73 44 75 81 13 19 67 41 38 52 53 94 11 93 97 50 53 55 32 13 42 15 74 37 89 68 26 48 50 74 65 100000 13 40 83 82 29 19 24 66 54 6 32 26 95 69 43 0 28 88 74 56 100000 78 99 49 71 48 1 24 93 65 75 52 81 45 98 98 9 18 9
33 23 56 91 51 75 18 50 60 100 39 24 1 46 87 96 35 24 51 64 73 89 62 11 39 87 89 61 58 57 22 45 52 63 39 94 52 46 33 93 4 50 6 1 89 100000 31 40 0 96 98 6 13 58 84 46 8 45 100 7 28 7 23 11 8 16 22 85 80 87 97 71 75 37 61 39 77 100 98 28 26 92 44 55 14 52 53 20 95 86 6 66 81 61 84 8 95 96 72 74 31 57 65 22 28 0 58 89 67 26 89 76 92 57 100 16 89 86 31 84 91 17 64 68 14 73 78 21
94 37 34 40 5 48 63 87 83 14 71 59 76 15 4 83 98 94 21 52 95 80 23 61 22 38 31 36 87 33 29 6 72 28 65 48 93 44 40 5 32 77 70 4 72 50 7 49 48 97 8 50 28 16 47 25 79 54 15 41 22 92 72 7 70 81 33 94 45 53 48 65 19 17 100000 27 73 6 3 3 86 93 84 100 67 13 44 8 44 9 81 100 92 52 24 42 70 23 42 65 49 18 9 72 88 58 0 83 81 74 68 6 15 3 17 12 79 91 70 94 87 55 2 70 45 62 36 4
92 87 21 76 65 42 19 38 31 17 78 30 65 3 78 83 39 27 78 55 61 47 0 36 19 18 2 78 63 33 19 80 72 30 95 91 83 51 95 57 57 45 58 5 10 92 81 23 89 80 6 94 67 70 10 44 59 91 4 100000 76 6 10 38 88 84 94 42 70 34 90 56 45 14 12 76 81 58 60 42 25 96 4 24 73 12 93 7 71 30 39 5 41 42 65 67 92 10 39 100 61 67 84 98 74 89 83 0 38 94 41 8 23 57 58 45 65 36 45 70 81 85 27 13 56 80 91 46
72 85 99 69 34 76 3 19 77 33 42 17 20 21 35 83 100 98 44 2 36 45 90 55 77 64 100000 56 95 24 40 15 62 15 9 34 6 84 62 15 13 47 22 100000 51 68 78 74 20 17 51 59 88 3 84 42 11 59 7 33 76 19 96 16 51 6 79 96 66 90 23 78 2 68 71 20 19 100000 82 10 92 64 66 70 85 94 63 9 75 20 6 27 4 16 15 58 17 2 16 39 51 24 41 8 56 67 81 38 0 91 27 94 18 48 86 81 40 66 64 83 17 71 2 80 67 29 26 87
35 42 38 35 43 98 41 34 48 85 19 90 40 85 43 35 26 85 17 20 100 94 58 70 32 100 68 48 100 5 96 79 42 4 7 18 17 74 15 10 69 29 61 5 1 64 2 37 26 23 79 72 74 92 34 68 79 50 95 47 41 29 60 9 86 6 86 27 55 90 17 58 94 26 72 21 10 18 10 0 11 90 85 15 40 78 4 15 79 89 28 13 31 21 57 62 50 1 78 69 22 10 14 96 100000 26 74 94 91 0 48 6 28 53 45 95 8 53 57 38 86 95 29 58 27 34 28 3
66 86 23 6 37 69 8 30 38 52 81 46 35 59 91 45 74 11 15 87 13 35 30 63 34 0 86 65 23 85 93 99 11 12 15 43 95 68 48 62 15 94 86 81 76 99 2 49 9 41 96 59 61 92 95 25 20 78 100000 89 23 99 89 80 37 81 17 41 100000 34 53 5 60 85 11 10 50 35 50 13 24 26 91 26 1 8 32 22 16 85 43 13 43 34 50 61 29 45 8 54 37 42 42 88 78 89 68 41 27 48 0 89 74 3 94 8 98 23 46 2 11 61 49 39 50 18 70 100000
46 76 9 22 53 96 93 41 72 77 19 77 93 39 68 81 41 93 41 34 83 47 67 64 44 36 51 8 85 73 0 33 23 56 91 46 72 56 87 82 72 100000 27 3 85 32 45 46 51 27 8 24 59 81 78 28 84 91 36 42 29 4 77 93 1 23 40 39 72 34 48 26 0 14 25 17 68 14 98 82 29 93 17 83 23 44 94 15 100 9 5 100 55 67 99 85 8 59 75 100 25 55 19 7 99 76 6 8 94 6 89 0 79 57 94 56 59 53 34 14 20 39 64 0 85 1 75 0
14 56 85 21 82 27 36 70 94 74 56 21 95 21 85 87 34 58 21 77 84 89 61 92 79 35 8 25 32 73 25 12 84 43 4 44 33 45 23 53 11 12 43 52 14 47 64 35 10 73 16 51 63 37 82 29 41 11 3 6 38 94 82 43 83 47 97 85 9 20 54 75 28 79 79 78 27 15 88 100000 78 20 94 1 98 2 100 49 94 27 38 71 28 53 98 27 2 91 64 35 29 7 71 93 49 92 15 23 18 28 74 79 0 49 88 55 22 81 2 59 93 40 78 42 80 33 13 100
70 80 98 18 80 11 29 71 58 13 78 82 32 75 71 61 30 18 55 32 55 55 44 74 75 96 97 65 56 69 1 42 14 24 19 58 31 59 77 30 61 32 5 5 42 100 28 53 26 67 44 43 5 25 5 95 52 100000 17 11 99 74 11 46 5 11 98 61 14 52 16 12 85 89 69 1 99 87 100 33 50 48 64 19 27 61 53 78 71 41 25 12 98 96 62 15 38 68 77 21 35 55 93 59 71 57 3 57 48 53 3 57 49 0 5 41 62 75 99 96 59 18 42 98 53 43 89 82
94 41 48 55 77 100 76 45 82 85 17 94 58 57 29 27 60 93 71 84 98 23 5 8 61 56 56 15 12 89 46 88 32 93 25 80 10 93 69 0 13 70 1 12 87 19 55 33 34 44 48 45 83 54 34 35 29 23 97 97 81 17 46 33 14 24 31 43 22 11 64 11 12 57 52 1 92 49 9 66 81 96 95 21 60 72 100 32 25 9 81 12 58 14 47 3 60 24 0 28 55 98 92 44 48 100 17 58 86 45 94 94 88 5 0 60 67 85 84 64 32 73 44 77 65 72 47 11
46 86 52 43 0 97 79 92 92 95 57 1 87 74 82 44 93 96 45 37 2 54 11 4 72 12 53 20 93 49 52 74 64 55 41 11 32 6 41 70 58 13 57 68 96 11 36 49 4 31 19 91 60 23 18 11 40 15 74 41 3 69 83 69 32 35 23 24 15 13 86 71 21 35 32 74 65 67 68 45 23 95 39 23 18 20 22 35 15 62 37 28 91 86 36 75 91 8 66 78 25 80 66 41 1 16 12 45 81 95 8 56 55 41 60 0 49 27 9 73 20 8 44 3 37 83 87 28
44 16 19 42 60 44 52 52 29 69 79 81 74 54 41 0 89 47 100000 67 99 66 56 96 69 45 41 14 0 75 6 70 12 69 45 14 1 14 40 54 69 10 67 64 32 6 67 99 4 90 25 25 9 38 75 18 77 43 0 15 59 62 21 91 19 66 81 47 29 14 39 35 51 59 24 90 63 39 43 41 2 83 24 3 98 100 24 24 87 11 56 99 67 61 94 89 100000 71 51 24 61 2 71 19 24 89 79 65 40 8 98 59 22 62 67 49 0 47 66 11 86 27 14 97 38 7 1 14
49 13 44 60 40 45 59 51 28 75 42 37 49 44 48 78 16 46 48 43 13 47 31 57 51 34 62 1 4 53 76 53 39 67 26 2 57 62 76 68 70 76 6 22 84 61 69 72 79 80 83 39 58 42 52 2 99 85 70 52 47 100 20 99 47 59 100 99 81 46 50 4 58 76 54 89 91 21 93 33 26 6 55 89 94 17 1 46 53 15 36 64 44 50 81 8 54 17 10 77 28 11 63 4 93 86 91 36 66 53 23 53 81 75 85 27 47 0 51 48 73 3 75 58 91 4 6 1
26 57 60 79 96 38 17 56 87 51 41 79 28 55 14 23 42 16 40 65 100000 33 76 52 18 11 87 96 74 49 47 38 95 11 69 34 52 89 18 81 31 8 83 24 22 1 36 46 74 92 15 50 85 4 87 6 98 8 82 80 38 49 81 46 72 10 87 83 15 69 71 42 67 51 94 60 75 0 52 49 62 88 91 37 22 48 25 7 90 75 34 69 66 75 71 54 65 83 1 89 71 78 46 85 65 31 70 45 64 57 46 34 2 99 84 9 66 51 0 47 12 79 94 98 16 1 46 40
30 72 99 92 66 82 38 1 95 8 12 32 35 52 72 12 73 80 86 83 37 47 96 15 81 83 53 100000 49 75 46 37 28 49 98 48 68 60 94 23 74 96 87 40 86 29 96 68 92 40 67 94 51 69 3 39 100 26 27 17 25 3 30 65 95 28 46 10 69 43 24 58 20 47 94 49 25 80 69 1 46 69 55 52 55 8 88 64 7 32 64 62 36 68 93 100000 94 11 21 67 7 51 3 28 75 84 94 70 83 38 2 14 59 96 64 73 11 48 47 0 44 65 87 1 53 95 76 7
55 5 10 43 8 39 15 32 16 3 23 68 14 27 38 40 41 44 14 82 84 14 88 16 20 15 67 50 70 84 39 6 37 28 52 52 72 40 92 57 91 95 51 19 23 7 22 70 76 80 64 96 3 33 52 84 56 98 58 55 20 45 15 0 63 73 77 1 4 57 15 98 47 12 53 37 18 8 64 55 95 31 43 100 83 21 15 16 49 92 32 50 82 55 90 78 14 85 2 56 84 100000 75 85 52 91 87 81 17 86 11 20 93 59 32 20 86 73 12 44 0 64 17 48 100000 47 49 1
47 8 55 50 46 84 41 0 90 69 23 30 68 69 46 88 78 42 90 77 88 58 23 32 73 37 74 59 75 88 71 12 5 72 50 14 92 87 26 45 64 97 60 61 11 38 21 94 71 59 87 50 7 42 15 17 75 67 95 84 19 17 87 100 76 75 12 87 30 35 67 14 24 13 8 26 41 13 16 70 39 99 58 73 80 53 82 94 91 37 94 77 6 84 7 85 12 97 47 64 91 68 99 99 81 17 55 85 71 95 61 39 40 18 73 8 27 3 79 65 64 0 38 51 50 36 80 69
80 8 95 96 14 62 99 23 45 26 44 28 39 77 51 45 22 46 62 55 0 20 73 65 48 92 32 64 75 91 86 93 93 100000 41 15 65 5 67 22 70 76 14 17 23 68 10 10 75 71 72 100 66 51 36 95 54 71 100000 67 25 44 4 13 0 92 94 41 82 26 65 30 28 32 65 44 21 7 59 17 6 32 38 47 73 39 20 61 55 13 26 38 34 94 50 29 92 100 67 92 29 82 79 34 45 64 2 27 2 29 49 64 78 42 44 44 14 75 94 87 17 38 0 37 31 42 45 44
55 55 63 88 82 62 69 26 4 9 72 98 23 1 92 95 10 88 61 100000 66 35 92 43 82 31 98 11 13 44 89 76 97 48 85 9 52 95 19 11 25 67 74 86 16 100 15 88 42 6 89 28 97 3 94 17 60 17 65 92 5 42 7 85 5 60 0 10 82 42 72 87 41 73 33 23 92 80 24 11 54 77 20 91 3 54 77 60 48 54 86 73 32 59 61 94 82 58 66 75 87 13 56 22 98 68 70 13 80 58 39 0 42 98 77 3 97 58 98 1 48 51 37 0 44 94 55 30
57 42 8 51 76 95 72 28 16 19 2 9 77 86 92 100 72 69 50 38 100 69 66 24 49 92 6 98 92 33 63 63 40 90 55 96 25 13 35 1 13 43 87 65 70 82 31 79 53 35 94 64 20 70 70 21 17 81 59 53 4 19 43 40 92 6 76 69 60 98 44 15 49 2 36 50 94 0 69 71 21 7 0 51 26 88 23 7 24 88 69 14 97 24 100 29 100000 26 4 92 81 89 60 84 98 14 45 56 67 27 50 85 80 53 65 37 38 91 16 53 100000 50 31 44 0 8 28 76
13 59 34 38 42 30 57 66 84 86 58 75 12 92 24 4 56 69 11 0 43 8 6 97 84 97 0 75 79 56 43 85 77 8 58 71 15 21 58 12 20 8 11 96 21 98 33 45 89 77 53 100 40 38 88 38 24 76 83 61 61 53 41 100000 65 97 78 62 24 32 46 72 13 84 94 94 38 23 39 45 51 34 80 24 20 66 2 81 61 69 99 54 87 34 83 39 24 69 53 78 20 15 62 22 9 73 62 80 29 34 18 1 33 43 72 83 7 4 1 95 47 36 42 94 8 0 18 99
74 87 2 56 87 90 64 9 71 33 93 82 51 7 26 15 21 40 25 24 8 80 34 51 53 25 70 43 51 96 80 100 91 58 35 2 27 14 57 80 17 42 100000 2 83 11 80 46 36 73 0 56 100 91 12 40 7 53 44 39 18 41 80 7 23 29 59 87 15 49 85 75 31 76 62 58 89 65 45 3 48 46 13 94 65 48 39 16 92 22 64 1 66 96 30 80 0 8 53 35 19 63 83 45 18 78 36 91 26 28 70 75 13 89 47 87 1 6 46 76 49 80 45 55 28 18 0 33
52 5 20 19 89 40 22 42 15 82 23 1 80 68 89 17 74 13 13 98 67 65 3 72 95 80 87 72 80 42 65 4 28 77 88 65 87 90 6 39 32 54 71 95 78 45 49 79 56 67 63 59 100 24 96 45 85 42 14 19 54 47 56 77 61 44 75 36 71 92 54 64 66 65 89 7 11 3 94 13 96 82 20 77 85 97 75 29 24 23 37 25 83 47 26 36 81 92 100000 40 37 95 52 82 9 21 4 46 87 3 100000 0 100 82 11 28 14 1 40 7 1 69 44 30 76 99 33 0
