64
0 95 33 86 3 61 15 62 74 68 26 80 46 44 61 48 13 60 57 89 28 47 25 45 25 36 87 66 98 24 100000 47 55 15 61 53 20 26 65 25 69 96 57 49 74 52 35 100000 10 92 85 73 90 4 11 66 26 35 1 45 75 47 52 91
95 0 97 83 81 21 96 68 13 64 25 15 46 54 29 2 24 49 69 38 40 44 77 46 31 46 18 94 73 70 60 4 70 96 86 25 46 76 37 48 20 50 71 86 60 48 18 0 66 66 86 71 15 71 95 69 41 35 30 12 39 41 30 46
33 97 0 45 3 37 14 0 73 34 79 10 19 62 18 19 80 21 59 29 31 33 10 72 77 88 45 18 55 71 89 62 81 42 51 32 66 9 28 94 31 38 84 31 24 24 88 79 48 46 86 98 35 94 3 46 95 4 32 19 1 2 49 95
86 83 45 0 80 5 12 46 3 59 78 16 40 69 73 95 69 3 28 72 60 73 30 24 32 98 74 68 11 73 86 2 2 16 31 99 62 3 69 86 19 39 99 67 95 96 8 69 63 35 55 32 91 1 7 3 79 52 66 12 38 65 33 43
3 81 3 80 0 42 83 25 93 45 5 43 92 79 10 84 95 76 99 62 75 38 0 29 6 33 66 87 91 46 10 20 4 78 26 94 44 9 33 18 79 36 97 66 72 28 9 50 22 51 33 67 33 32 30 70 90 79 44 64 36 1 59 86
61 21 37 5 42 0 6 89 44 92 50 29 64 9 25 95 37 66 50 72 17 62 20 16 79 49 85 40 30 47 31 43 86 18 49 60 67 38 32 98 55 11 26 35 67 14 56 39 42 96 86 84 66 93 26 97 24 35 44 35 30 14 55 1
15 96 14 12 83 6 0 40 31 43 99 1 71 95 98 81 7 57 15 20 21 7 4 44 56 21 32 74 26 62 74 100000 37 82 44 76 97 89 35 93 86 55 75 36 13 76 65 22 26 72 52 1 65 5 93 63 3 64 100 84 39 89 20 7
62 68 0 46 25 89 40 0 71 99 83 48 12 74 15 15 5 71 67 15 26 43 95 33 48 77 21 21 24 65 33 17 97 13 13 79 22 44 70 60 22 84 35 26 52 69 42 40 53 98 11 89 59 42 23 58 44 26 11 21 30 52 66 28
74 13 73 3 93 44 31 71 0 82 48 91 71 50 3 26 92 90 95 17 42 32 76 16 19 79 19 62 76 60 90 13 49 95 80 6 5 83 19 23 3 75 86 15 98 20 78 45 3 76 65 99 47 30 81 44 90 33 94 82 52 61 51 46
68 64 34 59 45 92 43 99 82 0 92 72 93 77 87 52 10 36 36 91 49 89 91 52 71 38 87 77 30 11 32 19 5 58 90 21 15 82 51 74 34 50 71 94 25 83 5 46 84 93 51 93 49 96 42 78 4 13 24 71 20 3 100000 92
26 25 79 78 5 50 99 83 48 92 0 62 28 4 43 64 37 68 67 31 62 44 8 34 68 55 29 46 82 0 50 31 62 26 68 94 31 42 69 96 44 15 17 77 57 57 54 87 50 9 5 70 46 26 13 7 5 62 55 84 51 80 11 44
80 15 10 16 43 29 1 48 91 72 62 0 39 70 27 22 60 71 84 7 54 9 47 98 84 52 78 99 53 55 75 29 75 62 12 92 72 89 70 47 14 39 35 67 30 39 95 13 42 18 72 54 95 27 96 76 69 96 98 92 32 33 22 51
46 46 19 40 92 64 71 12 71 93 28 39 0 49 34 94 52 2 6 68 10 63 86 41 72 24 20 66 93 57 96 18 36 43 86 21 60 0 73 29 23 64 95 4 32 42 69 19 20 80 85 73 19 37 62 76 70 50 28 49 66 95 60 45
44 54 62 69 79 9 95 74 50 77 4 70 49 0 2 37 11 89 55 31 8 73 51 26 36 63 80 68 60 16 65 84 71 90 4 60 47 31 6 72 14 66 74 49 90 54 84 63 52 16 56 93 50 50 77 7 84 40 19 3 53 9 19 48
61 29 18 73 10 25 98 15 3 87 43 27 34 2 0 37 92 4 5 33 5 79 58 99 48 26 63 78 96 1 63 87 85 87 32 82 100000 85 87 3 61 40 43 45 82 16 100000 79 79 17 79 7 98 1 100 55 1 5 10 37 16 26 0 49
48 2 19 95 84 95 81 15 26 52 64 22 94 37 37 0 49 67 64 75 83 22 89 27 84 3 7 41 100000 89 84 51 94 10 91 76 48 32 24 39 5 45 98 12 39 6 29 62 6 30 15 70 79 76 45 5 16 54 11 49 52 29 88 100000
13 24 80 69 95 37 7 5 92 10 37 60 52 11 92 49 0 64 15 67 69 63 60 40 100000 86 6 67 86 56 83 38 15 74 99 87 81 7 3 16 72 91 39 73 3 0 58 45 1 65 6 42 64 92 21 21 80 20 72 70 89 47 88 35
60 49 21 3 76 66 57 71 90 36 68 71 2 89 4 67 64 0 54 65 5 66 29 69 25 32 10 1 47 85 67 43 30 64 63 55 6 63 86 60 71 23 34 23 15 34 62 98 39 92 80 84 98 82 100 95 93 19 95 37 70 55 5 35
57 69 59 28 99 50 15 67 95 36 67 84 6 55 5 64 15 54 0 99 28 69 67 4 37 47 80 16 37 27 41 99 42 73 43 41 45 68 98 100 24 54 64 31 36 71 10 15 64 52 37 57 94 6 0 30 19 54 16 90 98 4 60 54
89 38 29 72 62 72 20 15 17 91 31 7 68 31 33 75 67 65 99 0 54 59 89 60 10 89 88 76 32 16 84 99 2 32 100000 65 57 38 36 64 77 12 10 15 99 61 72 44 39 35 73 51 100 66 23 39 82 7 4 26 24 16 25 9
28 40 31 60 75 17 21 26 42 49 62 54 10 8 5 83 69 5 28 54 0 72 76 10 57 83 93 29 70 96 88 67 35 29 80 18 78 1 14 48 91 39 17 29 52 5 89 40 96 19 20 50 11 57 10 73 79 39 86 90 75 88 3 51
47 44 33 73 38 62 7 43 32 89 44 9 63 73 79 22 63 66 69 59 72 0 53 2 41 88 1 78 79 45 0 66 58 12 90 34 46 21 100000 88 99 93 100000 74 66 77 19 47 51 86 97 73 42 93 29 19 23 35 0 83 31 72 66 84
25 77 10 30 0 20 4 95 76 91 8 47 86 51 58 89 60 29 67 89 76 53 0 48 75 90 61 68 74 76 58 47 39 32 45 46 93 56 79 2 42 35 98 85 45 89 34 35 100000 78 15 61 84 59 57 30 47 44 58 38 24 72 96 40
45 46 72 24 29 16 44 33 16 52 34 98 41 26 99 27 40 69 4 60 10 2 48 0 42 73 91 83 60 65 11 95 22 68 45 83 46 59 12 32 0 68 38 75 15 78 88 34 33 50 70 90 83 25 78 41 75 49 36 10 38 41 37 3
25 31 77 32 6 79 56 48 19 71 68 84 72 36 48 84 100000 25 37 10 57 41 75 42 0 43 47 20 91 35 65 20 15 68 100 56 59 37 82 34 30 1 1 95 100000 58 12 1 7 76 16 74 91 69 84 13 0 13 91 58 96 36 90 4
36 46 88 98 33 49 21 77 79 38 55 52 24 63 26 3 86 32 47 89 83 88 90 73 43 0 73 38 38 25 5 61 40 5 11 94 12 61 6 90 8 86 16 29 59 49 20 73 89 78 0 90 1 19 53 39 79 58 87 48 46 77 12 71
87 18 45 74 66 85 32 21 19 87 29 78 20 80 63 7 6 10 80 88 93 1 61 91 47 73 0 54 72 43 29 65 49 47 14 52 45 28 56 77 78 9 38 89 24 43 54 4 21 20 7 71 70 44 73 36 43 23 22 16 38 52 11 35
66 94 18 68 87 40 74 21 62 77 46 99 66 68 78 41 67 1 16 76 29 78 68 83 20 38 54 0 70 83 52 50 81 78 18 62 14 52 85 8 1 77 3 42 44 5 100 20 71 1 81 6 26 73 88 2 22 75 77 89 9 43 81 84
98 73 55 11 91 30 26 24 76 30 82 53 93 60 96 100000 86 47 37 32 70 79 74 60 91 38 72 70 0 97 70 6 79 69 33 58 64 26 93 99 23 27 75 59 75 21 55 5 86 54 66 43 67 84 49 68 40 71 36 9 63 73 5 49
24 70 71 73 46 47 62 65 60 11 0 55 57 16 1 89 56 85 27 16 96 45 76 65 35 25 43 83 97 0 98 79 87 20 13 36 46 37 20 60 97 23 90 82 13 23 22 22 95 82 88 93 38 58 22 94 35 23 97 70 100 30 30 71
100000 60 89 86 10 31 74 33 90 32 50 75 96 65 63 84 83 67 41 84 88 0 58 11 65 5 29 52 70 98 0 42 98 50 3 77 51 20 23 35 98 32 2 36 48 49 66 78 100 35 46 29 27 55 85 74 56 27 49 30 13 19 25 52
47 4 62 2 20 43 100000 17 13 19 31 29 18 84 87 51 38 43 99 99 67 66 47 95 20 61 65 50 6 79 42 0 5 5 76 31 100 12 95 54 53 71 50 66 17 39 36 35 100 43 61 92 44 53 24 93 64 88 53 35 85 16 25 18
55 70 81 2 4 86 37 97 49 5 62 75 36 71 85 94 15 30 42 2 35 58 39 22 15 40 49 81 79 87 98 5 0 49 80 98 90 17 12 2 89 38 100 86 59 10 90 13 27 50 55 52 81 55 50 76 99 53 13 38 62 38 77 83
15 96 42 16 78 18 82 13 95 58 26 62 43 90 87 10 74 64 73 32 29 12 32 68 68 5 47 78 69 20 50 5 49 0 87 87 7 32 99 12 17 26 41 6 55 10 21 39 31 9 89 95 21 33 35 72 87 49 97 40 78 99 45 44
61 86 51 31 26 49 44 13 80 90 68 12 86 4 32 91 99 63 43 100000 80 90 45 45 100 11 14 18 33 13 3 76 80 87 0 63 62 51 40 89 68 78 50 28 91 22 77 81 31 91 37 15 50 53 87 29 43 57 15 25 27 44 95 15
53 25 32 99 94 60 76 79 6 21 94 92 21 60 82 76 87 55 41 65 18 34 46 83 56 94 52 62 58 36 77 31 98 87 63 0 96 87 27 36 40 37 100 86 70 13 20 22 20 51 77 85 47 29 86 73 17 35 39 88 25 67 63 64
20 46 66 62 44 67 97 22 5 15 31 72 60 47 100000 48 81 6 45 57 78 46 93 46 59 12 45 14 64 46 51 100 90 7 62 96 0 92 98 10 7 37 80 83 71 17 2 31 24 63 100 18 100000 93 57 70 70 2 67 1 73 60 1 23
26 76 9 3 9 38 89 44 83 82 42 89 0 31 85 32 7 63 68 38 1 21 56 59 37 61 28 52 26 37 20 12 17 32 51 87 92 0 35 75 79 99 71 28 61 91 23 73 46 20 31 21 75 89 32 31 5 76 17 65 90 21 100000 26
65 37 28 69 33 32 35 70 19 51 69 70 73 6 87 24 3 86 98 36 14 100000 79 12 82 6 56 85 93 20 23 95 12 99 40 27 98 35 0 61 54 32 54 100 71 30 65 82 90 83 48 79 42 8 96 12 91 32 38 98 7 55 30 19
25 48 94 86 18 98 93 60 23 74 96 47 29 72 3 39 16 60 100 64 48 88 2 32 34 90 77 8 99 60 35 54 2 12 89 36 10 75 61 0 37 23 41 41 32 57 91 96 51 74 55 83 97 93 18 84 5 86 34 2 93 93 79 8
69 20 31 19 79 55 86 22 3 34 44 14 23 14 61 5 72 71 24 77 91 99 42 0 30 8 78 1 23 97 98 53 89 17 68 40 7 79 54 37 0 24 66 71 18 9 88 38 61 55 56 35 64 45 71 9 57 69 0 42 29 50 94 66
96 50 38 39 36 11 55 84 75 50 15 39 64 66 40 45 91 23 54 12 39 93 35 68 1 86 9 77 27 23 32 71 38 26 78 37 37 99 32 23 24 0 25 0 93 28 69 92 66 73 9 33 17 14 25 59 5 73 21 7 66 17 77 75
57 71 84 99 97 26 75 35 86 71 17 35 95 74 43 98 39 34 64 10 17 100000 98 38 1 16 38 3 75 90 2 50 100 41 50 100 80 71 54 41 66 25 0 89 58 75 75 77 37 17 29 74 69 84 11 70 56 80 35 78 68 77 4 68
49 86 31 67 66 35 36 26 15 94 77 67 4 49 45 12 73 23 31 15 29 74 85 75 95 29 89 42 59 82 36 66 86 6 28 86 83 28 100 41 71 0 89 0 33 85 51 49 5 46 41 5 70 1 90 19 98 58 44 45 76 32 0 62
74 60 24 95 72 67 13 52 98 25 57 30 32 90 82 39 3 15 36 99 52 66 45 15 100000 59 24 44 75 13 48 17 59 55 91 70 71 61 71 32 18 93 58 33 0 79 83 94 73 70 66 92 100 64 79 90 69 47 92 93 23 55 49 78
52 48 24 96 28 14 76 69 20 83 57 39 42 54 16 6 0 34 71 61 5 77 89 78 58 49 43 5 21 23 49 39 10 10 22 13 17 91 30 57 9 28 75 85 79 0 88 84 61 49 67 91 11 78 75 52 38 80 70 7 86 58 29 84
35 18 88 8 9 56 65 42 78 5 54 95 69 84 100000 29 58 62 10 72 89 19 34 88 12 20 54 100 55 22 66 36 90 21 77 20 2 23 65 91 88 69 75 51 83 88 0 72 97 89 74 24 58 77 21 19 28 63 40 27 1 97 93 65
100000 0 79 69 50 39 22 40 45 46 87 13 19 63 79 62 45 98 15 44 40 47 35 34 1 73 4 20 5 22 78 35 13 39 81 22 31 73 82 96 38 92 77 49 94 84 72 0 96 76 57 87 15 56 43 45 71 12 81 15 95 12 71 60
10 66 48 63 22 42 26 53 3 84 50 42 20 52 79 6 1 39 64 39 96 51 100000 33 7 89 21 71 86 95 100 100 27 31 31 20 24 46 90 51 61 66 37 5 73 61 97 96 0 35 42 29 40 42 59 73 6 54 90 93 47 5 33 62
92 66 46 35 51 96 72 98 76 93 9 18 80 16 17 30 65 92 52 35 19 86 78 50 76 78 20 1 54 82 35 43 50 9 91 51 63 20 83 74 55 73 17 46 70 49 89 76 35 0 70 71 86 33 4 99 96 57 93 100 41 65 51 79
85 86 86 55 33 86 52 11 65 51 5 72 85 56 79 15 6 80 37 73 20 97 15 70 16 0 7 81 66 88 46 61 55 89 37 77 100 31 48 55 56 9 29 41 66 67 74 57 42 70 0 98 37 32 11 85 24 61 94 27 26 42 3 8
73 71 98 32 67 84 1 89 99 93 70 54 73 93 7 70 42 84 57 51 50 73 61 90 74 90 71 6 43 93 29 92 52 95 15 85 18 21 79 83 35 33 74 5 92 91 24 87 29 71 98 0 18 77 79 44 80 58 89 46 86 83 26 25
90 15 35 91 33 66 65 59 47 49 46 95 19 50 98 79 64 98 94 100 11 42 84 83 91 1 70 26 67 38 27 44 81 21 50 47 100000 75 42 97 64 17 69 70 100 11 58 15 40 86 37 18 0 63 80 4 35 49 10 72 97 23 71 19
4 71 94 1 32 93 5 42 30 96 26 27 37 50 1 76 92 82 6 66 57 93 59 25 69 19 44 73 84 58 55 53 55 33 53 29 93 89 8 93 45 14 84 1 64 78 77 56 42 33 32 77 63 0 21 47 23 76 47 84 93 78 66 15
11 95 3 7 30 26 93 23 81 42 13 96 62 77 100 45 21 100 0 23 10 29 57 78 84 53 73 88 49 22 85 24 50 35 87 86 57 32 96 18 71 25 11 90 79 75 21 43 59 4 11 79 80 21 0 36 90 63 95 66 46 4 13 0
66 69 46 3 70 97 63 58 44 78 7 76 76 7 55 5 21 95 30 39 73 19 30 41 13 39 36 2 68 94 74 93 76 72 29 73 70 31 12 84 9 59 70 19 90 52 19 45 73 99 85 44 4 47 36 0 90 45 33 39 16 39 24 90
26 41 95 79 90 24 3 44 90 4 5 69 70 84 1 16 80 93 19 82 79 23 47 75 0 79 43 22 40 35 56 64 99 87 43 17 70 5 91 5 57 5 56 98 69 38 28 71 6 96 24 80 35 23 90 90 0 49 88 61 78 55 91 89
35 35 4 52 79 35 64 26 33 13 62 96 50 40 5 54 20 19 54 7 39 35 44 49 13 58 23 75 71 23 27 88 53 49 57 35 2 76 32 86 69 73 80 58 47 80 63 12 54 57 61 58 49 76 63 45 49 0 21 33 55 87 94 38
1 30 32 66 44 44 100 11 94 24 55 98 28 19 10 11 72 95 16 4 86 0 58 36 91 87 22 77 36 97 49 53 13 97 15 39 67 17 38 34 0 21 35 44 92 70 40 81 90 93 94 89 10 47 95 33 88 21 0 3 6 86 56 93
45 12 19 12 64 35 84 21 82 71 84 92 49 3 37 49 70 37 90 26 90 83 38 10 58 48 16 89 9 70 30 35 38 40 25 88 1 65 98 2 42 7 78 45 93 7 27 15 93 100 27 46 72 84 66 39 61 33 3 0 20 27 8 22
75 39 1 38 36 30 39 30 52 20 51 32 66 53 16 52 89 70 98 24 75 31 24 38 96 46 38 9 63 100 13 85 62 78 27 25 73 90 7 93 29 66 68 76 23 86 1 95 47 41 26 86 97 93 46 16 78 55 6 20 0 18 35 19
47 41 2 65 1 14 89 52 61 3 80 33 95 9 26 29 47 55 4 16 88 72 72 41 36 77 52 43 73 30 19 16 38 99 44 67 60 21 55 93 50 17 77 32 55 58 97 12 5 65 42 83 23 78 4 39 55 87 86 27 18 0 47 93
52 30 49 33 59 55 20 66 51 100000 11 22 60 19 0 88 88 5 60 25 3 66 96 37 90 12 11 81 5 30 25 25 77 45 95 63 1 100000 30 79 94 77 4 0 49 29 93 71 33 51 3 26 71 66 13 24 91 94 56 8 35 47 0 2
91 46 95 43 86 1 7 28 46 92 44 51 45 48 49 100000 35 35 54 9 51 84 40 3 4 71 35 84 49 71 52 18 83 44 15 64 23 26 19 8 66 75 68 62 78 84 65 60 62 79 8 25 19 15 0 90 89 38 93 22 19 93 2 0
