128
0 81 42 43 47 68 47 21 100000 91 34 95 63 6 48 64 64 61 15 88 46 26 11 26 69 30 54 14 94 65 35 27 96 50 99 46 51 28 24 23 4 51 39 37 76 1 48 36 67 69 72 10 50 60 26 98 5 54 1 15 91 63 56 35 11 44 22 98 54 58 84 7 16 77 98 100 76 90 3 74 53 41 30 47 85 53 70 3 34 93 49 43 40 12 95 16 28 24 11 51 34 38 30 1 85 56 63 94 69 68 58 47 48 100 78 53 11 13 8 17 90 35 57 26 84 100000 12 67
81 0 92 93 11 20 17 0 100000 88 56 77 26 83 35 44 61 32 10 87 80 64 22 36 79 36 82 87 98 42 0 100 49 41 29 16 5 19 40 95 83 44 8 91 49 74 78 20 35 52 98 91 4 0 80 1 5 21 69 75 11 3 92 96 97 100 71 80 75 21 32 27 85 80 37 27 38 99 0 58 83 8 42 73 60 40 35 36 59 25 23 96 72 48 45 26 12 87 4 36 98 81 68 71 43 50 27 10 37 51 5 41 94 31 96 84 60 11 81 99 6 90 61 49 33 54 81 70
42 92 0 10 4 57 59 29 30 43 4 8 11 86 100 93 59 18 73 81 89 94 6 75 10 10 27 45 43 93 97 84 41 52 90 68 50 89 1 92 54 2 29 51 97 90 12 64 76 44 17 38 81 9 49 88 83 1 95 93 25 44 21 77 76 100000 6 65 20 91 100000 59 100 73 97 35 86 54 18 13 87 95 86 29 76 31 73 37 27 87 20 76 10 57 90 90 55 59 4 69 42 10 36 35 72 0 91 32 57 0 10 2 16 82 47 72 8 31 3 70 73 41 9 42 99 100 75 94
43 93 10 0 75 98 42 91 79 5 92 98 24 31 83 66 89 34 50 15 25 89 77 77 50 20 66 56 32 45 72 96 84 6 40 100000 2 100 70 63 64 100 33 80 98 77 18 54 63 23 86 93 75 41 62 61 93 85 48 93 36 23 13 92 68 30 38 64 9 27 34 69 68 99 28 7 57 50 82 20 88 32 63 51 39 21 85 81 30 21 96 37 30 88 10 16 39 27 14 62 18 58 4 63 33 17 31 45 80 50 4 88 86 72 4 8 88 86 26 95 85 54 16 61 38 60 3 17
47 11 4 75 0 33 80 69 19 4 64 26 11 26 91 89 95 29 19 85 32 88 2 41 23 8 97 46 17 46 1 35 41 68 90 81 79 13 20 91 3 83 73 11 13 27 10 68 3 34 61 18 98 86 58 29 44 44 5 77 70 28 8 100 29 80 45 40 84 89 18 9 22 83 28 59 84 55 100000 2 54 59 68 91 16 59 55 48 61 10 0 69 94 4 9 17 94 67 36 46 49 34 38 25 89 3 39 23 86 5 83 15 66 21 88 55 52 29 37 16 71 32 79 31 81 47 69 25
68 20 57 98 33 0 94 87 85 43 30 66 70 5 56 53 75 44 87 57 20 35 44 31 90 84 55 60 27 15 57 54 63 39 5 68 28 9 31 51 17 9 58 72 82 50 75 77 78 99 51 57 13 91 53 57 13 95 91 67 41 37 22 100000 25 16 43 45 20 65 85 55 20 16 80 12 98 90 28 99 50 42 37 50 26 8 96 19 49 24 78 12 45 95 69 11 57 6 99 93 80 14 31 20 63 16 6 41 63 14 98 11 58 75 4 33 72 87 15 23 18 97 6 55 61 24 75 20
47 17 59 42 80 94 0 14 18 27 9 11 86 82 56 14 61 68 82 7 19 64 16 62 39 2 80 55 52 73 1 37 79 44 51 80 21 79 40 91 83 36 69 41 2 53 58 8 9 63 90 12 50 98 73 0 46 1 98 54 33 94 5 19 87 35 18 72 24 8 62 99 55 83 83 26 23 69 75 44 33 26 6 66 65 88 49 15 48 67 89 87 61 3 86 59 25 8 33 86 52 45 80 68 22 28 58 97 13 96 89 27 20 88 43 2 68 51 98 69 98 91 47 35 44 41 68 64
21 0 29 91 69 87 14 0 88 54 52 71 40 67 30 74 90 1 39 34 53 13 8 5 49 39 91 19 74 79 51 15 61 39 63 99 47 22 72 76 77 11 82 61 55 43 63 77 22 26 17 91 100 73 8 59 5 82 84 39 99 58 72 81 38 8 9 36 53 9 73 4 20 79 11 60 40 52 14 11 40 41 98 15 51 78 42 39 16 95 91 26 38 88 70 29 92 61 46 23 2 0 79 91 77 52 83 16 7 6 50 31 16 20 26 93 46 73 49 40 19 37 35 17 49 43 34 18
100000 100000 30 79 19 85 18 88 0 100000 49 17 10 19 6 95 76 0 49 69 80 95 0 40 57 100000 34 63 59 91 43 54 56 54 37 25 50 9 36 5 51 93 25 91 44 55 28 64 22 33 52 66 55 88 31 0 71 53 54 63 58 70 66 88 66 54 30 57 94 15 88 77 3 79 7 64 70 30 15 0 11 26 68 36 90 23 65 24 22 41 92 48 77 24 94 55 28 4 77 30 51 42 32 38 53 11 6 21 78 82 37 81 12 99 28 20 37 86 64 91 25 90 69 95 81 5 67 36
91 88 43 5 4 43 27 54 100000 0 12 77 69 94 10 33 12 11 81 45 65 95 100 46 19 22 46 13 8 13 49 6 96 100 89 24 4 17 3 99 5 84 42 76 20 10 53 73 4 12 85 89 43 78 58 98 14 6 63 59 82 60 49 8 23 81 37 38 22 25 76 1 83 87 95 9 40 37 67 43 36 73 0 15 53 10 4 35 97 94 15 83 45 24 74 15 96 40 39 31 91 97 25 2 12 34 19 37 7 31 74 3 45 96 86 77 42 92 43 12 10 3 9 11 23 65 76 31
34 56 4 92 64 30 9 52 49 12 0 27 63 3 17 87 71 91 95 50 17 79 34 7 57 47 47 86 78 75 0 36 84 14 86 12 19 100000 53 55 30 87 29 40 49 69 57 81 45 33 21 91 83 55 92 23 78 37 62 23 62 16 75 39 33 79 78 95 15 89 31 40 6 41 69 78 71 46 13 27 95 15 13 98 72 90 32 85 92 24 25 2 12 58 35 16 25 86 17 28 73 42 8 17 57 59 78 53 70 7 77 18 43 5 99 26 67 15 65 2 12 22 26 76 81 74 30 71
95 77 8 98 26 66 11 71 17 77 27 0 97 35 60 30 22 17 21 4 48 31 100 8 63 84 52 100 52 1 60 95 74 91 50 95 22 41 92 72 57 27 81 37 49 58 12 72 96 54 51 41 16 78 98 69 65 96 16 24 95 5 54 97 79 1 99 74 6 45 36 36 18 34 46 2 42 75 35 49 49 67 22 44 30 70 94 33 82 62 34 25 85 67 5 46 82 16 58 65 65 33 10 83 98 11 75 18 99 45 77 73 82 75 17 100 49 2 0 36 29 90 35 16 56 20 72 81
63 26 11 24 11 70 86 40 10 69 63 97 0 83 22 89 63 71 9 19 12 80 35 87 90 57 47 74 71 50 2 18 97 80 20 2 74 27 37 81 58 47 90 50 53 21 81 94 40 73 47 71 17 71 52 8 18 15 18 72 91 12 13 46 55 50 98 26 62 23 45 60 46 9 82 91 28 93 84 39 9 64 76 52 65 44 20 37 86 84 96 86 32 100 2 37 80 58 87 70 10 94 88 73 18 91 77 29 89 59 20 62 44 57 35 65 39 79 15 38 88 50 77 39 35 34 30 26
6 83 86 31 26 5 82 67 19 94 3 35 83 0 11 83 64 66 74 4 66 76 32 70 93 7 83 88 22 12 55 52 66 48 43 72 68 38 77 48 76 85 100 29 59 60 18 99 87 28 58 74 44 30 98 73 91 4 20 62 60 53 54 7 53 88 28 44 28 7 34 64 62 86 9 82 32 78 61 41 36 79 44 39 46 50 33 24 0 34 10 69 74 16 44 90 4 6 20 6 27 16 0 9 94 19 17 92 13 44 24 52 1 17 21 3 25 26 28 51 51 54 78 18 29 12 58 84
48 35 100 83 91 56 56 30 6 10 17 60 22 11 0 3 42 54 6 33 77 68 48 92 91 18 75 26 68 98 17 3 33 43 100000 76 55 67 96 82 49 95 44 10 50 91 64 93 43 22 63 2 84 17 77 64 58 14 6 63 15 31 84 72 46 31 26 71 61 0 44 100 61 66 57 1 67 100 13 7 11 33 36 66 82 68 96 62 59 53 94 3 22 58 57 32 57 61 71 14 52 3 37 61 64 18 19 55 90 42 92 39 42 35 21 17 11 24 1 88 90 50 0 63 1 73 22 29
64 44 93 66 89 53 14 74 95 33 87 30 89 83 3 0 31 89 92 12 89 50 78 12 28 81 56 4 76 6 68 43 50 0 10 89 12 51 100000 44 29 78 98 61 15 62 32 2 88 61 59 26 14 78 12 100 91 38 80 62 28 7 64 35 4 48 11 74 14 78 58 38 43 62 65 38 71 61 92 23 78 97 62 15 60 9 2 23 44 52 84 7 31 59 15 51 25 30 0 22 4 45 52 39 10 28 47 45 37 85 60 92 38 51 54 51 85 71 90 43 25 97 7 6 39 54 70 97
64 61 59 89 95 75 61 90 76 12 71 22 63 64 42 31 0 98 30 85 78 3 96 50 66 67 11 54 85 88 46 88 100000 42 0 5 49 72 43 89 14 26 16 86 4 42 44 53 55 20 19 49 8 77 70 76 55 32 4 14 20 70 100000 84 97 42 2 32 22 34 46 36 65 78 57 17 12 38 21 8 71 87 91 100000 33 17 54 52 59 24 57 89 85 85 89 10 86 95 17 49 81 75 85 16 70 41 87 52 80 43 73 59 81 22 67 40 69 20 41 99 74 83 49 75 6 43 37 28
61 32 18 34 29 44 68 1 0 11 91 17 71 66 54 89 98 0 14 77 41 49 21 47 84 80 45 64 72 94 89 45 42 75 91 63 46 93 13 5 100 7 11 14 30 3 22 25 87 57 36 69 99 83 4 6 1 94 97 50 15 44 65 47 57 50 59 43 24 35 71 83 93 80 83 22 18 40 27 0 61 79 35 11 29 72 100000 77 58 26 21 84 77 100000 23 1 72 14 44 64 50 85 75 90 36 9 60 46 60 6 29 66 13 89 50 40 32 23 17 32 68 53 56 12 96 72 100000 55
15 10 73 50 19 87 82 39 49 81 95 21 9 74 6 92 30 14 0 31 2 79 88 57 15 13 64 89 51 4 2 90 96 29 18 90 77 61 12 0 69 61 33 91 33 12 37 85 84 22 88 78 20 16 88 40 64 54 43 94 60 22 37 20 37 2 35 34 97 30 76 57 95 61 14 6 83 5 55 15 85 43 21 65 14 34 21 16 58 66 11 63 85 88 44 50 16 31 84 8 6 47 39 57 6 88 53 78 66 34 27 16 63 88 85 100 34 63 80 51 27 40 33 100000 33 27 54 31
88 87 81 15 85 57 7 34 69 45 50 4 19 4 33 12 85 77 31 0 46 24 64 67 27 57 90 74 14 38 33 65 80 67 48 64 16 40 51 77 98 78 95 77 81 24 57 9 22 36 20 23 19 16 57 50 55 92 57 56 100 78 25 44 51 75 35 18 44 74 78 12 83 98 60 16 60 8 78 43 18 89 57 5 46 72 82 63 26 5 11 88 61 67 71 15 38 44 83 88 51 78 9 80 52 60 78 1 24 4 86 12 94 25 18 15 40 40 48 8 82 11 54 12 95 58 61 48
46 80 89 25 32 20 19 53 80 65 17 48 12 66 77 89 78 41 2 46 0 4 48 48 55 92 99 30 32 7 48 47 27 99 44 73 14 61 52 42 73 61 81 87 3 49 86 97 12 6 6 7 65 60 58 100 14 70 6 55 86 72 75 69 40 66 25 90 75 21 62 66 97 13 55 11 27 100 75 68 41 78 61 80 31 45 88 87 54 9 100 74 90 61 20 35 31 15 81 48 28 40 53 35 6 4 2 14 5 86 55 88 31 13 88 10 30 20 22 16 56 83 100000 6 69 65 88 82
26 64 94 89 88 35 64 13 95 95 79 31 80 76 68 50 3 49 79 24 4 0 40 16 21 87 74 97 82 49 54 46 96 51 61 6 11 8 82 72 44 94 42 78 56 47 30 14 5 54 29 55 26 3 8 34 57 91 82 2 68 89 35 80 44 76 7 72 19 4 48 40 94 99 0 12 42 65 40 1 34 45 58 40 10 76 48 59 89 84 70 79 91 71 60 37 26 77 21 7 75 89 40 65 54 85 75 13 64 48 12 5 100 32 75 41 60 84 30 14 72 28 76 90 39 28 51 35
11 22 6 77 2 44 16 8 0 100 34 100 35 32 48 78 96 21 88 64 48 40 0 70 79 20 69 39 54 44 12 75 25 29 83 61 98 56 14 83 60 64 61 20 100 92 81 64 80 9 91 21 62 99 91 36 65 52 70 0 59 11 6 76 4 11 42 99 24 52 59 16 66 25 87 10 60 37 16 18 6 78 0 26 80 28 59 54 11 18 25 22 44 34 67 6 21 86 9 65 20 59 100000 44 69 63 47 58 99 18 2 65 92 54 100000 67 44 40 87 25 38 6 68 71 39 10 5 35
26 36 75 77 41 31 62 5 40 46 7 8 87 70 92 12 50 47 57 67 48 16 70 0 89 43 79 34 71 96 78 54 15 58 13 34 26 90 42 36 96 77 52 16 35 61 71 78 84 20 81 59 13 33 10 48 15 51 40 44 13 11 49 86 1 87 44 94 22 88 99 21 76 17 62 37 63 15 0 68 40 99 99 4 100000 57 87 74 6 68 12 21 57 47 52 9 97 21 24 23 45 77 66 100 26 75 61 87 89 64 10 35 64 12 49 85 39 60 42 54 77 65 93 47 21 10 18 78
69 79 10 50 23 90 39 49 57 19 57 63 90 93 91 28 66 84 15 27 55 21 79 89 0 9 23 20 85 55 73 44 69 86 70 53 76 72 11 84 21 21 14 60 76 99 55 71 33 50 47 26 27 11 83 38 8 44 19 27 3 15 11 43 12 47 65 35 18 98 98 63 12 63 10 41 35 89 97 26 78 11 78 71 59 73 31 55 39 75 86 39 100000 90 39 94 68 100 20 44 71 30 13 56 72 100000 34 75 15 22 66 18 75 47 43 96 30 6 31 36 2 47 66 26 79 84 31 94
30 36 10 20 8 84 2 39 100000 22 47 84 57 7 18 81 67 80 13 57 92 87 20 43 9 0 99 72 67 11 14 1 6 10 7 28 38 11 13 10 81 60 61 74 100 68 81 53 50 46 60 49 8 100000 19 100 53 13 49 97 17 100 95 82 54 97 45 67 6 48 79 48 86 3 95 43 50 34 86 94 30 32 17 34 21 76 91 38 42 39 22 90 53 56 44 15 67 75 72 58 98 79 93 81 96 21 53 4 71 2 69 19 94 100000 94 59 53 47 99 87 20 2 83 73 46 10 10 35
54 82 27 66 97 55 80 91 34 46 47 52 47 83 75 56 11 45 64 90 99 74 69 79 23 99 0 29 80 80 30 82 77 65 36 74 26 55 90 64 16 84 2 50 79 100000 11 9 6 5 57 60 2 56 3 4 71 11 35 59 26 97 37 52 86 31 25 15 43 17 88 78 72 39 58 71 58 0 38 20 35 23 24 37 43 94 28 33 55 45 64 7 89 40 53 2 15 98 62 44 61 28 41 83 57 7 58 50 70 70 46 100000 25 69 94 100000 14 48 93 25 49 35 100000 39 42 82 38 38
14 87 45 56 46 60 55 19 63 13 86 100 74 88 26 4 54 64 89 74 30 97 39 34 20 72 29 0 90 31 49 80 20 51 74 81 42 26 96 82 86 77 61 83 39 12 36 4 23 8 60 0 57 2 54 55 0 94 59 46 92 1 72 79 53 80 77 52 91 61 33 38 2 12 66 92 34 58 40 43 30 25 21 41 40 20 47 44 35 69 14 97 6 38 45 7 25 62 34 45 76 77 16 40 75 18 62 28 99 84 35 33 44 48 76 81 77 83 98 60 28 60 58 88 45 54 32 93
94 98 43 32 17 27 52 74 59 8 78 52 71 22 68 76 85 72 51 14 32 82 54 71 85 67 80 90 0 54 79 54 53 19 22 20 62 7 38 89 18 23 88 37 68 0 71 58 23 76 88 37 72 24 61 60 29 63 97 29 92 97 23 29 62 86 9 16 63 36 23 45 93 51 87 65 93 97 36 96 91 25 75 84 38 98 20 12 16 99 92 87 3 70 99 38 59 93 38 22 9 66 92 36 13 37 81 58 42 99 91 52 70 44 54 32 92 43 67 91 10 59 46 96 81 3 5 63
65 42 93 45 46 15 73 79 91 13 75 1 50 12 98 6 88 94 4 38 7 49 44 96 55 11 80 31 54 0 71 61 85 87 58 34 76 94 17 70 7 37 90 19 87 38 85 100 70 14 21 56 28 90 35 48 26 13 77 58 10 34 1 78 16 10 53 27 94 15 40 35 100 41 42 4 88 88 89 81 4 74 17 86 34 1 66 6 59 55 52 92 100000 98 42 76 96 5 43 74 40 9 30 57 54 70 94 66 31 81 64 73 53 74 13 71 13 81 54 91 91 48 84 62 47 93 11 81
35 0 97 72 1 57 1 51 43 49 0 60 2 55 17 68 46 89 2 33 48 54 12 78 73 14 30 49 79 71 0 55 45 16 33 58 6 96 79 55 6 95 21 40 0 52 89 96 80 100000 12 87 73 0 59 92 27 79 48 29 55 75 63 47 97 3 0 98 41 31 72 43 80 32 72 35 3 24 52 92 69 62 65 9 40 87 41 85 35 89 16 56 44 0 99 7 69 0 30 36 36 55 34 80 89 66 72 89 68 40 14 5 10 58 51 45 82 18 77 86 53 24 42 59 73 4 29 26
27 100 84 96 35 54 37 15 54 6 36 95 18 52 3 43 88 45 90 65 47 46 75 54 44 1 82 80 54 61 55 0 96 99 44 33 86 32 80 15 76 60 79 48 12 76 70 50 56 30 94 58 17 1 31 92 55 66 73 52 35 52 31 100000 89 95 69 65 51 27 24 32 93 33 56 19 55 51 92 77 100 31 5 57 88 98 58 77 36 71 2 88 98 60 42 42 22 0 9 12 71 55 84 9 61 98 69 40 83 80 67 100000 13 58 7 72 6 19 87 99 5 54 11 69 12 0 99 91
96 49 41 84 41 63 79 61 56 96 84 74 97 66 33 50 100000 42 96 80 27 96 25 15 69 6 77 20 53 85 45 96 0 9 29 90 42 50 56 17 56 60 97 72 83 24 37 21 95 65 26 96 49 41 43 84 3 35 62 61 66 0 36 42 93 27 8 65 46 40 32 33 55 34 98 31 20 85 32 55 4 57 91 14 63 71 32 15 82 45 69 58 67 30 61 41 55 36 67 79 78 63 42 34 65 77 61 19 76 74 65 77 78 86 92 18 83 92 64 78 8 64 37 75 90 99 60 78
50 41 52 6 68 39 44 39 54 100 14 91 80 48 43 0 42 75 29 67 99 51 29 58 86 10 65 51 19 87 16 99 9 0 59 52 75 29 52 83 49 37 14 60 13 34 43 47 28 52 39 36 20 15 13 46 16 79 96 61 45 49 71 87 71 15 38 97 86 53 50 97 29 50 8 73 1 25 67 18 65 8 12 10 58 53 50 43 15 18 66 70 100 62 84 70 42 26 27 82 24 30 100 67 94 85 99 98 48 40 55 31 29 80 14 18 52 76 61 75 99 94 92 97 16 100000 48 91
99 29 90 40 90 5 51 63 37 89 86 50 20 43 100000 10 0 91 18 48 44 61 83 13 70 7 36 74 22 58 33 44 29 59 0 96 68 52 48 57 88 33 61 80 24 14 92 50 41 49 43 19 7 79 2 76 98 62 63 48 43 14 13 7 86 58 42 82 6 0 89 25 4 67 93 51 80 48 65 63 61 85 67 2 8 65 1 21 14 84 64 22 10 30 94 9 36 29 21 15 14 38 2 64 2 52 80 82 90 99 49 28 16 85 22 11 59 60 10 25 16 25 28 35 99 16 27 43
46 16 68 100000 81 68 80 99 25 24 12 95 2 72 76 89 5 63 90 64 73 6 61 34 53 28 74 81 20 34 58 33 90 52 96 0 54 98 74 32 13 54 37 46 48 76 50 78 92 66 100000 39 41 72 83 41 11 66 68 45 81 30 33 5 9 61 78 34 50 18 37 26 69 60 11 88 87 34 96 75 35 90 97 15 89 30 82 31 31 72 86 73 46 78 92 86 60 73 33 96 93 48 80 88 62 83 52 5 92 17 74 68 73 70 76 22 32 77 59 16 62 87 71 87 0 17 72 83
51 5 50 2 79 28 21 47 50 4 19 22 74 68 55 12 49 46 77 16 14 11 98 26 76 38 26 42 62 76 6 86 42 75 68 54 0 41 77 61 49 83 5 68 98 13 85 94 51 90 69 68 76 19 23 96 83 25 97 74 85 73 35 53 43 85 1 28 8 37 76 59 95 87 17 87 3 8 80 54 87 3 73 18 97 36 43 2 10 49 19 77 17 82 70 78 55 52 86 39 86 14 4 65 30 56 42 32 43 91 54 7 19 50 54 86 11 63 97 90 35 11 59 81 23 74 3 90
28 19 89 100 13 9 79 22 9 17 100000 41 27 38 67 51 72 93 61 40 61 8 56 90 72 11 55 26 7 94 96 32 50 29 52 98 41 0 54 71 100 63 12 52 100 21 8 71 86 89 44 71 100 38 44 1 45 0 97 25 73 81 42 84 42 3 72 32 15 99 49 10 43 2 90 49 8 76 22 97 94 38 31 67 18 76 33 17 57 9 22 78 18 10 46 78 85 44 59 78 60 88 47 62 40 36 94 23 15 77 17 84 100000 9 95 9 30 62 77 19 38 37 19 5 22 5 70 50
24 40 1 70 20 31 40 72 36 3 53 92 37 77 96 100000 43 13 12 51 52 82 14 42 11 13 90 96 38 17 79 80 56 52 48 74 77 54 0 92 83 100000 81 45 10 63 95 83 78 4 70 68 41 62 75 45 91 63 23 37 11 71 72 4 8 16 89 48 79 58 45 20 79 42 48 42 22 37 44 68 99 90 7 37 55 84 41 85 27 57 61 9 17 29 56 53 98 83 15 20 91 69 65 57 87 14 30 25 91 31 3 91 77 53 22 71 66 87 92 34 54 92 31 19 100 52 50 84
23 95 92 63 91 51 91 76 5 99 55 72 81 48 82 44 89 5 0 77 42 72 83 36 84 10 64 82 89 70 55 15 17 83 57 32 61 71 92 0 77 36 53 60 87 38 46 11 70 57 18 16 100000 23 65 37 25 74 14 0 81 74 23 74 95 49 32 100 18 100 62 39 55 47 47 24 63 90 80 8 73 27 67 4 71 97 6 37 34 95 59 32 61 27 0 81 63 32 68 40 33 38 6 90 56 34 33 23 63 10 24 91 60 13 89 61 46 45 42 88 99 57 79 7 75 22 72 76
4 83 54 64 3 17 83 77 51 5 30 57 58 76 49 29 14 100 69 98 73 44 60 96 21 81 16 86 18 7 6 76 56 49 88 13 49 100 83 77 0 33 53 47 81 23 65 70 71 33 16 43 86 46 59 32 34 7 92 5 37 100 89 25 41 40 49 64 22 97 24 39 2 44 56 40 74 62 23 32 91 35 2 84 77 3 49 50 33 19 30 93 100000 50 76 11 19 67 65 77 11 93 52 46 3 96 23 31 7 6 97 18 58 41 91 24 34 23 33 50 12 65 57 82 67 81 13 2
51 44 2 100 83 9 36 11 93 84 87 27 47 85 95 78 26 7 61 78 61 94 64 77 21 60 84 77 23 37 95 60 60 37 33 54 83 63 100000 36 33 0 46 24 44 91 67 42 18 54 50 39 62 28 100 93 71 93 55 45 96 55 69 51 41 9 15 92 39 35 15 49 16 45 50 30 16 81 59 27 51 17 48 16 80 68 50 57 63 90 41 37 98 4 38 32 84 93 14 42 65 47 85 28 58 40 54 46 97 63 10 47 44 33 3 52 82 80 3 60 37 20 41 39 48 60 2 100
39 8 29 33 73 58 69 82 25 42 29 81 90 100 44 98 16 11 33 95 81 42 61 52 14 61 2 61 88 90 21 79 97 14 61 37 5 12 81 53 53 46 0 61 68 35 98 50 74 2 1 44 91 69 75 77 34 44 97 64 66 66 66 44 65 76 15 10 66 22 89 24 97 46 8 98 91 38 71 63 43 2 11 25 57 66 92 57 40 28 12 53 23 79 49 52 67 78 34 66 65 100000 63 37 66 10 75 45 11 7 63 49 38 73 51 37 53 13 12 69 79 83 24 63 40 28 57 87
37 91 51 80 11 72 41 61 91 76 40 37 50 29 10 61 86 14 91 77 87 78 20 16 60 74 50 83 37 19 40 48 72 60 80 46 68 52 45 60 47 24 61 0 78 82 38 75 29 31 91 34 42 16 65 26 1 16 59 20 4 38 10 55 98 55 68 77 45 0 90 41 2 69 17 51 14 24 99 45 60 79 18 13 94 95 69 46 48 54 18 38 0 7 5 18 30 10 18 75 6 82 90 44 18 44 55 84 89 30 88 67 40 55 69 12 67 31 58 59 25 63 60 6 46 41 51 85
76 49 97 98 13 82 2 55 44 20 49 49 53 59 50 15 4 30 33 81 3 56 100 35 76 100 79 39 68 87 0 12 83 13 24 48 98 100 10 87 81 44 68 78 0 58 41 71 35 32 60 98 66 87 75 47 62 21 57 75 74 41 65 28 64 52 34 95 19 61 93 11 73 85 99 66 95 65 51 66 98 100 38 22 91 53 2 95 72 80 48 42 87 91 73 54 81 50 8 61 84 23 99 74 27 63 76 45 9 75 36 36 31 72 87 89 88 32 84 72 67 70 22 12 43 24 73 88
1 74 90 77 27 50 53 43 55 10 69 58 21 60 91 62 42 3 12 24 49 47 92 61 99 68 100000 12 0 38 52 76 24 34 14 76 13 21 63 38 23 91 35 82 58 0 50 18 18 48 92 58 49 27 68 62 79 92 38 19 91 9 79 7 17 62 37 35 48 67 22 83 28 65 86 16 21 29 83 50 18 18 36 29 0 38 30 26 87 42 88 34 12 87 87 67 6 63 71 13 22 32 81 70 23 29 84 16 39 85 38 56 40 91 49 93 95 69 93 43 57 100 13 3 79 16 5 42
48 78 12 18 10 75 58 63 28 53 57 12 81 18 64 32 44 22 37 57 86 30 81 71 55 81 11 36 71 85 89 70 37 43 92 50 85 8 95 46 65 67 98 38 41 50 0 17 48 72 7 72 85 77 91 92 67 24 68 49 53 97 27 77 16 89 31 48 72 77 78 23 9 78 40 48 10 73 100 22 20 29 13 83 27 58 58 93 19 33 43 83 68 29 74 17 15 83 93 19 90 95 71 54 99 17 100 39 90 59 90 15 91 24 74 29 85 9 85 31 11 36 74 4 100000 67 87 4
36 20 64 54 68 77 8 77 64 73 81 72 94 99 93 2 53 25 85 9 97 14 64 78 71 53 9 4 58 100 96 50 21 47 50 78 94 71 83 11 70 42 50 75 71 18 17 0 37 18 27 4 61 24 54 96 20 32 18 18 79 69 12 85 54 39 69 50 77 91 76 80 96 3 21 21 1 20 100 63 76 77 2 34 22 34 99 23 8 73 45 4 2 82 26 45 36 69 60 94 20 48 20 79 41 29 92 52 63 20 25 35 19 9 77 28 62 21 79 1 53 45 29 6 14 71 6 50
67 35 76 63 3 78 9 22 22 4 45 96 40 87 43 88 55 87 84 22 12 5 80 84 33 50 6 23 23 70 80 56 95 28 41 92 51 86 78 70 71 18 74 29 35 18 48 37 0 67 99 36 95 10 24 2 84 82 22 2 93 62 20 80 25 97 41 54 3 15 61 90 77 70 52 87 71 18 43 27 68 3 25 69 76 38 99 26 100 77 4 85 48 21 28 67 49 84 56 90 75 98 64 71 3 4 16 13 59 67 50 0 4 23 62 92 59 60 58 54 96 4 69 25 2 54 86 93
69 52 44 23 34 99 63 26 33 12 33 54 73 28 22 61 20 57 22 36 6 54 9 20 50 46 5 8 76 14 100000 30 65 52 49 66 90 89 4 57 33 54 2 31 32 48 72 18 67 0 84 76 77 62 2 63 36 21 58 44 73 83 19 2 31 86 96 37 58 93 28 98 2 63 84 72 53 94 33 35 32 30 94 100000 50 94 17 28 95 5 87 2 91 30 1 37 94 16 79 59 25 93 22 51 2 36 63 93 15 99 72 89 15 44 33 65 62 85 78 34 88 89 74 7 76 44 7 92
72 98 17 86 61 51 90 17 52 85 21 51 47 58 63 59 19 36 88 20 6 29 91 81 47 60 57 60 88 21 12 94 26 39 43 100000 69 44 70 18 16 50 1 91 60 92 7 27 99 84 0 25 3 89 21 57 90 69 86 90 9 5 29 33 55 85 29 70 39 18 74 95 95 56 95 61 54 39 16 0 26 20 40 14 43 10 83 13 45 49 38 78 89 22 42 30 26 29 33 40 99 86 21 24 39 43 36 72 64 100000 31 64 50 17 23 72 24 54 13 41 53 98 6 12 87 3 10 12
10 91 38 93 18 57 12 91 66 89 91 41 71 74 2 26 49 69 78 23 7 55 21 59 26 49 60 0 37 56 87 58 96 36 19 39 68 71 68 16 43 39 44 34 98 58 72 4 36 76 25 0 85 1 58 40 94 42 22 10 76 50 38 93 37 69 8 35 73 52 39 90 18 28 32 23 23 5 90 64 34 23 75 97 45 77 70 69 33 77 61 67 24 6 70 22 15 49 18 20 15 82 31 2 47 48 99 58 67 100000 75 79 88 64 10 40 85 7 70 68 76 66 73 42 45 38 62 50
50 4 81 75 98 13 50 100 55 43 83 16 17 44 84 14 8 99 20 19 65 26 62 13 27 8 2 57 72 28 73 17 49 20 7 41 76 100 41 100000 86 62 91 42 66 49 85 61 95 77 3 85 0 75 25 42 75 4 54 95 3 64 63 24 39 76 59 93 71 20 73 64 72 73 26 72 63 10 0 19 37 33 13 0 24 20 71 35 87 32 96 58 51 100000 28 56 45 54 69 65 64 86 39 28 1 16 7 31 81 22 30 14 16 80 52 26 96 89 4 43 50 71 65 63 53 84 53 92
60 0 9 41 86 91 98 73 88 78 55 78 71 30 17 78 77 83 16 16 60 3 99 33 11 100000 56 2 24 90 0 1 41 15 79 72 19 38 62 23 46 28 69 16 87 27 77 24 10 62 89 1 75 0 3 10 72 95 72 74 29 41 42 68 77 60 24 80 43 37 0 37 3 91 33 22 81 87 15 35 41 30 91 70 28 21 50 19 12 66 63 29 55 9 88 6 79 87 88 46 73 56 1 21 39 62 76 0 53 71 10 90 0 43 54 76 61 96 92 38 21 26 36 89 32 54 63 57
26 80 49 62 58 53 73 8 31 58 92 98 52 98 77 12 70 4 88 57 58 8 91 10 83 19 3 54 61 35 59 31 43 13 2 83 23 44 75 65 59 100 75 65 75 68 91 54 24 2 21 58 25 3 0 90 2 19 49 89 55 64 65 43 59 2 11 31 48 35 53 100000 58 1 29 74 88 51 14 7 44 29 94 43 98 87 20 34 81 81 74 10 24 41 97 90 60 25 51 87 40 40 25 14 70 26 94 66 1 39 39 6 29 84 68 18 77 1 83 60 88 53 4 56 30 50 5 10
98 1 88 61 29 57 0 59 0 98 23 69 8 73 64 100 76 6 40 50 100 34 36 48 38 100 4 55 60 48 92 92 84 46 76 41 96 1 45 37 32 93 77 26 47 62 92 96 2 63 57 40 42 10 90 0 77 52 8 77 94 48 93 86 36 42 19 86 0 45 78 29 51 78 9 49 92 62 66 0 60 6 65 65 90 9 39 22 0 32 41 68 31 73 80 1 75 28 88 100000 1 70 57 19 97 49 21 27 65 65 25 91 91 51 30 60 53 38 78 13 8 100 96 33 86 11 47 87
5 5 83 93 44 13 46 5 71 14 78 65 18 91 58 91 55 1 64 55 14 57 65 15 8 53 71 0 29 26 27 55 3 16 98 11 83 45 91 25 34 71 34 1 62 79 67 20 84 36 90 94 75 72 2 77 0 75 87 3 79 41 48 24 33 72 12 62 21 4 33 11 0 7 0 97 10 54 26 52 54 70 15 52 55 52 100000 47 34 98 2 12 18 86 1 94 9 35 76 13 100000 61 58 69 69 12 87 24 67 60 71 48 45 95 41 46 45 21 12 60 83 91 27 92 63 96 28 4
54 21 1 85 44 95 1 82 53 6 37 96 15 4 14 38 32 94 54 92 70 91 52 51 44 13 11 94 63 13 79 66 35 79 62 66 25 0 63 74 7 93 44 16 21 92 24 32 82 21 69 42 4 95 19 52 75 0 22 39 51 95 96 33 4 5 100000 11 77 16 37 88 48 92 75 21 85 24 63 87 80 31 33 5 88 19 3 71 77 10 90 25 18 93 84 5 78 54 85 86 22 69 19 46 85 28 33 88 60 29 76 9 81 11 4 95 97 80 37 11 94 16 90 63 49 66 7 42
1 69 95 48 5 91 98 84 54 63 62 16 18 20 6 80 4 97 43 57 6 82 70 40 19 49 35 59 97 77 48 73 62 96 63 68 97 97 23 14 92 55 97 59 57 38 68 18 22 58 86 22 54 72 49 8 87 22 0 19 99 17 79 13 46 62 5 99 12 100000 85 26 35 38 36 6 69 2 71 62 60 73 10 28 14 13 65 17 5 21 23 58 43 8 60 11 90 36 52 22 11 19 22 84 84 25 57 1 89 81 55 75 94 85 88 60 29 100 79 72 26 77 66 75 1 93 61 100000
15 75 93 93 77 67 54 39 63 59 23 24 72 62 63 62 14 50 94 56 55 2 0 44 27 97 59 46 29 58 29 52 61 61 48 45 74 25 37 0 5 45 64 20 75 19 49 18 2 44 90 10 95 74 89 77 3 39 19 0 32 91 91 93 61 70 14 59 77 36 68 9 89 57 63 94 79 79 12 6 29 11 1 84 70 49 78 38 2 93 3 85 99 45 49 43 18 41 42 90 60 34 94 14 26 92 63 31 38 9 97 4 7 97 84 27 40 2 19 77 22 67 50 91 92 54 61 66
91 11 25 36 70 41 33 99 58 82 62 95 91 60 15 28 20 15 60 100 86 68 59 13 3 17 26 92 92 10 55 35 66 45 43 81 85 73 11 81 37 96 66 4 74 91 53 79 93 73 9 76 3 29 55 94 79 51 99 32 0 7 99 100 38 66 93 50 62 78 60 70 67 80 32 52 66 39 2 50 38 54 18 43 92 63 91 95 82 89 40 85 53 8 90 48 45 88 72 21 21 1 50 26 47 84 39 56 56 92 58 17 43 16 79 33 88 67 74 71 100 0 58 90 59 24 61 41
63 3 44 23 28 37 94 58 70 60 16 5 12 53 31 7 70 44 22 78 72 89 11 11 15 100 97 1 97 34 75 52 0 49 14 30 73 81 71 74 100 55 66 38 41 9 97 69 62 83 5 50 64 41 64 48 41 95 17 91 7 0 41 57 4 24 38 76 74 68 25 30 80 23 62 17 38 83 97 20 94 13 77 65 51 24 51 93 76 41 14 17 37 10 90 60 54 36 38 6 100 99 89 66 17 56 75 59 32 40 33 74 100 88 64 11 77 48 84 78 23 89 49 44 30 55 26 33
56 92 21 13 8 22 5 72 66 49 75 54 13 54 84 64 100000 65 37 25 75 35 6 49 11 95 37 72 23 1 63 31 36 71 13 33 35 42 72 23 89 69 66 10 65 79 27 12 20 19 29 38 63 42 65 93 48 96 79 91 99 41 0 78 71 36 79 74 69 90 74 57 89 11 96 38 89 67 96 38 83 61 86 73 100000 42 95 65 7 36 15 5 26 38 57 37 50 26 92 40 34 95 23 100 49 55 76 19 8 22 55 85 74 50 23 18 71 69 73 37 67 53 62 55 100000 86 81 54
35 96 77 92 100 100000 19 81 88 8 39 97 46 7 72 35 84 47 20 44 69 80 76 86 43 82 52 79 29 78 47 100000 42 87 7 5 53 84 4 74 25 51 44 55 28 7 77 85 80 2 33 93 24 68 43 86 24 33 13 93 100 57 78 0 88 26 35 76 84 70 100 17 56 74 17 81 93 23 85 48 36 30 93 44 80 13 2 67 75 96 8 54 3 89 66 64 32 88 94 86 59 65 11 8 12 10 18 77 79 77 67 67 33 5 33 62 3 26 7 84 32 65 16 16 81 92 69 86
11 97 76 68 29 25 87 38 66 23 33 79 55 53 46 4 97 57 37 51 40 44 4 1 12 54 86 53 62 16 97 89 93 71 86 9 43 42 8 95 41 41 65 98 64 17 16 54 25 31 55 37 39 77 59 36 33 4 46 61 38 4 71 88 0 13 67 13 5 27 69 66 35 67 99 65 100000 77 100000 87 57 15 73 78 46 51 99 46 92 5 30 80 99 21 89 31 80 72 56 22 55 42 91 50 96 98 74 76 48 92 1 68 44 63 65 60 92 35 93 49 49 62 3 24 58 83 67 49
44 100 100000 30 80 16 35 8 54 81 79 1 50 88 31 48 42 50 2 75 66 76 11 87 47 97 31 80 86 10 3 95 27 15 58 61 85 3 16 49 40 9 76 55 52 62 89 39 97 86 85 69 76 60 2 42 72 5 62 70 66 24 36 26 13 0 65 92 54 11 80 51 58 59 4 10 70 54 80 27 49 88 16 8 85 64 17 48 37 32 5 51 48 54 46 61 41 25 58 95 82 69 43 93 57 54 79 4 92 28 65 45 69 12 62 57 5 62 95 93 98 18 100 71 94 14 2 71
22 71 6 38 45 43 18 9 30 37 78 99 98 28 26 11 2 59 35 35 25 7 42 44 65 45 25 77 9 53 0 69 8 38 42 78 1 72 89 32 49 15 15 68 34 37 31 69 41 96 29 8 59 24 11 19 12 100000 5 14 93 38 79 35 67 65 0 78 77 19 28 61 49 11 32 24 93 41 11 6 53 54 23 50 15 80 28 22 20 18 42 83 47 98 51 17 25 9 68 37 3 43 59 33 77 4 4 79 1 85 65 42 14 33 21 24 31 28 30 52 7 8 53 32 65 29 5 57
98 80 65 64 40 45 72 36 57 38 95 74 26 44 71 74 32 43 34 18 90 72 99 94 35 67 15 52 16 27 98 65 65 97 82 34 28 32 48 100 64 92 10 77 95 35 48 50 54 37 70 35 93 80 31 86 62 11 99 59 50 76 74 76 13 92 78 0 39 98 99 29 4 91 36 63 29 74 76 50 73 12 33 18 53 39 1 59 65 13 16 50 18 23 1 55 55 71 41 37 66 47 9 59 36 97 39 25 62 55 60 64 44 46 69 27 41 92 26 7 7 8 16 32 54 92 48 100
54 75 20 9 84 20 24 53 94 22 15 6 62 28 61 14 22 24 97 44 75 19 24 22 18 6 43 91 63 94 41 51 46 86 6 50 8 15 79 18 22 39 66 45 19 48 72 77 3 58 39 73 71 43 48 0 21 77 12 77 62 74 69 84 5 54 77 39 0 37 7 9 46 99 37 18 8 77 73 1 68 25 58 4 38 79 44 90 17 39 81 25 10 86 72 47 36 95 76 19 67 92 19 82 16 77 13 62 89 72 32 19 15 56 96 93 40 17 42 85 64 73 23 66 74 26 26 44
58 21 91 27 89 65 8 9 15 25 89 45 23 7 0 78 34 35 30 74 21 4 52 88 98 48 17 61 36 15 31 27 40 53 0 18 37 99 58 100 97 35 22 0 61 67 77 91 15 93 18 52 20 37 35 45 4 16 100000 36 78 68 90 70 27 11 19 98 37 0 96 51 47 78 63 12 9 48 61 36 23 66 4 61 72 91 46 60 12 5 40 56 22 79 32 77 14 30 43 13 72 98 54 0 23 3 96 36 2 60 62 12 59 97 12 15 56 93 47 36 6 1 68 71 37 98 57 32
84 32 100000 34 18 85 62 73 88 76 31 36 45 34 44 58 46 71 76 78 62 48 59 99 98 79 88 33 23 40 72 24 32 50 89 37 76 49 45 62 24 15 89 90 93 22 78 76 61 28 74 39 73 0 53 78 33 37 85 68 60 25 74 100 69 80 28 99 7 96 0 76 49 34 79 92 50 45 3 31 91 43 69 99 54 89 8 88 8 3 72 45 36 79 8 44 72 54 47 100000 98 82 21 25 23 37 99 8 4 19 5 11 47 44 4 79 50 67 34 3 54 26 48 93 3 75 39 69
7 27 59 69 9 55 99 4 77 1 40 36 60 64 100 38 36 83 57 12 66 40 16 21 63 48 78 38 45 35 43 32 33 97 25 26 59 10 20 39 39 49 24 41 11 83 23 80 90 98 95 90 64 37 100000 29 11 88 26 9 70 30 57 17 66 51 61 29 9 51 76 0 100 26 30 70 89 16 88 23 61 88 93 58 93 6 100000 63 59 84 74 45 25 62 21 59 65 43 99 3 25 32 54 86 53 54 29 53 48 100 29 83 43 29 82 100000 91 79 21 49 64 38 22 60 59 24 31 68
16 85 100 68 22 20 55 20 3 83 6 18 46 62 61 43 65 93 95 83 97 94 66 76 12 86 72 2 93 100 80 93 55 29 4 69 95 43 79 55 2 16 97 2 73 28 9 96 77 2 95 18 72 3 58 51 0 48 35 89 67 80 89 56 35 58 49 4 46 47 49 100 0 17 100000 83 62 64 81 11 36 8 80 17 26 93 61 56 8 71 31 70 51 40 2 21 89 21 19 73 78 9 91 95 66 64 84 10 31 95 72 70 67 34 53 41 8 93 29 100000 79 27 60 56 75 5 24 31
77 80 73 99 83 16 83 79 79 87 41 34 9 86 66 62 78 80 61 98 13 99 25 17 63 3 39 12 51 41 32 33 34 50 67 60 87 2 42 47 44 45 46 69 85 65 78 3 70 63 56 28 73 91 1 78 7 92 38 57 80 23 11 74 67 59 11 91 99 78 34 26 17 0 39 39 47 15 7 75 28 50 77 100000 63 95 71 2 100 56 80 83 81 99 59 9 49 91 25 7 14 21 77 49 86 44 54 3 39 70 33 88 14 35 99 45 78 63 80 33 68 79 65 78 24 30 98 55
98 37 97 28 28 80 83 11 7 95 69 46 82 9 57 65 57 83 14 60 55 0 87 62 10 95 58 66 87 42 72 56 98 8 93 11 17 90 48 47 56 50 8 17 99 86 40 21 52 84 95 32 26 33 29 9 0 75 36 63 32 62 96 17 99 4 32 36 37 63 79 30 100000 39 0 78 41 98 28 49 99 51 15 49 7 44 0 66 23 57 14 5 66 73 48 25 88 41 84 30 68 63 7 31 76 92 89 68 94 45 0 31 7 64 43 20 32 28 35 45 83 2 39 75 71 79 83 73
100 27 35 7 59 12 26 60 64 9 78 2 91 82 1 38 17 22 6 16 11 12 10 37 41 43 71 92 65 4 35 19 31 73 51 88 87 49 42 24 40 30 98 51 66 16 48 21 87 72 61 23 72 22 74 49 97 21 6 94 52 17 38 81 65 10 24 63 18 12 92 70 83 39 78 0 70 20 27 58 75 51 6 75 71 44 6 91 78 87 15 81 84 38 96 27 24 71 81 54 92 91 75 80 92 39 93 74 2 33 99 28 27 88 66 79 87 59 52 73 99 21 97 21 15 4 40 51
76 38 86 57 84 98 23 40 70 40 71 42 28 32 67 71 12 18 83 60 27 42 60 63 35 50 58 34 93 88 3 55 20 1 80 87 3 8 22 63 74 16 91 14 95 21 10 1 71 53 54 23 63 81 88 92 10 85 69 79 66 38 89 93 100000 70 93 29 8 9 50 89 62 47 41 70 0 55 70 48 6 34 5 0 46 78 57 62 89 2 95 100 12 15 60 95 25 56 19 38 83 51 60 21 48 98 58 20 80 36 36 10 99 27 21 90 12 93 54 19 36 66 76 67 47 48 31 50
90 99 54 50 55 90 69 52 30 37 46 75 93 78 100 61 38 40 5 8 100 65 37 15 89 34 0 58 97 88 24 51 85 25 48 34 8 76 37 90 62 81 38 24 65 29 73 20 18 94 39 5 10 87 51 62 54 24 2 79 39 83 67 23 77 54 41 74 77 48 45 16 64 15 98 20 55 0 37 53 87 74 66 9 69 57 68 19 85 23 14 96 7 14 60 69 21 81 76 78 16 62 59 51 48 17 55 59 35 28 75 17 63 17 26 8 14 9 6 56 49 59 51 64 99 57 34 92
3 0 18 82 100000 28 75 14 15 67 13 35 84 61 13 92 21 27 55 78 75 40 16 0 97 86 38 40 36 89 52 92 32 67 65 96 80 22 44 80 23 59 71 99 51 83 100 100 43 33 16 90 0 15 14 66 26 63 71 12 2 97 96 85 100000 80 11 76 73 61 3 88 81 7 28 27 70 37 0 80 82 35 68 90 75 75 99 24 62 3 4 12 8 14 66 27 65 59 19 100000 64 20 18 5 90 50 28 12 99 11 69 6 54 100000 89 42 47 97 89 9 12 99 80 37 3 5 41 64
74 58 13 20 2 99 44 11 0 43 27 49 39 41 7 23 8 0 15 43 68 1 18 68 26 94 20 43 96 81 92 77 55 18 63 75 54 97 68 8 32 27 63 45 66 50 22 63 27 35 0 64 19 35 7 0 52 87 62 6 50 20 38 48 87 27 6 50 1 36 31 23 11 75 49 58 48 53 80 0 34 6 50 74 98 95 15 11 3 66 35 23 72 25 42 11 48 15 6 0 46 49 72 35 52 76 57 0 22 77 32 83 97 17 31 28 80 35 56 10 91 26 30 86 46 17 37 73
53 83 87 88 54 50 33 40 11 36 95 49 9 36 11 78 71 61 85 18 41 34 6 40 78 30 35 30 91 4 69 100 4 65 61 35 87 94 99 73 91 51 43 60 98 18 20 76 68 32 26 34 37 41 44 60 54 80 60 29 38 94 83 36 57 49 53 73 68 23 91 61 36 28 99 75 6 87 82 34 0 15 66 41 100000 12 27 49 28 49 13 52 83 13 41 46 46 10 93 45 4 39 36 71 82 74 44 12 63 55 10 1 9 27 92 0 23 53 60 95 90 50 38 92 28 41 31 38
41 8 95 32 59 42 26 41 26 73 15 67 64 79 33 97 87 79 43 89 78 45 78 99 11 32 23 25 25 74 62 31 57 8 85 90 3 38 90 27 35 17 2 79 100 18 29 77 3 30 20 23 33 30 29 6 70 31 73 11 54 13 61 30 15 88 54 12 25 66 43 88 8 50 51 51 34 74 35 6 15 0 92 85 91 16 77 44 91 41 63 95 5 19 43 75 85 34 90 19 38 62 19 99 33 98 62 19 47 93 94 67 30 1 100000 46 79 55 4 94 86 66 61 47 90 48 20 20
30 42 86 63 68 37 6 98 68 0 13 22 76 44 36 62 91 35 21 57 61 58 0 99 78 17 24 21 75 17 65 5 91 12 67 97 73 31 7 67 2 48 11 18 38 36 13 2 25 94 40 75 13 91 94 65 15 33 10 1 18 77 86 93 73 16 23 33 58 4 69 93 80 77 15 6 5 66 68 50 66 92 0 35 69 51 26 91 15 66 73 90 53 62 2 93 47 94 92 81 100000 20 25 33 75 26 69 15 31 58 6 22 81 25 99 51 2 45 78 65 0 64 97 25 28 100000 95 52
47 73 29 51 91 50 66 15 36 15 98 44 52 39 66 15 100000 11 65 5 80 40 26 4 71 34 37 41 84 86 9 57 14 10 2 15 18 67 37 4 84 16 25 13 22 29 83 34 69 100000 14 97 0 70 43 65 52 5 28 84 43 65 73 44 78 8 50 18 4 61 99 58 17 100000 49 75 0 9 90 74 41 85 35 0 11 55 82 64 27 26 76 66 84 28 52 27 79 21 70 18 1 24 11 43 70 84 5 72 27 64 100000 38 56 18 27 93 47 98 13 96 30 100000 78 41 33 25 67 83
85 60 76 39 16 26 65 51 90 53 72 30 65 46 82 60 33 29 14 46 31 10 80 100000 59 21 43 40 38 34 40 88 63 58 8 89 97 18 55 71 77 80 57 94 91 0 27 22 76 50 43 45 24 28 98 90 55 88 14 70 92 51 100000 80 46 85 15 53 38 72 54 93 26 63 7 71 46 69 75 98 100000 91 69 11 0 22 76 77 0 21 31 19 93 69 32 65 81 76 73 38 50 55 22 81 100 80 0 93 26 15 82 63 77 45 90 27 35 77 53 69 33 21 1 8 100 69 50 77
53 40 31 21 59 8 88 78 23 10 90 70 44 50 68 9 17 72 34 72 45 76 28 57 73 76 94 20 98 1 87 98 71 53 65 30 36 76 84 97 3 68 66 95 53 38 58 34 38 94 10 77 20 21 87 9 52 19 13 49 63 24 42 13 51 64 80 39 79 91 89 6 93 95 44 44 78 57 75 95 12 16 51 55 22 0 88 1 3 46 70 81 2 38 22 58 96 5 64 97 24 46 66 90 97 39 8 97 18 80 66 70 27 24 36 34 61 47 34 56 57 16 43 67 73 100000 17 84
70 35 73 85 55 96 49 42 65 4 32 94 20 33 96 2 54 100000 21 82 88 48 59 87 31 91 28 47 20 66 41 58 32 50 1 82 43 33 41 6 49 50 92 69 2 30 58 99 99 17 83 70 71 50 20 39 100000 3 65 78 91 51 95 2 99 17 28 1 44 46 8 100000 61 71 0 6 57 68 99 15 27 77 26 82 76 88 0 70 5 94 0 89 52 65 38 46 31 58 2 47 51 95 93 100 19 43 98 59 99 99 22 8 35 26 96 20 18 16 46 14 64 26 72 76 9 33 28 93
3 36 37 81 48 19 15 39 24 35 85 33 37 24 62 23 52 77 16 63 87 59 54 74 55 38 33 44 12 6 85 77 15 43 21 31 2 17 85 37 50 57 57 46 95 26 93 23 26 28 13 69 35 19 34 22 47 71 17 38 95 93 65 67 46 48 22 59 90 60 88 63 56 2 66 91 62 19 24 11 49 44 91 64 77 1 70 0 95 81 84 38 100000 59 49 31 0 84 13 93 74 40 19 93 21 64 40 59 96 67 79 47 38 35 22 67 27 95 13 78 26 36 4 73 79 76 4 5
34 59 27 30 61 49 48 16 22 97 92 82 86 0 59 44 59 58 58 26 54 89 11 6 39 42 55 35 16 59 35 36 82 15 14 31 10 57 27 34 33 63 40 48 72 87 19 8 100 95 45 33 87 12 81 0 34 77 5 2 82 76 7 75 92 37 20 65 17 12 8 59 8 100 23 78 89 85 62 3 28 91 15 27 0 3 5 95 0 43 80 19 25 93 33 35 73 99 25 65 79 2 0 27 64 27 65 81 23 0 66 16 66 37 4 26 41 59 8 16 90 84 88 20 34 5 23 28
93 25 87 21 10 24 67 95 41 94 24 62 84 34 53 52 24 26 66 5 9 84 18 68 75 39 45 69 99 55 89 71 45 18 84 72 49 9 57 95 19 90 28 54 80 42 33 73 77 5 49 77 32 66 81 32 98 10 21 93 89 41 36 96 5 32 18 13 39 5 3 84 71 56 57 87 2 23 3 66 49 41 66 26 21 46 94 81 43 0 28 39 54 53 89 1 88 66 39 60 53 92 10 93 89 2 79 29 36 23 56 21 22 20 24 31 35 18 75 61 52 73 7 17 41 13 59 98
49 23 20 96 0 78 89 91 92 15 25 34 96 10 94 84 57 21 11 11 100 70 25 12 86 22 64 14 92 52 16 2 69 66 64 86 19 22 61 59 30 41 12 18 48 88 43 45 4 87 38 61 96 63 74 41 2 90 23 3 40 14 15 8 30 5 42 16 81 40 72 74 31 80 14 15 95 14 4 35 13 63 73 76 31 70 0 84 80 28 0 93 61 8 84 50 71 95 45 52 16 12 29 82 18 62 87 75 84 34 39 24 78 3 53 20 20 35 81 2 98 77 91 94 73 30 27 100000
43 96 76 37 69 12 87 26 48 83 2 25 86 69 3 7 89 84 63 88 74 79 22 21 39 90 7 97 87 92 56 88 58 70 22 73 77 78 9 32 93 37 53 38 42 34 83 4 85 2 78 67 58 29 10 68 12 25 58 85 85 17 5 54 80 51 83 50 25 56 45 45 70 83 5 81 100 96 12 23 52 95 90 66 19 81 89 38 19 39 93 0 10 84 64 57 40 55 89 3 14 30 33 79 40 83 4 45 50 73 64 14 65 90 62 100 5 23 85 35 30 6 66 83 14 31 81 15
40 72 10 30 94 45 61 38 77 45 12 85 32 74 22 31 85 77 85 61 90 91 44 57 100000 53 89 6 3 100000 44 98 67 100 10 46 17 18 17 61 100000 98 23 0 87 12 68 2 48 91 89 24 51 55 24 31 18 18 43 99 53 37 26 3 99 48 47 18 10 22 36 25 51 81 66 84 12 7 8 72 83 5 53 84 93 2 52 100000 25 54 61 10 0 52 26 41 90 79 2 24 53 10 42 57 11 76 47 40 1 14 57 98 80 44 24 61 11 93 49 52 19 5 59 99 55 73 35 11
12 48 57 88 4 95 3 88 24 24 58 67 100 16 58 59 85 100000 88 67 61 71 34 47 90 56 40 38 70 98 0 60 30 62 30 78 82 10 29 27 50 4 79 7 91 87 29 82 21 30 22 6 100000 9 41 73 86 93 8 45 8 10 38 89 21 54 98 23 86 79 79 62 40 99 73 38 15 14 14 25 13 19 62 28 69 38 65 59 93 53 8 84 52 0 18 59 79 92 24 17 60 23 64 43 96 98 28 38 28 75 75 18 59 29 27 67 22 64 12 32 95 13 39 90 53 96 1 49
95 45 90 10 9 69 86 70 94 74 35 5 2 44 57 15 89 23 44 71 20 60 67 52 39 44 53 45 99 42 99 42 61 84 94 92 70 46 56 0 76 38 49 5 73 87 74 26 28 1 42 70 28 88 97 80 1 84 60 49 90 90 57 66 89 46 51 1 72 32 8 21 2 59 48 96 60 60 66 42 41 43 2 52 32 22 38 49 33 89 84 64 26 18 0 51 78 2 87 42 53 63 40 48 63 64 65 80 86 66 19 77 3 98 80 90 85 53 20 72 31 83 77 53 8 19 55 100
16 26 90 16 17 11 59 29 55 15 16 46 37 90 32 51 10 1 50 15 35 37 6 9 94 15 2 7 38 76 7 42 41 70 9 86 78 78 53 81 11 32 52 18 54 67 17 45 67 37 30 22 56 6 90 1 94 5 11 43 48 60 37 64 31 61 17 55 47 77 44 59 21 9 25 27 95 69 27 11 46 75 93 27 65 58 46 31 35 1 50 57 41 59 51 0 49 71 74 10 33 10 75 64 65 44 47 48 23 89 50 27 43 52 98 90 59 69 31 20 82 93 79 11 71 58 58 54
28 12 55 39 94 57 25 92 28 96 25 82 80 4 57 25 86 72 16 38 31 26 21 97 68 67 15 25 59 96 69 22 55 42 36 60 55 85 98 63 19 84 67 30 81 6 15 36 49 94 26 15 45 79 60 75 9 78 90 18 45 54 50 32 80 41 25 55 36 14 72 65 89 49 88 24 25 21 65 48 46 85 47 79 81 96 31 0 73 88 71 40 90 79 78 49 0 11 36 17 92 78 76 9 42 25 93 28 87 88 80 22 41 39 21 54 77 98 100000 44 24 81 37 70 82 16 11 14
24 87 59 27 67 6 8 61 4 40 86 16 58 6 61 30 95 14 31 44 15 77 86 21 100 75 98 62 93 5 0 0 36 26 29 73 52 44 83 32 67 93 78 10 50 63 83 69 84 16 29 49 54 87 25 28 35 54 36 41 88 36 26 88 72 25 9 71 95 30 54 43 21 91 41 71 56 81 59 15 10 34 94 21 76 5 58 84 99 66 95 55 79 92 2 71 11 0 52 58 77 41 54 56 94 61 40 61 83 24 54 5 92 68 94 71 0 33 49 41 33 27 22 11 30 42 10 63
11 4 4 14 36 99 33 46 77 39 17 58 87 20 71 0 17 44 84 83 81 21 9 24 20 72 62 34 38 43 30 9 67 27 21 33 86 59 15 68 65 14 34 18 8 71 93 60 56 79 33 18 69 88 51 88 76 85 52 42 72 38 92 94 56 58 68 41 76 43 47 99 19 25 84 81 19 76 19 6 93 90 92 70 73 64 2 13 25 39 45 89 2 24 87 74 36 52 0 85 12 67 24 5 13 18 88 83 37 32 94 81 95 93 50 39 92 69 34 64 100000 48 81 100 3 3 91 30
51 36 69 62 46 93 86 23 30 31 28 65 70 6 14 22 49 64 8 88 48 7 65 23 44 58 44 45 22 74 36 12 79 82 15 96 39 78 20 40 77 42 66 75 61 13 19 94 90 59 40 20 65 46 87 100000 13 86 22 90 21 6 40 86 22 95 37 37 19 13 100000 3 73 7 30 54 38 78 100000 0 45 19 81 18 38 97 47 93 65 60 52 3 24 17 42 10 17 58 85 0 71 100000 52 48 48 28 66 58 54 46 3 46 10 21 51 58 86 3 34 40 6 52 5 19 61 1 92 33
34 98 42 18 49 80 52 2 51 91 73 65 10 27 52 4 81 50 6 51 28 75 20 45 71 98 61 76 9 40 36 71 78 24 14 93 86 60 91 33 11 65 65 6 84 22 90 20 75 25 99 15 64 73 40 1 100000 22 11 60 21 100 34 59 55 82 3 66 67 72 98 25 78 14 68 92 83 16 64 46 4 38 100000 1 50 24 51 74 79 53 16 14 53 60 53 33 92 77 12 71 0 34 38 61 42 10 70 28 19 3 61 15 25 60 60 39 95 100000 13 31 43 85 51 32 9 87 28 51
38 81 10 58 34 14 45 0 42 97 42 33 94 16 3 45 75 85 47 78 40 89 59 77 30 79 28 77 66 9 55 55 63 30 38 48 14 88 69 38 93 47 100000 82 23 32 95 48 98 93 86 82 86 56 40 70 61 69 19 34 1 99 95 65 42 69 43 47 92 98 82 32 9 21 63 91 51 62 20 49 39 62 20 24 55 46 95 40 2 92 12 30 10 23 63 10 78 41 67 100000 34 0 22 28 61 77 36 31 78 2 73 20 49 30 18 97 80 43 28 7 59 0 73 22 72 6 26 76
30 68 36 4 38 31 80 79 32 25 8 10 88 0 37 52 85 75 39 9 53 40 100000 66 13 93 41 16 92 30 34 84 42 100 2 80 4 47 65 6 52 85 63 90 99 81 71 20 64 22 21 31 39 1 25 57 58 19 22 94 50 89 23 11 91 43 59 9 19 54 21 54 91 77 7 75 60 59 18 72 36 19 25 11 22 66 93 19 0 10 29 33 42 64 40 75 76 54 24 52 38 22 0 99 31 14 24 48 79 58 99 100 52 10 60 10 60 40 93 52 14 42 16 26 3 62 93 35
1 71 35 63 25 20 68 91 38 2 17 83 73 9 61 39 16 90 57 80 35 65 44 100 56 81 83 40 36 57 80 9 34 67 64 88 65 62 57 90 46 28 37 44 74 70 54 79 71 51 24 2 28 21 14 19 69 46 84 14 26 66 100 8 50 93 33 59 82 0 25 86 95 49 31 80 21 51 5 35 71 99 33 43 81 90 100 93 27 93 82 79 57 43 48 64 9 56 5 48 61 28 99 0 88 22 17 24 21 75 57 74 85 1 100 85 84 94 49 30 94 76 22 74 56 30 39 63
85 43 72 33 89 63 22 77 53 12 57 98 18 94 64 10 70 36 6 52 6 54 69 26 72 96 57 75 13 54 89 61 65 94 2 62 30 40 87 56 3 58 66 18 27 23 99 41 3 2 39 47 1 39 70 97 69 85 84 26 47 17 49 12 96 57 77 36 16 23 23 53 66 86 76 92 48 48 90 52 82 33 75 70 100 97 19 21 64 89 18 40 11 96 63 65 42 94 13 48 42 61 31 88 0 6 45 26 57 80 1 79 67 47 10 5 73 52 65 11 20 88 44 25 63 63 18 97
56 50 0 17 3 16 28 52 11 34 59 11 91 19 18 28 41 9 88 60 4 85 63 75 100000 21 7 18 37 70 66 98 77 85 52 83 56 36 14 34 96 40 10 44 63 29 17 29 4 36 43 48 16 62 26 49 12 28 25 92 84 56 55 10 98 54 4 97 77 3 37 54 64 44 92 39 98 17 50 76 74 98 26 84 80 39 43 64 27 2 62 83 76 98 64 44 25 61 18 28 10 77 14 22 6 0 18 25 14 93 34 15 85 97 94 18 53 3 83 9 29 36 14 58 23 44 51 80
63 27 91 31 39 6 58 83 6 19 78 75 77 17 19 47 87 60 53 78 2 75 47 61 34 53 58 62 81 94 72 69 61 99 80 52 42 94 30 33 23 54 75 55 76 84 100 92 16 63 36 99 7 76 94 21 87 33 57 63 39 75 76 18 74 79 4 39 13 96 99 29 84 54 89 93 58 55 28 57 44 62 69 5 0 8 98 40 65 79 87 4 47 28 65 47 93 40 88 66 70 36 24 17 45 18 0 65 75 57 79 6 2 50 55 87 87 99 16 35 29 41 90 43 65 51 88 61
94 10 32 45 23 41 97 16 21 37 53 18 29 92 55 45 52 46 78 1 14 13 58 87 75 4 50 28 58 66 89 40 19 98 82 5 32 23 25 23 31 46 45 84 45 16 39 52 13 93 72 58 31 0 66 27 24 88 1 31 56 59 19 77 76 4 79 25 62 36 8 53 10 3 68 74 20 59 12 0 12 19 15 72 93 97 59 59 81 29 75 45 40 38 80 48 28 61 83 58 28 31 48 24 26 25 65 0 14 73 8 38 53 39 63 28 82 24 66 37 90 86 89 27 2 7 100 29
69 37 57 80 86 63 13 7 78 7 70 99 89 13 90 37 80 60 66 24 5 64 99 89 15 71 70 99 42 31 68 83 76 48 90 92 43 15 91 63 7 97 11 89 9 39 90 63 59 15 64 67 81 53 1 65 67 60 89 38 56 32 8 79 48 92 1 62 89 2 4 48 31 39 94 2 80 35 99 22 63 47 31 27 26 18 99 96 23 36 84 50 1 28 86 23 87 83 37 54 19 78 79 21 57 14 75 14 0 4 77 41 0 28 39 75 14 31 98 37 82 93 95 9 56 100 25 52
68 51 0 50 5 14 96 6 82 31 7 45 59 44 42 85 43 6 34 4 86 48 18 64 22 2 70 84 99 81 40 80 74 40 99 17 91 77 31 10 6 63 7 30 75 85 59 20 67 99 100000 100000 22 71 39 65 60 29 81 9 92 40 22 77 92 28 85 55 72 60 19 100 95 70 45 33 36 28 11 77 55 93 58 64 15 80 99 67 0 23 34 73 14 75 66 89 88 24 32 46 3 2 58 75 80 93 57 73 4 0 6 65 78 35 53 99 77 4 26 100 55 94 76 74 57 56 66 16
58 5 10 4 83 98 89 50 37 74 77 77 20 24 92 60 73 29 27 86 55 12 2 10 66 69 46 35 91 64 14 67 65 55 49 74 54 17 3 24 97 10 63 88 36 38 90 25 50 72 31 75 30 10 39 25 71 76 55 97 58 33 55 67 1 65 65 60 32 62 5 29 72 33 0 99 36 75 69 32 10 94 6 100000 82 66 22 79 66 56 39 64 57 75 19 50 80 54 94 3 61 73 99 57 1 34 79 8 77 6 0 44 16 58 98 40 80 37 63 96 36 0 0 82 75 59 72 0
47 41 2 88 15 11 27 31 81 3 18 73 62 52 39 92 59 66 16 12 88 5 65 35 18 19 100000 33 52 73 5 100000 77 31 28 68 7 84 91 91 18 47 49 67 36 56 15 35 0 89 64 79 14 90 6 91 48 9 75 4 17 74 85 67 68 45 42 64 19 12 11 83 70 88 31 28 10 17 6 83 1 67 22 38 63 70 8 47 16 21 24 14 98 18 77 27 22 5 81 46 15 20 100 74 79 15 6 38 41 65 44 0 100 25 12 78 36 47 42 78 97 49 90 14 91 62 52 58
48 94 16 86 66 58 20 16 12 45 43 82 44 1 42 38 81 13 63 94 31 100 92 64 75 94 25 44 70 53 10 13 78 29 16 73 19 100000 77 60 58 44 38 40 31 40 91 19 4 15 50 88 16 0 29 91 45 81 94 7 43 100 74 33 44 69 14 44 15 59 47 43 67 14 7 27 99 63 54 97 9 30 81 56 77 27 35 38 66 22 78 65 80 59 3 43 41 92 95 10 25 49 52 85 67 85 2 53 0 78 16 100 0 30 59 34 67 80 92 59 82 24 91 11 39 51 96 94
100 31 82 72 21 75 88 20 99 96 5 75 57 17 35 51 22 89 88 25 13 32 54 12 47 100000 69 48 44 74 58 58 86 80 85 70 50 9 53 13 41 33 73 55 72 91 24 9 23 44 17 64 80 43 84 51 95 11 85 97 16 88 50 5 63 12 33 46 56 97 44 29 34 35 64 88 27 17 100000 17 27 1 25 18 45 24 26 35 37 20 3 90 44 29 98 52 39 68 93 21 60 30 10 1 47 97 50 39 28 35 58 25 30 0 78 99 70 91 100000 61 62 71 40 74 39 53 51 75
78 96 47 4 88 4 43 26 28 86 99 17 35 21 21 54 67 50 85 18 88 75 100000 49 43 94 94 76 54 13 51 7 92 14 22 76 54 95 22 89 91 3 51 69 87 49 74 77 62 33 23 10 52 54 68 30 41 4 88 84 79 64 23 33 65 62 21 69 96 12 4 82 53 99 43 66 21 26 89 31 92 100000 99 27 90 36 96 22 4 24 53 62 24 27 80 98 21 94 50 51 60 18 60 100 10 94 55 63 39 53 98 12 59 78 0 14 43 83 3 86 73 40 37 0 61 20 91 76
53 84 72 8 55 33 2 93 20 77 26 100 65 3 17 51 40 40 100 15 10 41 67 85 96 59 100000 81 32 71 45 72 18 18 11 22 86 9 71 61 24 52 37 12 89 93 29 28 92 65 72 40 26 76 18 60 46 95 60 27 33 11 18 62 60 57 24 27 93 15 79 100000 41 45 20 79 90 8 42 28 0 46 51 93 27 34 20 67 26 31 20 100 61 67 90 90 54 71 39 58 39 97 10 85 5 18 87 28 75 99 40 78 34 99 14 0 61 65 41 7 7 88 85 18 93 22 49 34
11 60 8 88 52 72 68 46 37 42 67 49 39 25 11 85 69 32 34 40 30 60 44 39 30 53 14 77 92 13 82 6 83 52 59 32 11 30 66 46 34 82 53 67 88 95 85 62 59 62 24 85 96 61 77 53 45 97 29 40 88 77 71 3 92 5 31 41 40 56 50 91 8 78 32 87 12 14 47 80 23 79 2 47 35 61 18 27 41 35 20 5 11 22 85 59 77 0 92 86 95 80 60 84 73 53 87 82 14 77 80 36 67 70 43 61 0 97 13 8 64 52 36 6 55 63 66 91
13 11 31 86 29 87 51 73 86 92 15 2 79 26 24 71 20 23 63 40 20 84 40 60 6 47 48 83 43 81 18 19 92 76 60 77 63 62 87 45 23 80 13 31 32 69 9 21 60 85 54 7 89 96 1 38 21 80 100 2 67 48 69 26 35 62 28 92 17 93 67 79 93 63 28 59 93 9 97 35 53 55 45 98 77 47 16 95 59 18 35 23 93 64 53 69 98 33 69 3 100000 43 40 94 52 3 99 24 31 4 37 47 80 91 83 65 97 0 44 24 72 70 75 58 91 61 6 9
8 81 3 26 37 15 98 49 64 43 65 0 15 28 1 90 41 17 80 48 22 30 87 42 31 99 93 98 67 54 77 87 64 61 10 59 97 77 92 42 33 3 12 58 84 93 85 79 58 78 13 70 4 92 83 78 12 37 79 19 74 84 73 7 93 95 30 26 42 47 34 21 29 80 35 52 54 6 89 56 60 4 78 13 53 34 46 13 8 75 81 85 49 12 20 31 100000 49 34 34 13 28 93 49 65 83 16 66 98 26 63 42 92 100000 3 41 13 44 0 21 82 89 93 98 21 75 0 61
17 99 70 95 16 23 69 40 91 12 2 36 38 51 88 43 99 32 51 8 16 14 25 54 36 87 25 60 91 91 86 99 78 75 25 16 90 19 34 88 50 60 69 59 72 43 31 1 54 34 41 68 43 38 60 13 60 11 72 77 71 78 37 84 49 93 52 7 85 36 3 49 100000 33 45 73 19 56 9 10 95 94 65 96 69 56 14 78 16 61 2 35 52 32 72 20 44 41 64 40 31 7 52 30 11 9 35 37 37 100 96 78 59 61 86 7 8 24 21 0 72 54 11 27 10 93 23 21
90 6 73 85 71 18 98 19 25 10 12 29 88 51 90 25 74 68 27 82 56 72 38 77 2 20 49 28 10 91 53 5 8 99 16 62 35 38 54 99 12 37 79 25 67 57 11 53 96 88 53 76 50 21 88 8 83 94 26 22 100 23 67 32 49 98 7 7 64 6 54 64 79 68 83 99 36 49 12 91 90 86 0 30 33 57 64 26 90 52 98 30 19 95 31 82 24 33 100000 6 43 59 14 94 20 29 29 90 82 55 36 97 82 62 73 7 64 72 82 72 0 75 36 17 39 9 52 54
35 90 41 54 32 97 91 37 90 3 22 90 50 54 50 97 83 53 40 11 83 28 6 65 47 2 35 60 59 48 24 54 64 94 25 87 11 37 92 57 65 20 83 63 70 100 36 45 4 89 98 66 71 26 53 100 91 16 77 67 0 89 53 65 62 18 8 8 73 1 26 38 27 79 2 21 66 59 99 26 50 66 64 100000 21 16 26 36 84 73 77 6 5 13 83 93 81 27 48 52 85 0 42 76 88 36 41 86 93 94 0 49 24 71 40 88 52 70 89 54 75 0 70 5 63 43 85 100000
57 61 9 16 79 6 47 35 69 9 26 35 77 78 0 7 49 56 33 54 100000 76 68 93 66 83 100000 58 46 84 42 11 37 92 28 71 59 19 31 79 57 41 24 60 22 13 74 29 69 74 6 73 65 36 4 96 27 90 66 50 58 49 62 16 3 100 53 16 23 68 48 22 60 65 39 97 76 51 80 30 38 61 97 78 1 43 72 4 88 7 91 66 59 39 77 79 37 22 81 5 51 73 16 22 44 14 90 89 95 76 0 90 91 40 37 85 36 75 93 11 36 70 0 10 82 20 32 67
26 49 42 61 31 55 35 17 95 11 76 16 39 18 63 6 75 12 100000 12 6 90 71 47 26 73 39 88 96 62 59 69 75 97 35 87 81 5 19 7 82 39 63 6 12 3 4 6 25 7 12 42 63 89 56 33 92 63 75 91 90 44 55 16 24 71 32 32 66 71 93 60 56 78 75 21 67 64 37 86 92 47 25 41 8 67 76 73 20 17 94 83 99 90 53 11 70 11 100 19 32 22 26 74 25 58 43 27 9 74 82 14 11 74 0 18 6 58 98 27 17 5 10 0 49 100000 80 37
84 33 99 38 81 61 44 49 81 23 81 56 35 29 1 39 6 96 33 95 69 39 39 21 79 46 42 45 81 47 73 12 90 16 99 0 23 22 100 75 67 48 40 46 43 79 100000 14 2 76 87 45 53 32 30 86 63 49 1 92 59 30 100000 81 58 94 65 54 74 37 3 59 75 24 71 15 47 99 3 46 28 90 28 33 100 73 9 79 34 41 73 14 55 53 8 71 82 30 3 61 9 72 3 56 63 23 65 2 56 57 75 91 39 39 61 93 55 91 21 10 39 63 82 49 0 75 63 98
100000 54 100 60 47 24 41 43 5 65 74 20 34 12 73 54 43 72 27 58 65 28 10 10 84 10 82 54 3 93 4 0 99 100000 16 17 74 5 52 22 81 60 28 41 24 16 67 71 54 44 3 38 84 54 50 11 96 66 93 54 24 55 86 92 83 14 29 92 26 98 75 24 5 30 79 4 48 57 5 17 41 48 100000 25 69 100000 33 76 5 13 30 31 73 96 19 58 16 42 3 1 87 6 62 30 63 44 51 7 100 56 59 62 51 53 20 22 63 61 75 93 9 43 20 100000 75 0 25 26
12 81 75 3 69 75 68 34 67 76 30 72 30 58 22 70 37 100000 54 61 88 51 5 18 31 10 38 32 5 11 29 99 60 48 27 72 3 70 50 72 13 2 57 51 73 5 87 6 86 7 10 62 53 63 5 47 28 7 61 61 61 26 81 69 67 2 5 48 26 57 39 31 24 98 83 40 31 34 41 37 31 20 95 67 50 17 28 4 23 59 27 81 35 1 55 58 11 10 91 92 28 26 93 39 18 51 88 100 25 66 72 52 96 51 91 49 66 6 0 23 52 85 32 80 63 25 0 5
67 70 94 17 25 20 64 18 36 31 71 81 26 84 29 97 28 55 31 48 82 35 35 78 94 35 38 93 63 81 26 91 78 91 43 83 90 50 84 76 2 100 87 85 88 42 4 50 93 92 12 50 92 57 10 87 4 42 100000 66 41 33 54 86 49 71 57 100 44 32 69 68 31 55 73 51 50 92 64 73 38 20 52 83 77 84 93 5 28 98 100000 15 11 49 100 54 14 63 30 33 51 76 35 63 97 80 61 29 52 16 0 58 94 75 76 34 91 9 61 21 54 100000 67 37 98 26 5 0
