128
0 85 73 52 8 19 7 61 15 35 4 70 84 47 50 29 42 95 7 80 94 58 3 70 1 48 67 20 82 32 86 98 28 4 8 24 84 93 20 89 5 32 0 100 32 89 48 5 57 97 68 10 68 57 15 56 67 43 84 73 34 30 22 27 33 62 68 92 97 72 18 10 63 61 88 47 17 54 86 87 57 37 71 91 37 74 13 33 11 65 98 76 3 54 98 94 24 71 19 36 34 11 50 100 15 0 44 69 25 92 8 35 24 96 73 72 86 73 86 35 22 92 77 61 21 73 65 93
85 0 11 38 5 64 65 49 43 83 90 73 41 31 93 68 80 87 73 47 4 7 85 12 67 49 30 71 8 46 23 5 62 27 37 22 16 84 97 56 36 14 30 4 85 10 89 1 21 16 63 72 86 75 100000 24 98 72 5 37 11 69 100 43 61 72 85 32 18 98 55 42 72 76 88 30 20 66 99 21 3 44 4 20 7 94 81 81 46 68 45 5 75 28 21 34 80 44 17 78 61 10 77 0 40 41 62 9 61 67 38 48 71 5 35 16 1 38 85 12 7 11 14 66 86 96 24 42
73 11 0 34 10 26 86 63 34 57 61 90 100000 25 28 36 18 50 8 44 80 25 89 13 61 34 66 99 100 91 76 58 60 63 80 59 35 54 26 62 73 66 99 69 85 69 0 100 69 59 41 51 88 97 24 83 1 78 53 89 80 8 57 59 89 3 3 52 47 46 71 56 57 25 72 24 56 55 80 93 92 93 75 45 85 80 65 36 57 100 36 15 50 76 43 0 10 66 98 49 45 66 80 94 14 15 65 43 78 9 12 67 70 74 78 95 77 39 35 25 77 32 57 24 98 18 68 80
52 38 34 0 38 100000 25 69 52 57 47 97 61 14 1 43 69 88 60 47 79 42 8 13 4 45 86 82 80 64 37 78 47 58 71 93 0 55 88 93 5 4 93 34 36 55 75 40 72 78 18 77 13 60 48 44 13 25 87 28 70 11 10 34 66 43 20 78 16 68 18 70 81 75 40 26 4 85 47 95 95 100 72 76 53 34 83 3 87 69 86 63 44 50 13 17 63 54 56 32 35 41 26 36 99 31 98 23 78 37 54 13 55 18 91 54 77 6 20 71 23 42 84 71 0 6 94 56
8 5 10 38 0 9 75 76 84 92 33 78 64 32 22 30 21 59 30 72 75 90 77 84 70 91 6 10 26 28 100000 86 78 45 57 8 47 36 29 1 91 77 27 65 43 56 37 18 33 69 44 9 68 65 91 1 36 56 98 68 22 72 83 66 60 50 40 40 75 94 77 47 63 32 26 25 0 93 8 54 59 65 48 39 63 59 49 96 97 4 36 19 62 76 74 27 20 42 34 71 56 87 28 90 50 31 56 90 27 31 72 97 18 3 100 36 74 51 4 13 72 7 82 100 9 87 4 70
19 64 26 100000 9 0 72 75 42 50 100 66 72 8 76 84 70 80 52 78 39 11 44 35 53 73 16 45 20 81 21 64 100000 64 38 45 34 49 2 70 88 84 93 67 6 66 6 52 45 36 45 1 31 99 68 5 63 39 44 12 54 55 92 11 19 70 99 92 62 66 85 47 3 0 52 30 35 81 27 29 75 0 80 23 23 17 30 83 85 87 70 56 52 68 23 68 89 68 98 12 56 12 78 100 60 96 35 9 64 46 42 89 0 9 87 85 8 25 20 53 42 57 21 42 22 12 19 44
7 65 86 25 75 72 0 86 67 1 41 46 96 17 45 49 16 58 94 29 31 11 81 3 2 66 50 50 64 36 43 2 55 41 64 74 72 43 17 100 17 91 4 14 84 58 9 16 3 77 39 71 78 56 39 74 74 15 7 18 64 18 31 12 92 11 55 64 100000 30 36 12 71 3 1 41 1 20 0 16 97 28 10 39 96 28 44 76 15 2 24 60 18 80 97 38 59 32 35 1 13 22 50 57 69 19 76 14 98 33 27 86 38 69 24 94 41 74 84 39 93 41 2 28 64 15 80 95
61 49 63 69 76 75 86 0 79 68 7 61 55 7 29 2 96 95 100 19 3 49 49 19 61 30 76 69 38 60 32 10 8 2 24 55 41 34 94 29 95 8 82 73 81 75 51 29 91 99 64 64 76 64 11 16 19 9 34 24 34 8 40 61 37 90 53 36 100 50 41 60 2 99 19 71 59 37 24 95 81 5 25 32 40 18 84 2 45 0 63 81 37 68 98 98 10 3 22 45 29 24 80 91 68 93 4 70 57 22 18 15 56 9 31 34 46 23 75 67 92 100000 9 37 25 50 77 1
15 43 34 52 84 42 67 79 0 41 15 88 42 35 62 28 90 5 88 7 55 51 32 30 0 33 22 94 2 19 23 20 63 33 82 99 98 17 50 24 14 38 98 32 82 80 27 96 19 16 95 29 56 36 35 34 56 93 43 47 91 97 82 53 28 58 17 20 10 44 65 6 98 25 38 62 60 50 13 7 94 79 54 61 45 27 37 30 74 9 2 35 86 7 62 9 4 40 44 52 41 16 33 44 4 91 96 11 84 82 34 89 79 20 2 80 76 30 89 28 43 2 100 92 2 90 70 98
35 83 57 57 92 50 1 68 41 0 30 76 41 74 18 54 63 54 56 16 98 59 18 32 13 30 84 0 0 81 70 63 27 30 78 63 52 71 31 100000 99 74 30 100 25 61 1 85 95 73 47 16 94 68 86 6 93 54 35 4 37 79 1 39 46 83 100 56 30 42 97 37 8 3 84 54 8 18 90 28 13 67 67 22 44 35 45 86 49 36 44 51 79 84 74 4 27 100 19 53 26 2 81 28 21 44 83 40 44 81 20 70 50 95 17 17 85 82 70 74 8 65 66 49 3 88 27 71
4 90 61 47 33 100 41 7 15 30 0 36 73 58 72 99 67 77 16 32 38 90 100 86 56 7 5 85 52 1 87 57 62 62 98 56 7 42 53 23 74 59 19 96 62 35 66 60 69 87 66 59 13 47 71 69 35 98 84 7 45 34 99 24 94 100 28 72 75 15 21 88 25 28 54 63 62 41 97 97 10 64 100 29 86 89 18 45 0 98 41 0 5 92 0 97 72 65 91 11 77 46 74 50 23 8 89 8 0 29 83 41 77 25 56 49 25 28 65 82 87 59 32 38 71 8 21 95
70 73 90 97 78 66 46 61 88 76 36 0 39 49 74 79 0 18 18 78 98 78 64 59 78 64 0 43 35 81 79 16 84 42 43 9 88 68 16 61 25 32 77 38 93 58 80 66 13 98 5 49 93 21 28 31 1 84 88 0 24 35 84 25 61 31 19 29 24 11 75 3 87 4 28 57 2 16 27 21 72 48 80 88 58 84 29 77 95 15 35 82 93 5 46 68 17 28 62 73 96 68 35 86 58 30 84 61 51 6 46 38 89 94 60 13 75 80 41 67 83 58 32 42 85 0 71 13
84 41 100000 61 64 72 96 55 42 41 73 39 0 88 59 78 10 27 7 2 32 91 28 86 49 6 43 7 71 13 50 69 70 35 10 6 87 3 63 19 99 96 64 62 34 46 21 73 94 72 63 23 59 14 4 89 20 74 73 23 36 42 2 67 10 84 31 14 73 59 80 40 48 17 100 32 87 88 96 47 40 52 49 89 6 44 86 38 66 6 97 1 67 2 32 25 50 4 96 63 79 2 75 65 84 52 1 22 58 43 86 79 56 36 12 10 54 98 9 11 23 83 64 82 61 32 99 66
47 31 25 14 32 8 17 7 35 74 58 49 88 0 100000 87 73 48 69 86 27 57 69 98 3 46 10 14 93 33 34 32 1 77 21 92 7 78 78 28 41 98 99 9 100000 73 61 47 76 61 68 40 12 80 23 71 57 77 77 14 75 13 23 69 7 48 32 59 97 19 51 35 14 37 61 6 13 83 66 75 86 12 94 13 33 83 34 19 88 2 60 80 16 93 32 75 57 95 17 90 93 52 14 30 13 91 70 23 39 97 19 98 20 73 43 33 47 86 14 34 15 26 61 10 77 19 24 100000
50 93 28 1 22 76 45 29 62 18 72 74 59 100000 0 53 72 14 99 51 90 73 98 90 84 71 44 67 27 18 35 97 65 62 98 71 65 81 95 99 37 83 26 29 48 10 41 35 65 13 98 42 97 88 39 6 88 64 30 9 12 0 18 37 45 44 98 85 100 79 19 39 42 56 70 18 41 93 7 3 43 95 15 23 32 50 25 87 41 59 52 11 76 6 54 25 91 77 100 7 48 74 96 8 65 98 89 21 16 11 32 30 31 48 14 32 90 97 25 95 31 59 85 19 15 48 18 64
29 68 36 43 30 84 49 2 28 54 99 79 78 87 53 0 69 54 92 60 47 66 23 6 40 65 93 17 83 81 83 45 90 25 97 34 53 0 3 95 89 30 36 13 93 94 98 41 94 96 0 57 93 48 67 83 33 93 41 93 64 30 98 32 53 92 50 62 31 60 94 66 51 31 51 53 70 17 78 99 13 29 4 98 28 58 4 52 77 80 4 5 26 11 38 16 88 51 100 90 87 78 74 66 96 97 84 68 36 51 21 41 34 26 32 69 22 39 100 78 15 86 18 50 60 39 98 59
42 80 18 69 21 70 16 96 90 63 67 0 10 73 72 69 0 36 35 94 49 99 54 81 19 52 58 1 63 39 79 85 79 4 38 51 93 77 20 42 5 93 11 77 55 8 53 61 25 100000 27 23 19 65 56 57 15 75 78 100 25 76 26 45 93 61 63 3 8 94 53 20 30 43 48 88 58 67 95 14 28 71 85 91 49 99 52 2 29 43 6 87 92 58 76 21 91 1 100 81 84 11 18 38 48 19 86 50 64 63 53 72 74 53 42 96 57 100000 57 52 35 20 44 25 66 48 69 27
95 87 50 88 59 80 58 95 5 54 77 18 27 48 14 54 36 0 74 23 33 81 7 59 49 8 28 53 35 12 13 37 68 80 53 86 92 40 74 83 35 7 2 93 50 15 37 6 7 59 68 65 60 85 59 33 98 31 90 31 8 73 50 59 60 59 79 51 19 75 69 94 53 67 82 23 77 27 80 26 7 23 52 91 91 17 84 73 10 96 20 30 22 58 10 88 77 45 56 78 53 1 36 82 22 52 58 99 30 70 39 15 83 49 79 85 49 49 32 23 100 54 52 7 23 69 98 30
7 73 8 60 30 52 94 100 88 56 16 18 7 69 99 92 35 74 0 83 30 85 13 46 80 45 23 34 75 43 2 44 52 1 100000 99 86 17 30 99 53 9 64 5 4 6 91 25 66 98 90 44 11 66 31 6 32 89 1 36 2 33 28 99 86 30 67 53 83 18 79 80 47 72 47 39 82 64 37 40 11 51 93 27 78 39 29 93 23 58 72 37 70 58 39 84 13 87 6 47 39 15 41 28 85 42 78 92 52 55 48 16 41 18 60 36 88 22 100000 20 40 6 68 66 23 14 70 49
80 47 44 47 72 78 29 19 7 16 32 78 2 86 51 60 94 23 83 0 63 7 26 49 48 9 75 33 91 28 0 61 92 28 57 38 99 29 70 100 0 48 97 22 93 32 33 46 34 34 23 64 64 21 12 12 58 75 19 94 5 11 1 54 59 22 99 33 6 100000 5 86 11 4 39 35 65 36 63 97 69 29 81 62 90 76 26 4 61 73 93 84 71 85 79 9 14 64 19 57 24 25 64 5 2 88 96 46 30 94 22 10 62 33 24 38 73 35 97 82 10 74 55 79 26 60 5 34
94 4 80 79 75 39 31 3 55 98 38 98 32 27 90 47 49 33 30 63 0 27 82 76 47 80 1 4 62 32 79 96 6 69 12 19 19 47 12 18 26 10 73 77 54 15 88 53 14 100 70 9 96 58 3 61 18 93 13 85 12 91 47 61 5 75 40 12 98 4 29 38 45 29 29 39 54 7 44 23 19 45 49 11 71 63 50 60 11 53 55 35 95 72 80 82 57 3 47 19 66 12 40 33 15 50 61 76 96 16 29 1 88 67 40 96 72 50 75 4 100 34 81 33 36 79 34 9
58 7 25 42 90 11 11 49 51 59 90 78 91 57 73 66 99 81 85 7 27 0 15 13 62 41 79 23 74 41 32 68 62 84 31 0 55 40 58 27 72 68 23 69 69 81 15 27 11 78 88 53 65 63 55 1 36 30 33 19 0 74 81 69 36 86 43 92 13 81 81 53 81 37 15 55 48 80 97 81 66 66 34 32 29 86 79 36 99 40 76 84 56 100 96 38 37 98 77 91 6 48 31 40 0 15 40 51 80 45 85 25 13 7 85 16 50 31 47 16 72 22 74 76 54 25 56 89
3 85 89 8 77 44 81 49 32 18 100 64 28 69 98 23 54 7 13 26 82 15 0 71 48 13 48 70 27 92 9 39 51 29 32 90 83 84 38 24 76 87 94 9 64 83 55 54 45 26 33 85 28 57 87 29 92 70 98 57 41 44 8 100000 54 32 1 67 92 96 37 39 46 5 0 13 39 36 59 0 48 23 47 88 57 10 5 59 96 69 42 26 100 91 11 57 76 39 99 99 90 51 29 82 88 73 77 88 85 55 68 94 63 98 62 42 67 4 19 66 78 75 88 50 75 50 86 39
70 12 13 13 84 35 3 19 30 32 86 59 86 98 90 6 81 59 46 49 76 13 71 0 24 89 23 87 8 47 92 74 15 32 76 38 82 84 61 4 67 70 47 27 77 1 15 64 13 7 75 35 35 38 35 64 68 36 80 70 10 81 86 22 52 81 51 99 88 48 31 98 24 64 36 15 15 12 25 51 72 91 46 85 30 57 86 54 10 81 43 32 56 73 2 86 26 44 1 37 46 58 42 20 80 52 99 3 43 29 14 79 83 98 57 86 47 62 16 74 77 12 73 100000 77 64 85 36
1 67 61 4 70 53 2 61 0 13 56 78 49 3 84 40 19 49 80 48 47 62 48 24 0 54 10 89 77 43 17 14 8 19 92 62 69 18 55 42 38 16 9 100000 99 62 79 96 90 75 68 46 99 75 62 91 96 52 100000 44 8 36 22 15 89 62 66 23 70 45 93 84 70 81 35 51 78 98 86 79 26 6 16 27 71 16 43 16 17 75 0 80 63 1 12 46 1 88 63 43 74 91 71 12 15 68 45 5 51 31 48 48 24 81 56 9 45 91 61 52 3 72 88 3 12 41 31 19
48 49 34 45 91 73 66 30 33 30 7 64 6 46 71 65 52 8 45 9 80 41 13 89 54 0 44 77 1 39 66 8 15 15 27 77 71 46 11 90 98 67 81 34 39 10 59 56 30 28 16 84 6 91 34 74 94 68 75 10 49 19 38 35 9 53 86 59 34 75 39 55 45 12 43 67 8 80 39 31 86 15 92 8 94 42 66 87 46 70 45 42 29 64 48 55 45 79 70 68 61 40 69 7 6 64 61 12 66 63 26 32 16 21 24 90 0 100000 36 33 63 33 91 0 24 30 52 4
67 30 66 86 6 16 50 76 22 84 5 0 43 10 44 93 58 28 23 75 1 79 48 23 10 44 0 43 53 61 72 86 93 22 47 8 72 97 100 33 9 36 83 59 76 64 98 29 61 14 72 97 24 43 7 20 50 62 92 8 21 49 62 13 96 85 32 76 45 63 44 45 11 99 55 81 36 14 68 64 59 76 29 85 0 2 19 83 0 34 67 28 97 65 100 70 99 2 92 85 79 61 64 16 36 85 53 53 44 31 19 46 54 92 55 67 96 94 1 45 70 8 7 33 81 66 69 13
20 71 99 82 10 45 50 69 94 0 85 43 7 14 67 17 1 53 34 33 4 23 70 87 89 77 43 0 4 36 34 17 96 25 21 39 63 91 5 41 92 25 100000 19 11 59 8 66 16 50 1 17 16 15 100000 6 81 21 77 66 87 24 47 30 39 63 71 96 98 48 60 38 92 24 46 100 55 29 83 86 72 93 47 53 44 39 44 79 75 100 89 99 27 80 73 4 73 99 88 42 30 97 29 19 60 70 18 90 46 54 68 100 10 45 61 5 62 34 87 92 37 33 9 18 79 100000 91 37
82 8 100 80 26 20 64 38 2 0 52 35 71 93 27 83 63 35 75 91 62 74 27 8 77 1 53 4 0 69 40 52 44 6 79 47 20 75 66 20 1 42 24 51 22 88 84 3 24 22 77 13 6 81 74 76 6 28 29 67 10 86 13 74 93 49 1 71 68 76 96 96 37 32 89 28 100000 92 69 91 28 51 19 15 87 31 91 100000 70 20 91 99 34 27 17 71 6 47 38 29 71 8 0 25 32 5 74 57 61 90 1 52 60 88 8 21 51 18 85 98 30 60 65 85 61 2 39 26
32 46 91 64 28 81 36 60 19 81 1 81 13 33 18 81 39 12 43 28 32 41 92 47 43 39 61 36 69 0 72 99 68 32 94 96 1 67 50 79 60 76 6 70 83 69 84 94 47 75 75 85 9 62 84 63 13 15 17 54 41 19 79 70 89 61 13 5 28 44 20 57 18 89 50 1 31 92 20 28 6 68 32 60 71 30 60 86 90 18 65 61 8 17 39 94 57 10 45 23 62 52 14 1 11 1 40 30 21 24 74 47 50 96 62 76 92 88 77 63 92 13 39 4 100000 95 46 47
86 23 76 37 100000 21 43 32 23 70 87 79 50 34 35 83 79 13 2 0 79 32 9 92 17 66 72 34 40 72 0 7 90 74 4 51 49 1 76 17 27 42 92 79 100 78 15 17 98 8 96 86 43 65 83 88 28 49 36 9 47 21 100000 92 96 22 28 88 69 78 93 95 80 11 25 38 43 98 26 7 2 72 23 52 22 9 29 25 64 95 52 67 73 97 45 18 42 56 22 1 89 78 14 15 93 42 66 66 27 71 59 14 66 65 89 87 68 41 46 64 12 78 37 68 73 39 48 51
98 5 58 78 86 64 2 10 20 63 57 16 69 32 97 45 85 37 44 61 96 68 39 74 14 8 86 17 52 99 7 0 29 61 24 12 65 32 42 48 62 7 75 33 72 98 28 94 44 0 73 4 41 25 52 68 89 10 31 8 8 72 59 12 17 14 100000 39 90 12 4 65 4 100000 27 95 48 78 52 100 67 43 53 68 38 46 50 98 26 40 32 28 72 51 67 41 35 52 83 14 62 18 9 94 10 36 11 19 22 23 72 93 29 31 23 94 27 82 18 94 82 48 2 100000 53 96 92 75
28 62 60 47 78 100000 55 8 63 27 62 84 70 1 65 90 79 68 52 92 6 62 51 15 8 15 93 96 44 68 90 29 0 86 63 52 8 6 96 61 18 8 73 12 29 80 43 45 21 27 40 93 5 75 55 68 82 16 32 6 84 11 99 22 100000 47 50 59 85 26 37 23 69 12 13 84 21 38 80 20 8 45 35 27 50 2 4 33 62 8 60 87 68 78 58 33 85 23 7 40 38 30 18 5 90 97 69 59 79 32 55 10 100 68 100 23 35 12 19 64 30 61 72 89 59 30 52 48
4 27 63 58 45 64 41 2 33 30 62 42 35 77 62 25 4 80 1 28 69 84 29 32 19 15 22 25 6 32 74 61 86 0 84 69 49 1 14 86 72 74 63 81 96 62 100 99 59 87 8 56 28 87 99 72 43 28 55 65 28 45 0 42 13 86 63 92 12 100000 40 82 9 4 16 9 76 50 92 16 66 59 15 47 44 24 3 28 1 60 3 26 37 68 90 40 38 100000 69 59 38 83 2 70 63 50 47 39 9 39 1 24 95 84 63 73 9 37 51 97 45 61 20 42 64 30 34 67
8 37 80 71 57 38 64 24 82 78 98 43 10 21 98 97 38 53 100000 57 12 31 32 76 92 27 47 21 79 94 4 24 63 84 0 53 15 37 86 9 79 14 37 20 85 80 83 61 95 56 73 6 1 79 4 15 19 7 94 72 58 11 100000 23 15 27 49 37 74 7 59 80 91 40 99 33 1 29 12 61 56 80 55 19 76 56 87 5 19 91 19 7 25 49 0 52 23 21 42 47 70 44 45 45 26 87 68 64 53 36 69 79 91 60 97 64 45 97 64 97 26 8 10 12 12 51 86 47
24 22 59 93 8 45 74 55 99 63 56 9 6 92 71 34 51 86 99 38 19 0 90 38 62 77 8 39 47 96 51 12 52 69 53 0 42 54 74 63 72 42 90 0 91 28 92 88 26 15 99 37 65 40 12 34 18 66 15 6 52 48 12 14 81 29 35 90 67 26 19 53 67 37 87 51 24 43 37 27 96 30 8 41 28 44 19 1 23 79 34 82 81 55 33 23 7 45 39 70 47 45 19 64 3 21 58 76 39 16 40 80 100 24 1 8 8 45 44 68 93 35 59 27 84 58 46 49
84 16 35 0 47 34 72 41 98 52 7 88 87 7 65 53 93 92 86 99 19 55 83 82 69 71 72 63 20 1 49 65 8 49 15 42 0 8 1 57 52 67 60 81 13 41 3 53 32 37 24 90 78 71 45 44 43 62 73 80 7 28 76 20 46 73 54 72 95 24 19 59 30 11 47 29 20 67 41 82 29 61 45 7 98 97 33 23 94 69 11 100000 68 16 68 80 12 72 37 33 75 84 100000 10 74 6 77 70 63 34 91 63 96 27 7 35 68 98 45 46 92 88 1 35 42 100000 65 21
93 84 54 55 36 49 43 34 17 71 42 68 3 78 81 0 77 40 17 29 47 40 84 84 18 46 97 91 75 67 1 32 6 1 37 54 8 0 25 6 10 32 60 7 49 97 3 14 25 94 83 83 96 63 11 41 55 70 9 18 54 22 97 20 35 39 64 15 91 69 33 87 98 60 58 28 89 65 12 29 13 35 47 86 49 46 97 85 51 11 88 99 8 3 94 74 74 73 84 97 97 19 16 80 67 10 97 87 41 53 86 25 36 70 83 86 21 46 62 4 87 59 95 30 81 64 50 14
20 97 26 88 29 2 17 94 50 31 53 16 63 78 95 3 20 74 30 70 12 58 38 61 55 11 100 5 66 50 76 42 96 14 86 74 1 25 0 100000 78 8 8 73 70 90 9 2 68 50 87 73 20 14 42 27 96 77 68 65 99 36 81 37 99 44 78 62 93 6 40 40 82 34 68 13 95 5 87 0 48 13 24 70 31 91 71 20 5 10 15 2 96 30 59 66 7 1 19 90 59 13 72 75 64 20 52 76 99 45 51 29 100 60 96 52 22 63 77 90 29 1 40 92 1 41 66 10
89 56 62 93 1 70 100 29 24 100000 23 61 19 28 99 95 42 83 99 100 18 27 24 4 42 90 33 41 20 79 17 48 61 86 9 63 57 6 100000 0 23 16 11 12 60 37 28 16 39 88 51 19 97 94 8 15 50 83 47 62 10 28 85 88 89 44 12 21 28 93 79 15 77 70 91 75 0 56 14 11 38 98 31 44 12 25 29 79 50 80 80 100 91 100000 61 79 20 27 77 13 50 12 57 43 89 90 56 88 18 19 10 46 67 65 9 92 31 1 1 82 77 31 54 95 96 98 56 24
5 36 73 5 91 88 17 95 14 99 74 25 99 41 37 89 5 35 53 0 26 72 76 67 38 98 9 92 1 60 27 62 18 72 79 72 52 10 78 23 0 98 77 89 74 85 38 23 43 54 2 45 21 19 15 40 78 7 70 72 66 54 30 23 64 63 78 9 99 61 40 92 12 51 46 24 95 98 40 42 36 57 7 85 62 77 41 70 13 56 44 96 54 70 35 48 34 31 44 35 2 23 38 68 2 72 3 47 59 19 25 56 72 11 32 93 25 68 15 51 3 45 99 68 98 47 69 2
32 14 66 4 77 84 91 8 38 74 59 32 96 98 83 30 93 7 9 48 10 68 87 70 16 67 36 25 42 76 42 7 8 74 14 42 67 32 8 16 98 0 99 53 44 10 41 28 4 22 24 95 44 44 42 26 5 67 91 93 45 92 17 35 80 47 82 7 49 87 14 72 36 23 93 55 50 2 43 75 79 35 35 55 3 66 73 24 80 84 99 30 19 37 95 70 46 77 90 3 37 98 53 71 96 69 91 35 10 85 28 49 53 37 26 64 76 35 14 60 90 70 42 86 33 40 20 16
0 30 99 93 27 93 4 82 98 30 19 77 64 99 26 36 11 2 64 97 73 23 94 47 9 81 83 100000 24 6 92 75 73 63 37 90 60 60 8 11 77 99 0 66 97 93 38 51 70 8 44 1 51 33 85 11 57 16 59 57 91 30 96 93 93 25 18 87 85 82 21 69 45 42 80 53 98 14 63 79 85 93 1 84 84 100 83 59 15 79 66 45 90 31 65 53 69 35 51 89 56 15 38 19 71 50 23 39 100 82 70 32 87 2 53 2 76 2 50 10 24 30 83 82 68 62 61 100000
100 4 69 34 65 67 14 73 32 100 96 38 62 9 29 13 77 93 5 22 77 69 9 27 100000 34 59 19 51 70 79 33 12 81 20 0 81 7 73 12 89 53 66 0 32 96 62 81 41 92 67 37 33 1 43 39 89 2 87 37 61 94 38 46 63 84 0 25 72 36 7 11 29 29 80 78 64 36 77 100 91 87 59 76 6 64 71 72 56 3 70 61 31 34 82 72 29 27 33 48 95 86 58 45 63 36 16 72 0 51 71 37 3 17 82 84 37 88 34 4 86 67 86 11 5 64 83 19
32 85 85 36 43 6 84 81 82 25 62 93 34 100000 48 93 55 50 4 93 54 69 64 77 99 39 76 11 22 83 100 72 29 96 85 91 13 49 70 60 74 44 97 32 0 77 92 59 31 77 57 17 83 4 46 23 11 72 46 48 13 46 78 26 43 70 42 23 94 38 43 21 46 65 36 73 38 63 92 43 29 86 54 29 23 99 7 15 7 67 65 84 71 74 18 37 64 16 68 81 40 3 23 44 67 29 74 15 90 74 42 4 21 59 99 8 56 67 92 62 67 32 97 67 100000 35 99 67
89 10 69 55 56 66 58 75 80 61 35 58 46 73 10 94 8 15 6 32 15 81 83 1 62 10 64 59 88 69 78 98 80 62 80 28 41 97 90 37 85 10 93 96 77 0 84 54 99 3 47 81 54 30 31 70 27 77 9 6 71 65 53 13 88 52 0 10 8 74 1 22 27 89 62 82 0 3 18 79 52 21 81 34 58 73 15 80 1 5 11 82 16 14 84 48 69 36 14 70 7 32 1 99 18 93 38 75 71 70 32 21 21 3 14 37 13 65 96 47 88 79 40 48 94 14 7 79
48 89 0 75 37 6 9 51 27 1 66 80 21 61 41 98 53 37 91 33 88 15 55 15 79 59 98 8 84 84 15 28 43 100 83 92 3 3 9 28 38 41 38 62 92 84 0 82 56 56 10 18 59 52 22 45 67 82 4 96 27 67 84 16 51 99 66 92 22 95 49 82 99 58 16 21 86 99 5 40 24 32 67 17 63 45 41 56 23 30 17 24 62 71 47 11 84 2 48 66 53 82 68 84 72 74 69 87 22 94 44 63 0 42 48 57 9 43 80 68 92 78 26 57 16 98 92 47
5 1 100 40 18 52 16 29 96 85 60 66 73 47 35 41 61 6 25 46 53 27 54 64 96 56 29 66 3 94 17 94 45 99 61 88 53 14 2 16 23 28 51 81 59 54 82 0 2 92 94 78 64 30 57 70 85 46 90 67 41 93 5 54 93 97 29 100000 1 74 93 11 55 32 25 58 47 93 52 55 45 37 76 46 53 100000 59 1 43 29 59 17 15 47 89 14 39 24 33 4 68 17 21 77 10 99 40 55 9 24 62 58 23 42 78 8 44 65 9 70 81 8 19 59 30 6 90 47
57 21 69 72 33 45 3 91 19 95 69 13 94 76 65 94 25 7 66 34 14 11 45 13 90 30 61 16 24 47 98 44 21 59 95 26 32 25 68 39 43 4 70 41 31 99 56 2 0 48 51 77 80 62 32 4 30 53 30 38 38 8 80 77 41 93 28 21 57 23 7 45 59 13 50 15 98 100000 77 2 27 98 74 36 84 93 52 27 95 30 9 12 92 64 84 87 43 67 78 0 22 82 79 92 62 90 20 20 64 88 19 9 77 67 39 21 50 49 58 63 100 6 64 16 59 47 54 100000
97 16 59 78 69 36 77 99 16 73 87 98 72 61 13 96 100000 59 98 34 100 78 26 7 75 28 14 50 22 75 8 0 27 87 56 15 37 94 50 88 54 22 8 92 77 3 56 92 48 0 80 45 62 99 11 47 58 76 20 33 86 15 24 33 87 73 54 61 99 47 37 74 97 57 69 54 77 81 47 51 12 76 29 30 70 83 34 51 74 59 35 17 64 14 93 76 32 25 48 100000 87 58 11 42 9 99 33 93 12 12 21 42 65 100000 30 61 53 89 72 31 42 83 96 20 23 14 16 25
68 63 41 18 44 45 39 64 95 47 66 5 63 68 98 0 27 68 90 23 70 88 33 75 68 16 72 1 77 75 96 73 40 8 73 99 24 83 87 51 2 24 44 67 57 47 10 94 51 80 0 45 84 31 57 63 7 87 57 73 65 44 53 0 42 34 44 52 4 65 15 84 66 24 45 90 21 30 95 41 2 64 72 20 7 50 63 58 50 1 74 72 88 29 93 43 73 54 36 90 36 37 99 59 45 10 35 1 34 89 44 27 89 41 47 80 20 11 39 94 19 40 2 61 59 68 23 82
10 72 51 77 9 1 71 64 29 16 59 49 23 40 42 57 23 65 44 64 9 53 85 35 46 84 97 17 13 85 86 4 93 56 6 37 90 83 73 19 45 95 1 37 17 81 18 78 77 45 45 0 31 30 68 16 20 88 82 39 41 12 86 72 55 10 70 76 32 11 7 3 30 32 52 34 95 66 24 88 74 68 98 83 2 10 36 5 93 53 30 58 67 36 71 40 2 3 71 52 85 97 35 22 50 75 52 48 45 14 74 78 79 60 29 51 17 57 9 62 31 42 89 74 82 83 7 38
68 86 88 13 68 31 78 76 56 94 13 93 59 12 97 93 19 60 11 64 96 65 28 35 99 6 24 16 6 9 43 41 5 28 1 65 78 96 20 97 21 44 51 33 83 54 59 64 80 62 84 31 0 60 21 88 12 84 95 5 3 28 98 0 3 75 51 2 28 72 80 22 73 88 16 51 63 41 58 46 89 88 27 16 83 5 73 59 2 98 8 34 5 86 65 53 42 49 53 32 74 22 16 56 90 92 72 96 77 55 88 100 12 53 3 59 79 29 30 38 21 13 52 55 8 98 7 38
57 75 97 60 65 99 56 64 36 68 47 21 14 80 88 48 65 85 66 21 58 63 57 38 75 91 43 15 81 62 65 25 75 87 79 40 71 63 14 94 19 44 33 1 4 30 52 30 62 99 31 30 60 0 10 28 26 31 7 96 68 37 55 50 35 37 59 68 81 34 87 39 73 100000 1 40 0 55 95 17 32 36 100 10 78 96 25 52 64 44 27 66 71 56 49 39 51 31 35 59 35 96 96 93 98 90 40 34 93 11 56 88 69 14 82 8 84 16 11 81 84 4 24 38 17 82 22 54
15 100000 24 48 91 68 39 11 35 86 71 28 4 23 39 67 56 59 31 12 3 55 87 35 62 34 7 100000 74 84 83 52 55 99 4 12 45 11 42 8 15 42 85 43 46 31 22 57 32 11 57 68 21 10 0 41 93 31 49 47 69 92 4 27 40 75 90 15 39 20 42 42 47 94 31 31 83 89 34 66 89 50 57 40 15 27 21 100 18 100 35 51 91 44 87 45 82 88 69 24 94 10 91 53 6 79 8 8 89 49 48 34 73 55 7 42 66 41 88 18 99 85 19 68 14 69 64 47
56 24 83 44 1 5 74 16 34 6 69 31 89 71 6 83 57 33 6 12 61 1 29 64 91 74 20 6 76 63 88 68 68 72 15 34 44 41 27 15 40 26 11 39 23 70 45 70 4 47 63 16 88 28 41 0 76 57 10 11 42 89 30 38 37 65 20 10 18 35 27 25 52 51 25 90 8 37 55 93 26 33 56 63 5 24 82 63 59 15 41 23 97 8 67 31 16 23 74 54 5 40 1 55 76 56 1 1 93 53 71 75 38 47 74 96 56 34 22 58 96 61 15 100000 29 68 4 20
67 98 1 13 36 63 74 19 56 93 35 1 20 57 88 33 15 98 32 58 18 36 92 68 96 94 50 81 6 13 28 89 82 43 19 18 43 55 96 50 78 5 57 89 11 27 67 85 30 58 7 20 12 26 93 76 0 97 54 48 65 64 18 76 79 34 22 7 40 4 4 36 21 84 56 89 42 36 50 97 53 1 87 54 27 28 23 80 85 74 6 6 38 71 5 26 28 12 59 29 4 97 40 83 28 8 59 71 82 45 73 10 25 69 61 15 96 65 98 72 97 29 98 10 73 12 100 8
43 72 78 25 56 39 15 9 93 54 98 84 74 77 64 93 75 31 89 75 93 30 70 36 52 68 62 21 28 15 49 10 16 28 7 66 62 70 77 83 7 67 16 2 72 77 82 46 53 76 87 88 84 31 31 57 97 0 95 70 95 89 13 96 28 57 42 57 73 0 42 42 11 29 84 33 84 34 73 11 5 56 46 6 78 25 49 4 12 6 95 72 24 31 48 42 28 97 43 58 70 97 53 25 44 44 64 13 29 99 77 80 50 60 20 81 57 96 5 77 99 95 24 87 48 1 88 33
84 5 53 87 98 44 7 34 43 35 84 88 73 77 30 41 78 90 1 19 13 33 98 80 100000 75 92 77 29 17 36 31 32 55 94 15 73 9 68 47 70 91 59 87 46 9 4 90 30 20 57 82 95 7 49 10 54 95 0 94 55 87 38 39 92 10 23 67 79 47 51 56 47 74 22 73 75 21 46 10 57 19 96 55 20 14 72 71 47 97 62 46 51 29 60 92 6 68 21 31 100 98 63 25 24 2 88 67 55 38 100000 59 0 75 5 91 83 82 8 2 30 88 40 12 92 87 59 74
73 37 89 28 68 12 18 24 47 4 7 0 23 14 9 93 100 31 36 94 85 19 57 70 44 10 8 66 67 54 9 8 6 65 72 6 80 18 65 62 72 93 57 37 48 6 96 67 38 33 73 39 5 96 47 11 48 70 94 0 85 57 76 44 83 93 24 100 92 32 98 76 33 25 98 44 67 86 40 1 25 74 30 52 68 39 36 44 59 36 26 65 8 25 84 20 44 79 30 8 2 13 83 83 99 30 84 5 70 24 33 82 7 40 55 28 65 29 77 18 12 50 27 83 63 96 36 23
34 11 80 70 22 54 64 34 91 37 45 24 36 75 12 64 25 8 2 5 12 0 41 10 8 49 21 87 10 41 47 8 84 28 58 52 7 54 99 10 66 45 91 61 13 71 27 41 38 86 65 41 3 68 69 42 65 95 55 85 0 75 69 51 28 70 78 61 39 83 8 8 12 67 82 79 26 54 62 43 55 88 95 16 16 91 15 29 56 42 91 42 86 95 58 62 49 5 56 83 13 96 82 55 46 67 92 78 13 81 14 78 59 25 90 78 41 77 44 57 22 83 18 89 66 55 48 89
30 69 8 11 72 55 18 8 97 79 34 35 42 13 0 30 76 73 33 11 91 74 44 81 36 19 49 24 86 19 21 72 11 45 11 48 28 22 36 28 54 92 30 94 46 65 67 93 8 15 44 12 28 37 92 89 64 89 87 57 75 0 41 56 96 55 51 66 77 68 83 86 41 71 64 48 24 75 96 36 70 85 73 48 29 16 46 86 37 88 59 94 16 21 6 48 41 91 99 40 50 51 27 41 3 60 42 62 63 34 78 39 42 27 49 5 86 1 81 22 50 12 74 1 94 92 75 6
22 100 57 10 83 92 31 40 82 1 99 84 2 23 18 98 26 50 28 1 47 81 8 86 22 38 62 47 13 79 100000 59 99 0 100000 12 76 97 81 85 30 17 96 38 78 53 84 5 80 24 53 86 98 55 4 30 18 13 38 76 69 41 0 77 74 84 98 15 40 96 100 70 39 93 92 25 39 47 79 51 28 46 17 73 56 1 50 86 23 57 91 25 77 64 40 19 14 45 1 34 100 100 43 36 48 58 5 38 85 52 12 13 52 69 93 55 71 72 33 48 59 88 90 66 53 28 41 55
27 43 59 34 66 11 12 61 53 39 24 25 67 69 37 32 45 59 99 54 61 69 100000 22 15 35 13 30 74 70 92 12 22 42 23 14 20 20 37 88 23 35 93 46 26 13 16 54 77 33 0 72 0 50 27 38 76 96 39 44 51 56 77 0 73 16 3 61 40 59 63 66 45 38 95 23 17 56 93 76 1 83 36 39 37 6 96 76 95 3 4 29 13 56 38 8 40 27 53 54 51 4 58 0 18 8 75 50 65 67 40 84 75 88 90 28 28 99 34 36 81 59 80 46 41 73 93 48
33 61 89 66 60 19 92 37 28 46 94 61 10 7 45 53 93 60 86 59 5 36 54 52 89 9 96 39 93 89 96 17 100000 13 15 81 46 35 99 89 64 80 93 63 43 88 51 93 41 87 42 55 3 35 40 37 79 28 92 83 28 96 74 73 0 29 44 14 61 87 19 14 49 72 45 37 29 61 9 1 10 40 1 52 54 13 38 73 26 4 51 92 100000 42 13 100 45 77 48 79 29 61 26 73 12 53 46 11 93 62 49 79 23 30 31 90 80 26 6 10 24 95 82 96 95 39 86 83
62 72 3 43 50 70 11 90 58 83 100 31 84 48 44 92 61 59 30 22 75 86 32 81 62 53 85 63 49 61 22 14 47 86 27 29 73 39 44 44 63 47 25 84 70 52 99 97 93 73 34 10 75 37 75 65 34 57 10 93 70 55 84 16 29 0 56 22 14 5 4 99 12 17 9 65 95 66 62 86 23 24 67 12 20 82 29 87 20 49 79 99 93 76 45 1 76 41 41 51 92 66 13 73 31 45 9 2 30 64 46 82 92 45 48 93 56 32 20 13 7 37 99 98 38 78 93 1
68 85 3 20 40 99 55 53 17 100 28 19 31 32 98 50 63 79 67 99 40 43 1 51 66 86 32 71 1 13 28 100000 50 63 49 35 54 64 78 12 78 82 18 0 42 0 66 29 28 54 44 70 51 59 90 20 22 42 23 24 78 51 98 3 44 56 0 2 9 26 44 78 32 78 15 12 30 2 53 74 70 47 99 95 35 67 79 13 58 26 13 99 45 76 34 79 85 61 9 1 100 26 7 62 97 50 54 70 1 23 11 97 88 20 42 28 95 48 45 75 49 7 27 12 54 70 35 54
92 32 52 78 40 92 64 36 20 56 72 29 14 59 85 62 3 51 53 33 12 92 67 99 23 59 76 96 71 5 88 39 59 92 37 90 72 15 62 21 9 7 87 25 23 10 92 100000 21 61 52 76 2 68 15 10 7 57 67 100 61 66 15 61 14 22 2 0 33 1 40 91 100000 97 38 75 40 36 30 14 14 72 7 33 29 51 35 58 87 54 6 96 12 17 42 24 20 64 53 99 55 39 80 32 64 25 53 53 5 67 31 8 89 84 56 46 37 45 60 25 20 81 89 62 68 71 51 21
97 18 47 16 75 62 100000 100 10 30 75 24 73 97 100 31 8 19 83 6 98 13 92 88 70 34 45 98 68 28 69 90 85 12 74 67 95 91 93 28 99 49 85 72 94 8 22 1 57 99 4 32 28 81 39 18 40 73 79 92 39 77 40 40 61 14 9 33 0 65 19 8 46 49 79 87 18 73 85 66 67 76 51 26 27 40 27 68 6 83 19 88 50 39 54 4 63 49 81 52 38 20 69 27 89 97 18 44 86 100 81 74 50 60 52 22 86 11 84 96 33 80 100000 69 71 52 61 9
72 98 46 68 94 66 30 50 44 42 15 11 59 19 79 60 94 75 18 100000 4 81 96 48 45 75 63 48 76 44 78 12 26 100000 7 26 24 69 6 93 61 87 82 36 38 74 95 74 23 47 65 11 72 34 20 35 4 0 47 32 83 68 96 59 87 5 26 1 65 0 94 45 60 8 80 63 44 14 78 16 65 88 56 54 4 77 31 74 94 68 53 65 91 91 91 70 67 56 74 16 82 19 10 59 9 39 64 24 80 93 87 80 39 30 33 7 43 85 19 55 0 79 70 88 82 99 82 28
18 55 71 18 77 85 36 41 65 97 21 75 80 51 19 94 53 69 79 5 29 81 37 31 93 39 44 60 96 20 93 4 37 40 59 19 19 33 40 79 40 14 21 7 43 1 49 93 7 37 15 7 80 87 42 27 4 42 51 98 8 83 100 63 19 4 44 40 19 94 0 35 19 94 44 6 54 33 17 2 45 15 72 16 27 82 13 37 3 81 34 99 22 73 25 38 33 85 6 3 86 19 42 92 4 33 38 26 24 52 44 35 75 13 77 42 38 8 8 73 59 23 37 69 56 56 11 26
10 42 56 70 47 47 12 60 6 37 88 3 40 35 39 66 20 94 80 86 38 53 39 98 84 55 45 38 96 57 95 65 23 82 80 53 59 87 40 15 92 72 69 11 21 22 82 11 45 74 84 3 22 39 42 25 36 42 56 76 8 86 70 66 14 99 78 91 8 45 35 0 78 90 91 21 31 90 83 22 39 47 10 89 44 18 78 97 12 59 23 13 16 16 27 8 17 70 68 24 84 86 93 10 17 76 79 1 22 39 25 93 20 18 71 47 94 98 100 44 79 67 32 22 96 24 48 91
63 72 57 81 63 3 71 2 98 8 25 87 48 14 42 51 30 53 47 11 45 81 46 24 70 45 11 92 37 18 80 4 69 9 91 67 30 98 82 77 12 36 45 29 46 27 99 55 59 97 66 30 73 73 47 52 21 11 47 33 12 41 39 45 49 12 32 100000 46 60 19 78 0 47 75 31 30 67 77 74 71 7 49 25 55 73 42 69 44 27 76 5 42 74 38 35 72 44 92 41 8 99 76 30 20 18 85 52 39 24 6 46 71 12 11 26 87 100 88 30 13 73 64 46 71 47 10 39
61 76 25 75 32 0 3 99 25 3 28 4 17 37 56 31 43 67 72 4 29 37 5 64 81 12 99 24 32 89 11 100000 12 4 40 37 11 60 34 70 51 23 42 29 65 89 58 32 13 57 24 32 88 100000 94 51 84 29 74 25 67 71 93 38 72 17 78 97 49 8 94 90 47 0 47 44 88 100 70 85 82 51 88 32 88 83 63 44 62 51 24 9 100000 51 62 94 17 96 54 24 3 92 80 62 55 52 64 16 45 0 74 12 40 43 77 13 56 47 99 58 17 41 78 69 47 28 22 71
88 88 72 40 26 52 1 19 38 84 54 28 100 61 70 51 48 82 47 39 29 15 0 36 35 43 55 46 89 50 25 27 13 16 99 87 47 58 68 91 46 93 80 80 36 62 16 25 50 69 45 52 16 1 31 25 56 84 22 98 82 64 92 95 45 9 15 38 79 80 44 91 75 47 0 98 84 57 36 31 6 93 48 69 22 38 38 70 39 52 25 31 83 16 100 42 78 5 74 72 49 17 70 48 7 48 93 73 71 80 29 91 66 20 73 81 88 22 85 24 54 25 7 88 100 61 33 30
47 30 24 26 25 30 41 71 62 54 63 57 32 6 18 53 88 23 39 35 39 55 13 15 51 67 81 100 28 1 38 95 84 9 33 51 29 28 13 75 24 55 53 78 73 82 21 58 15 54 90 34 51 40 31 90 89 33 73 44 79 48 25 23 37 65 12 75 87 63 6 21 31 44 98 0 31 87 49 52 10 50 78 16 100 72 43 58 30 32 89 98 48 30 86 27 33 12 82 70 76 70 65 53 26 12 77 15 46 22 21 40 36 14 9 9 41 49 28 60 35 50 75 77 94 8 35 50
17 20 56 4 0 35 1 59 60 8 62 2 87 13 41 70 58 77 82 65 54 48 39 15 78 8 36 55 100000 31 43 48 21 76 1 24 20 89 95 0 95 50 98 64 38 0 86 47 98 77 21 95 63 0 83 8 42 84 75 67 26 24 39 17 29 95 30 40 18 44 54 31 30 88 84 31 0 22 48 70 32 67 8 75 45 36 13 45 22 12 11 3 25 27 90 37 44 41 33 63 87 77 3 88 52 26 34 99 87 53 88 6 86 12 79 43 7 60 61 65 70 76 7 100000 69 30 58 92
54 66 55 85 93 81 20 37 50 18 41 16 88 83 93 17 67 27 64 36 7 80 36 12 98 80 14 29 92 92 98 78 38 50 29 43 67 65 5 56 98 2 14 36 63 3 99 93 100000 81 30 66 41 55 89 37 36 34 21 86 54 75 47 56 61 66 2 36 73 14 33 90 67 100 57 87 22 0 43 20 54 88 85 85 95 80 85 52 2 54 20 28 34 90 7 100000 8 100 87 87 58 33 0 68 38 48 14 33 46 28 23 25 38 92 22 50 41 16 78 47 39 20 57 63 31 74 85 42
86 99 80 47 8 27 0 24 13 90 97 27 96 66 7 78 95 80 37 63 44 97 59 25 86 39 68 83 69 20 26 52 80 92 12 37 41 12 87 14 40 43 63 77 92 18 5 52 77 47 95 24 58 95 34 55 50 73 46 40 62 96 79 93 9 62 53 30 85 78 17 83 77 70 36 49 48 43 0 81 66 24 6 56 1 66 68 2 100000 4 99 64 62 62 46 76 8 39 96 44 34 62 75 84 58 45 9 41 49 60 25 40 17 59 49 93 99 1 23 98 61 95 57 18 76 74 71 84
87 21 93 95 54 29 16 95 7 28 97 21 47 75 3 99 14 26 40 97 23 81 0 51 79 31 64 86 91 28 7 100 20 16 61 27 82 29 0 11 42 75 79 100 43 79 40 55 2 51 41 88 46 17 66 93 97 11 10 1 43 36 51 76 1 86 74 14 66 16 2 22 74 85 31 52 70 20 81 0 67 52 71 81 61 33 63 23 13 60 25 84 67 79 65 31 50 15 36 70 16 20 4 27 92 21 49 82 17 20 92 30 43 31 97 30 24 45 91 31 51 78 85 0 27 62 28 73
57 3 92 95 59 75 97 81 94 13 10 72 40 86 43 13 28 7 11 69 19 66 48 72 26 86 59 72 28 6 2 67 8 66 56 96 29 13 48 38 36 79 85 91 29 52 24 45 27 12 2 74 89 32 89 26 53 5 57 25 55 70 28 1 10 23 70 14 67 65 45 39 71 82 6 10 32 54 66 67 0 96 0 95 10 95 88 85 26 35 60 35 32 74 60 45 45 94 76 54 98 26 90 30 56 100 31 16 43 81 92 13 61 46 33 49 71 49 58 18 28 89 94 61 59 22 0 15
37 44 93 100 65 0 28 5 79 67 64 48 52 12 95 29 71 23 51 29 45 66 23 91 6 15 76 93 51 68 72 43 45 59 80 30 61 35 13 98 57 35 93 87 86 21 32 37 98 76 64 68 88 36 50 33 1 56 19 74 88 85 46 83 40 24 47 72 76 88 15 47 7 51 93 50 67 88 24 52 96 0 100000 84 48 77 43 9 28 33 5 8 8 65 25 97 32 61 41 93 9 20 49 85 68 76 54 71 59 30 14 69 13 12 12 61 13 77 94 49 78 50 29 88 17 80 25 8
71 4 75 72 48 80 10 25 54 67 100 80 49 94 15 4 85 52 93 81 49 34 47 46 16 92 29 47 19 32 23 53 35 15 55 8 45 47 24 31 7 35 1 59 54 81 67 76 74 29 72 98 27 100 57 56 87 46 96 30 95 73 17 36 1 67 99 7 51 56 72 10 49 88 48 78 8 85 6 71 0 100000 0 31 13 63 56 19 8 46 95 95 44 73 51 59 87 16 61 97 11 99 65 47 23 74 57 37 27 3 7 54 52 87 39 39 16 25 87 48 31 37 19 5 60 49 20 72
91 20 45 76 39 23 39 32 61 22 29 88 89 13 23 98 91 91 27 62 11 32 88 85 27 8 85 53 15 60 52 68 27 47 19 41 7 86 70 44 85 55 84 76 29 34 17 46 36 30 20 83 16 10 40 63 54 6 55 52 16 48 73 39 52 12 95 33 26 54 16 89 25 32 69 16 75 85 56 81 95 84 31 0 36 90 64 36 58 68 53 6 100000 28 88 55 2 41 12 96 75 74 85 14 63 69 41 69 61 71 55 93 53 14 12 49 56 84 89 43 12 71 11 72 52 100000 71 77
37 7 85 53 63 23 96 40 45 44 86 58 6 33 32 28 49 91 78 90 71 29 57 30 71 94 0 44 87 71 22 38 50 44 76 28 98 49 31 12 62 3 84 6 23 58 63 53 84 70 7 2 83 78 15 5 27 78 20 68 16 29 56 37 54 20 35 29 27 4 27 44 55 88 22 100 45 95 1 61 10 48 13 36 0 57 40 3 100000 29 31 53 46 2 29 64 95 36 24 96 99 30 29 20 0 95 19 46 50 18 63 68 97 56 49 67 31 2 0 35 88 38 50 58 11 79 57 6
74 94 80 34 59 17 28 18 27 35 89 84 44 83 50 58 99 17 39 76 63 86 10 57 16 42 2 39 31 30 9 46 2 24 56 44 97 46 91 25 77 66 100 64 99 73 45 100000 93 83 50 10 5 96 27 24 28 25 14 39 91 16 1 6 13 82 67 51 40 77 82 18 73 83 38 72 36 80 66 33 95 77 63 90 57 0 27 21 74 62 32 7 57 90 100000 24 100 27 55 0 45 51 59 77 98 85 3 13 83 42 57 34 33 89 65 28 100000 27 83 82 36 24 72 59 34 59 51 21
13 81 65 83 49 30 44 84 37 45 18 29 86 34 25 4 52 84 29 26 50 79 5 86 43 66 19 44 91 60 29 50 4 3 87 19 33 97 71 29 41 73 83 71 7 15 41 59 52 34 63 36 73 25 21 82 23 49 72 36 15 46 50 96 38 29 79 35 27 31 13 78 42 63 38 43 13 85 68 63 88 43 56 64 40 27 0 48 9 41 72 16 13 92 16 100000 5 14 30 2 41 12 45 80 37 82 51 89 72 94 96 3 96 91 10 100000 22 30 82 95 91 39 100000 71 82 3 29 1
33 81 36 3 96 83 76 2 30 86 45 77 38 19 87 52 2 73 93 4 60 36 59 54 16 87 83 79 100000 86 25 98 33 28 5 1 23 85 20 79 70 24 59 72 15 80 56 1 27 51 58 5 59 52 100 63 80 4 71 44 29 86 86 76 73 87 13 58 68 74 37 97 69 44 70 58 45 52 2 23 85 9 19 36 3 21 48 0 30 63 68 17 95 77 85 22 67 50 67 59 61 62 70 9 37 69 60 89 89 52 29 0 94 92 65 85 1 41 70 94 6 49 64 65 28 90 37 55
11 46 57 87 97 85 15 45 74 49 0 95 66 88 41 77 29 10 23 61 11 99 96 10 17 46 0 75 70 90 64 26 62 1 19 23 94 51 5 50 13 80 15 56 7 1 23 43 95 74 50 93 2 64 18 59 85 12 47 59 56 37 23 95 26 20 58 87 6 94 3 12 44 62 39 30 22 2 100000 13 26 28 8 58 100000 74 9 30 0 9 71 10 28 1 75 5 98 36 27 57 88 22 72 70 89 48 78 54 49 79 8 82 10 99 23 2 96 1 23 81 8 30 64 67 94 61 63 39
65 68 100 69 4 87 2 0 9 36 98 15 6 2 59 80 43 96 58 73 53 40 69 81 75 70 34 100 20 18 95 40 8 60 91 79 69 11 10 80 56 84 79 3 67 5 30 29 30 59 1 53 98 44 100 15 74 6 97 36 42 88 57 3 4 49 26 54 83 68 81 59 27 51 52 32 12 54 4 60 35 33 46 68 29 62 41 63 9 0 72 38 39 21 87 32 65 23 17 77 10 8 89 44 12 25 37 54 19 66 31 63 38 43 43 67 46 77 39 87 89 48 8 51 18 22 0 2
98 45 36 86 36 70 24 63 2 44 41 35 97 60 52 4 6 20 72 93 55 76 42 43 0 45 67 89 91 65 52 32 60 3 19 34 11 88 15 80 44 99 66 70 65 11 17 59 9 35 74 30 8 27 35 41 6 95 62 26 91 59 91 4 51 79 13 6 19 53 34 23 76 24 25 89 11 20 99 25 60 5 95 53 31 32 72 68 71 72 0 26 32 100 89 19 35 44 11 4 68 5 6 67 88 60 60 76 93 66 41 35 26 73 77 8 63 38 23 17 36 38 59 68 83 58 22 64
76 5 15 63 19 56 60 81 35 51 0 82 1 80 11 5 87 30 37 84 35 84 26 32 80 42 28 99 99 61 67 28 87 26 7 82 100000 99 2 100 96 30 45 61 84 82 24 17 12 17 72 58 34 66 51 23 6 72 46 65 42 94 25 29 92 99 99 96 88 65 99 13 5 9 31 98 3 28 64 84 35 8 95 6 53 7 16 17 10 38 26 0 92 100 65 20 76 85 33 41 31 31 64 99 11 89 76 97 15 57 88 77 21 81 100 79 52 28 95 25 5 41 31 69 65 90 8 16
3 75 50 44 62 52 18 37 86 79 5 93 67 16 76 26 92 22 70 71 95 56 100 56 63 29 97 27 34 8 73 72 68 37 25 81 68 8 96 91 54 19 90 31 71 16 62 15 92 64 88 67 5 71 91 97 38 24 51 8 86 16 77 13 100000 93 45 12 50 91 22 16 42 100000 83 48 25 34 62 67 32 8 44 100000 46 57 13 95 28 39 32 92 0 4 10 37 73 10 9 48 6 35 2 1 40 90 52 31 47 89 53 4 18 23 44 15 85 43 73 40 79 79 15 55 63 17 70 24
54 28 76 50 76 68 80 68 7 84 92 5 2 93 6 11 58 58 58 85 72 100 91 73 1 64 65 80 27 17 97 51 78 68 49 55 16 3 30 100000 70 37 31 34 74 14 71 47 64 14 29 36 86 56 44 8 71 31 29 25 95 21 64 56 42 76 76 17 39 91 73 16 74 51 16 30 27 90 62 79 74 65 73 28 2 90 92 77 1 21 100 100 4 0 33 100 15 77 98 24 99 27 75 65 73 97 99 76 11 57 37 86 19 68 9 41 8 90 81 79 56 36 3 82 6 95 19 78
98 21 43 13 74 23 97 98 62 74 0 46 32 32 54 38 76 10 39 79 80 96 11 2 12 48 100 73 17 39 45 67 58 90 0 33 68 94 59 61 35 95 65 82 18 84 47 89 84 93 93 71 65 49 87 67 5 48 60 84 58 6 40 38 13 45 34 42 54 91 25 27 38 62 100 86 90 7 46 65 60 25 51 88 29 100000 16 85 75 87 89 65 10 33 0 88 10 95 79 10 80 21 90 70 74 27 90 27 21 14 48 68 37 52 72 91 9 29 45 79 32 16 34 56 85 93 93 57
94 34 0 17 27 68 38 98 9 4 97 68 25 75 25 16 21 88 84 9 82 38 57 86 46 55 70 4 71 94 18 41 33 40 52 23 80 74 66 79 48 70 53 72 37 48 11 14 87 76 43 40 53 39 45 31 26 42 92 20 62 48 19 8 100 1 79 24 4 70 38 8 35 94 42 27 37 100000 76 31 45 97 59 55 64 24 100000 22 5 32 19 20 37 100 88 0 60 78 4 94 67 57 10 58 57 17 52 26 33 90 6 12 56 71 45 100 7 81 43 59 61 30 100000 79 15 34 68 100
24 80 10 63 20 89 59 10 4 27 72 17 50 57 91 88 91 77 13 14 57 37 76 26 1 45 99 73 6 57 42 35 85 38 23 7 12 74 7 20 34 46 69 29 64 69 84 39 43 32 73 2 42 51 82 16 28 28 6 44 49 41 14 40 45 76 85 20 63 67 33 17 72 17 78 33 44 8 8 50 45 32 87 2 95 100 5 67 98 65 35 76 73 15 10 60 0 95 51 61 43 72 84 61 88 8 17 42 51 68 93 53 0 92 3 73 82 91 23 89 70 16 18 100000 43 5 78 100
71 44 66 54 42 68 32 3 40 100 65 28 4 95 77 51 1 45 87 64 3 98 39 44 88 79 2 99 47 10 56 52 23 100000 21 45 72 73 1 27 31 77 35 27 16 36 2 24 67 25 54 3 49 31 88 23 12 97 68 79 5 91 45 27 77 41 61 64 49 56 85 70 44 96 5 12 41 100 39 15 94 61 16 41 36 27 14 50 36 23 44 85 10 77 95 78 95 0 85 15 23 65 49 38 17 10 4 46 24 70 32 21 96 62 100 34 51 80 8 78 15 94 2 63 99 24 77 8
19 17 98 56 34 98 35 22 44 19 91 62 96 17 100 100 100 56 6 19 47 77 99 1 63 70 92 88 38 45 22 83 7 69 42 39 37 84 19 77 44 90 51 33 68 14 48 33 78 48 36 71 53 35 69 74 59 43 21 30 56 99 1 53 48 41 9 53 81 74 6 68 92 54 74 82 33 87 96 36 76 41 61 12 24 55 30 67 27 17 11 33 9 98 79 4 51 85 0 73 77 37 10 96 8 63 82 30 42 99 83 92 94 52 94 30 43 43 69 45 87 35 92 4 45 37 79 0
36 78 49 32 71 12 1 45 52 53 11 73 63 90 7 90 81 78 47 57 19 91 99 37 43 68 85 42 29 23 1 14 40 59 47 70 33 97 90 13 35 3 89 48 81 70 66 4 0 100000 90 52 32 59 24 54 29 58 31 8 83 40 34 54 79 51 1 99 52 16 3 24 41 24 72 70 63 87 44 70 54 93 97 96 96 0 2 59 57 77 4 41 48 24 10 94 61 15 73 0 32 62 57 68 5 52 100 72 18 75 57 89 88 94 46 72 87 54 14 97 45 85 69 4 79 17 92 95
34 61 45 35 56 56 13 29 41 26 77 96 79 93 48 87 84 53 39 24 66 6 90 46 74 61 79 30 71 62 89 62 38 38 70 47 75 97 59 50 2 37 56 95 40 7 53 68 22 87 36 85 74 35 94 5 4 70 100 2 13 50 100 51 29 92 100 55 38 82 86 84 8 3 49 76 87 58 34 16 98 9 11 75 99 45 41 61 88 10 68 31 6 99 80 67 43 23 77 32 0 21 97 47 47 23 38 48 73 61 43 41 69 11 29 21 91 26 73 69 60 57 56 67 20 51 97 74
11 10 66 41 87 12 22 24 16 2 46 68 2 52 74 78 11 1 15 25 12 48 51 58 91 40 61 97 8 52 78 18 30 83 44 45 84 19 13 12 23 98 15 86 3 32 82 17 82 58 37 97 22 96 10 40 97 97 98 13 96 51 100 4 61 66 26 39 20 19 19 86 99 92 17 70 77 33 62 20 26 20 99 74 30 51 12 62 22 8 5 31 35 27 21 57 72 65 37 62 21 0 38 68 40 78 38 99 96 18 31 90 31 93 77 72 0 91 97 43 18 8 94 86 55 54 74 39
50 77 80 26 28 78 50 80 33 81 74 35 75 14 96 74 18 36 41 64 40 31 29 42 71 69 64 29 0 14 14 9 18 2 45 19 100000 16 72 57 38 53 38 58 23 1 68 21 79 11 99 35 16 96 91 1 40 53 63 83 82 27 43 58 26 13 7 80 69 10 42 93 76 80 70 65 3 0 75 4 90 49 65 85 29 59 45 70 72 89 6 64 2 75 90 10 84 49 10 57 97 38 0 96 65 74 88 26 6 85 57 52 34 6 31 93 58 21 60 36 33 70 94 73 6 97 58 42
100 0 94 36 90 100 57 91 44 28 50 86 65 30 8 66 38 82 28 5 33 40 82 20 12 7 16 19 25 1 15 94 5 70 45 64 10 80 75 43 68 71 19 45 44 99 84 77 92 42 59 22 56 93 53 55 83 25 25 83 55 41 36 0 73 73 62 32 27 59 92 10 30 62 48 53 88 68 84 27 30 85 47 14 20 77 80 9 70 44 67 99 1 65 70 58 61 38 96 68 47 68 96 0 87 25 78 48 89 49 77 47 48 92 50 82 58 60 27 70 75 73 83 47 50 10 41 64
15 40 14 99 50 60 69 68 4 21 23 58 84 13 65 96 48 22 85 2 15 0 88 80 15 6 36 60 32 11 93 10 90 63 26 3 74 67 64 89 2 96 71 63 67 18 72 10 62 9 45 50 90 98 6 76 28 44 24 99 46 3 48 18 12 31 97 64 89 9 4 17 20 55 7 26 52 38 58 92 56 68 23 63 0 98 37 37 89 12 88 11 40 73 74 57 88 17 8 5 47 40 65 87 0 82 62 89 67 5 13 54 93 4 4 91 78 16 42 82 66 35 24 15 80 31 77 44
0 41 15 31 31 96 19 93 91 44 8 30 52 91 98 97 19 52 42 88 50 15 73 52 68 64 85 70 5 1 42 36 97 50 87 21 6 10 20 90 72 69 50 36 29 93 74 99 90 99 10 75 92 90 79 56 8 44 2 30 67 60 58 8 53 45 50 25 97 39 33 76 18 52 48 12 26 48 45 21 100 76 74 69 95 85 82 69 48 25 60 89 90 97 27 17 8 10 63 52 23 78 74 25 82 0 99 67 91 20 17 67 99 97 22 76 77 40 70 89 24 9 35 49 62 19 43 37
44 62 65 98 56 35 76 4 96 83 89 84 1 70 89 84 86 58 78 96 61 40 77 99 45 61 53 18 74 40 66 11 69 47 68 58 77 97 52 56 3 91 23 16 74 38 69 40 20 33 35 52 72 40 8 1 59 64 88 84 92 42 5 75 46 9 54 53 18 64 38 79 85 64 93 77 34 14 9 49 31 54 57 41 19 3 51 60 78 37 60 76 52 99 90 52 17 4 82 100 38 38 88 78 62 99 0 46 30 48 81 71 98 94 95 72 1 46 45 18 75 21 54 90 92 11 60 23
69 9 43 23 90 9 14 70 11 40 8 61 22 23 21 68 50 99 92 46 76 51 88 3 5 12 53 90 57 30 66 19 59 39 64 76 70 87 76 88 47 35 39 72 15 75 87 55 20 93 1 48 96 34 8 1 71 13 67 5 78 62 38 50 11 2 70 53 44 24 26 1 52 16 73 15 99 33 41 82 16 71 37 69 46 13 89 89 54 54 76 97 31 76 27 26 42 46 30 72 48 99 26 48 89 67 46 0 28 71 14 86 100000 43 78 20 11 55 69 69 82 93 68 3 34 52 78 2
25 61 78 78 27 64 98 57 84 44 0 51 58 39 16 36 64 30 52 30 96 80 85 43 51 66 44 46 61 21 27 22 79 9 53 39 63 41 99 18 59 10 100 0 90 71 22 9 64 12 34 45 77 93 89 93 82 29 55 70 13 63 85 65 93 30 1 5 86 80 24 22 39 45 71 46 87 46 49 17 43 59 27 61 50 83 72 89 49 19 93 15 47 11 21 33 51 24 42 18 73 96 6 89 67 91 30 28 0 41 63 54 34 97 60 55 64 35 58 62 58 42 73 26 48 31 80 1
92 67 9 37 31 46 33 22 82 81 29 6 43 97 11 51 63 70 55 94 16 45 55 29 31 63 31 54 90 24 71 23 32 39 36 16 34 53 45 19 19 85 82 51 74 70 94 24 88 12 89 14 55 11 49 53 45 99 38 24 81 34 52 67 62 64 23 67 100 93 52 39 24 0 80 22 53 28 60 20 81 30 3 71 18 42 94 52 79 66 66 57 89 57 14 90 68 70 99 75 61 18 85 49 5 20 48 71 41 0 32 37 55 16 12 45 34 59 14 23 57 100000 0 35 84 22 25 89
8 38 12 54 72 42 27 18 34 20 83 46 86 19 32 21 53 39 48 22 29 85 68 14 48 26 19 68 1 74 59 72 55 1 69 40 91 86 51 10 25 28 70 71 42 32 44 62 19 21 44 74 88 56 48 71 73 77 100000 33 14 78 12 40 49 46 11 31 81 87 44 25 6 74 29 21 88 23 25 92 92 14 7 55 63 57 96 29 8 31 41 88 53 37 48 6 93 32 83 57 43 31 57 77 13 17 81 14 63 32 0 81 7 3 78 83 90 47 20 74 28 72 2 39 45 84 63 99
35 48 67 13 97 89 86 15 89 70 41 38 79 98 30 41 72 15 16 10 1 25 94 79 48 32 46 100 52 47 14 93 10 24 79 80 63 25 29 46 56 49 32 37 4 21 63 58 9 42 27 78 100 88 34 75 10 80 59 82 78 39 13 84 79 82 97 8 74 80 35 93 46 12 91 40 6 25 40 30 13 69 54 93 68 34 3 0 82 63 35 77 4 86 68 12 53 21 92 89 41 90 52 47 54 67 71 86 54 37 81 0 77 86 2 46 86 67 9 59 71 77 68 41 49 63 19 81
24 71 70 55 18 0 38 56 79 50 77 89 56 20 31 34 74 83 41 62 88 13 63 83 24 16 54 10 60 50 66 29 100 95 91 100 96 36 100 67 72 53 87 3 21 21 0 23 77 65 89 79 12 69 73 38 25 50 0 7 59 42 52 75 23 92 88 89 50 39 75 20 71 40 66 36 86 38 17 43 61 13 52 53 97 33 96 94 10 38 26 21 18 19 37 56 0 96 94 88 69 31 34 48 93 99 98 100000 34 55 7 77 0 24 5 67 86 83 94 26 63 5 73 85 11 12 38 5
96 5 74 18 3 9 69 9 20 95 25 94 36 73 48 26 53 49 18 33 67 7 98 98 81 21 92 45 88 96 65 31 68 84 60 24 27 70 60 65 11 37 2 17 59 3 42 42 67 100000 41 60 53 14 55 47 69 60 75 40 25 27 69 88 30 45 20 84 60 30 13 18 12 43 20 14 12 92 59 31 46 12 87 14 56 89 91 92 99 43 73 81 23 68 52 71 92 62 52 94 11 93 6 92 4 97 94 43 97 16 3 86 24 0 41 74 94 8 2 85 76 92 3 46 28 80 25 100
73 35 78 91 100 87 24 31 2 17 56 60 12 43 14 32 42 79 60 24 40 85 62 57 56 24 55 61 8 62 89 23 100 63 97 1 7 83 96 9 32 26 53 82 99 14 48 78 39 30 47 29 3 82 7 74 61 20 5 55 90 49 93 90 31 48 42 56 52 33 77 71 11 77 73 9 79 22 49 97 33 12 39 12 49 65 10 65 23 43 77 100 44 9 72 45 3 100 94 46 29 77 31 50 4 22 95 78 60 12 78 2 5 41 0 40 59 68 100000 64 11 30 77 35 20 99 92 78
72 16 95 54 36 85 94 34 80 17 49 13 10 33 32 69 96 85 36 38 96 16 42 86 9 90 67 5 21 76 87 94 23 73 64 8 35 86 52 92 93 64 2 84 8 37 57 8 21 61 80 51 59 8 42 96 15 81 91 28 78 5 55 28 90 93 28 46 22 7 42 47 26 13 81 9 43 50 93 30 49 61 39 49 67 28 100000 85 2 67 8 79 15 41 91 100 73 34 30 72 21 72 93 82 91 76 72 20 55 45 83 46 67 74 40 0 32 57 28 40 66 43 39 93 4 55 43 65
86 1 77 77 74 8 41 46 76 85 25 75 54 47 90 22 57 49 88 73 72 50 67 47 45 0 96 62 51 92 68 27 35 9 45 8 68 21 22 31 25 76 76 37 56 13 9 44 50 53 20 17 79 84 66 56 96 57 83 65 41 86 71 28 80 56 95 37 86 43 38 94 87 56 88 41 7 41 99 24 71 13 16 56 31 100000 22 1 96 46 63 52 85 8 9 7 82 51 43 87 91 0 58 58 78 77 1 11 64 34 90 86 86 94 59 32 0 55 20 44 81 77 69 84 29 74 14 99
73 38 39 6 51 25 74 23 30 82 28 80 98 86 97 39 100000 49 22 35 50 31 4 62 91 100000 94 34 18 88 41 82 12 37 97 45 98 46 63 1 68 35 2 88 67 65 43 65 49 89 11 57 29 16 41 34 65 96 82 29 77 1 72 99 26 32 48 45 11 85 8 98 100 47 22 49 60 16 1 45 49 77 25 84 2 27 30 41 1 77 38 28 43 90 29 81 91 80 43 54 26 91 21 60 16 40 46 55 35 59 47 67 83 8 68 57 55 0 39 46 0 100000 74 8 3 0 71 31
86 85 35 20 4 20 84 75 89 70 65 41 9 14 25 100 57 32 100000 97 75 47 19 16 61 36 1 87 85 77 46 18 19 51 64 44 45 62 77 1 15 14 50 34 92 96 80 9 58 72 39 9 30 11 88 22 98 5 8 77 44 81 33 34 6 20 45 60 84 19 8 100 88 99 85 28 61 78 23 91 58 94 87 89 0 83 82 70 23 39 23 95 73 81 45 43 23 8 69 14 73 97 60 27 42 70 45 69 58 14 20 9 94 2 100000 28 20 39 0 27 13 88 1 76 6 84 100000 63
35 12 25 71 13 53 39 67 28 74 82 67 11 34 95 78 52 23 20 82 4 16 66 74 52 33 45 92 98 63 64 94 64 97 97 68 46 4 90 82 51 60 10 4 62 47 68 70 63 31 94 62 38 81 18 58 72 77 2 18 57 22 48 36 10 13 75 25 96 55 73 44 30 58 24 60 65 47 98 31 18 49 48 43 35 82 95 94 81 87 17 25 40 79 79 59 89 78 45 97 69 43 36 70 82 89 18 69 62 23 74 59 26 85 64 40 44 46 27 0 12 28 57 41 34 12 73 49
22 7 77 23 72 42 93 92 43 8 87 83 23 15 31 15 35 100 40 10 100 72 78 77 3 63 70 37 30 92 12 82 30 45 26 93 92 87 29 77 3 90 24 86 67 88 92 81 100 42 19 31 21 84 99 96 97 99 30 12 22 50 59 81 24 7 49 20 33 0 59 79 13 17 54 35 70 39 61 51 28 78 31 12 88 36 91 6 8 89 36 5 79 56 32 61 70 15 87 45 60 18 33 75 66 24 75 82 58 57 28 71 63 76 11 66 81 0 13 12 0 66 78 60 87 32 47 26
92 11 32 42 7 57 41 100000 2 65 59 58 83 26 59 86 20 54 6 74 34 22 75 12 72 33 8 33 60 13 78 48 61 61 8 35 88 59 1 31 45 70 30 67 32 79 78 8 6 83 40 42 13 4 85 61 29 95 88 50 83 12 88 59 95 37 7 81 80 79 23 67 73 41 25 50 76 20 95 78 89 50 37 71 38 24 39 49 30 48 38 41 79 36 16 30 16 94 35 85 57 8 70 73 35 9 21 93 42 100000 72 77 5 92 30 43 77 100000 88 28 66 0 31 56 55 45 34 78
77 14 57 84 82 21 2 9 100 66 32 32 64 61 85 18 44 52 68 55 81 74 88 73 88 91 7 9 65 39 37 2 72 20 10 59 1 95 40 54 99 42 83 86 97 40 26 19 64 96 2 89 52 24 19 15 98 24 40 27 18 74 90 80 82 99 27 89 100000 70 37 32 64 78 7 75 7 57 57 85 94 29 19 11 50 72 100000 64 64 8 59 31 15 3 34 100000 18 2 92 69 56 94 94 83 24 35 54 68 73 0 2 68 73 3 77 39 69 74 1 57 78 31 0 99 54 99 21 23
61 66 24 71 100 42 28 37 92 49 38 42 82 10 19 50 25 7 66 79 33 76 50 100000 3 0 33 18 85 4 68 100000 89 42 12 27 35 30 92 95 68 86 82 11 67 48 57 59 16 20 61 74 55 38 68 100000 10 87 12 83 89 1 66 46 96 98 12 62 69 88 69 22 46 69 88 77 100000 63 18 0 61 88 5 72 58 59 71 65 67 51 68 69 55 82 56 79 100000 63 4 4 67 86 73 47 15 49 90 3 26 35 39 41 85 46 35 93 84 8 76 41 60 56 99 0 78 14 24 23
21 86 98 0 9 22 64 25 2 3 71 85 61 77 15 60 66 23 23 26 36 54 75 77 12 24 81 79 61 100000 73 53 59 64 12 84 42 81 1 96 98 33 68 5 100000 94 16 30 59 23 59 82 8 17 14 29 73 48 92 63 66 94 53 41 95 38 54 68 71 82 56 96 71 47 100 94 69 31 76 27 59 17 60 52 11 34 82 28 94 18 83 65 63 6 85 15 43 99 45 79 20 55 6 50 80 62 92 34 48 84 45 49 11 28 20 4 29 3 6 34 87 55 54 78 0 9 16 50
73 96 18 6 87 12 15 50 90 88 8 0 32 19 48 39 48 69 14 60 79 25 50 64 41 30 66 100000 2 95 39 96 30 30 51 58 100000 64 41 98 47 40 62 64 35 14 98 6 47 14 68 83 98 82 69 68 12 1 87 96 55 92 28 73 39 78 70 71 52 99 56 24 47 28 61 8 30 74 74 62 22 80 49 100000 79 59 3 90 61 22 58 90 17 95 93 34 5 24 37 17 51 54 97 10 31 19 11 52 31 22 84 63 12 80 99 55 74 0 84 12 32 45 99 14 9 0 20 12
65 24 68 94 4 19 80 77 70 27 21 71 99 24 18 98 69 98 70 5 34 56 86 85 31 52 69 91 39 46 48 92 52 34 86 46 65 50 66 56 69 20 61 83 99 7 92 90 54 16 23 7 7 22 64 4 100 88 59 36 48 75 41 93 86 93 35 51 61 82 11 48 10 22 33 35 58 85 71 28 0 25 20 71 57 51 29 37 63 0 22 8 70 19 93 68 78 77 79 92 97 74 58 41 77 43 60 78 80 25 63 19 38 25 92 43 14 71 100000 73 47 34 21 24 16 20 0 38
93 42 80 56 70 44 95 1 98 71 95 13 66 100000 64 59 27 30 49 34 9 89 39 36 19 4 13 37 26 47 51 75 48 67 47 49 21 14 10 24 2 16 100000 19 67 79 47 47 100000 25 82 38 38 54 47 20 8 33 74 23 89 6 55 48 83 1 54 21 9 28 26 91 39 71 30 50 92 42 84 73 15 8 72 77 6 21 1 55 39 2 64 16 24 78 57 100 100 8 0 95 74 39 42 64 44 37 23 2 1 89 99 81 5 100 78 65 99 31 63 49 26 78 23 23 50 12 38 0
