128
0 19 29 10 44 6 84 74 84 91 70 70 10 37 19 86 84 7 2 85 37 57 3 16 89 31 85 8 9 44 58 18 68 50 77 84 52 80 26 49 28 36 29 0 69 44 79 22 0 97 28 45 29 25 27 85 12 60 43 82 79 12 15 94 37 77 85 100 74 59 3 16 5 79 62 57 59 11 63 86 25 38 37 15 84 8 95 98 55 60 29 76 3 3 40 11 56 4 20 33 85 49 48 82 44 60 66 99 40 100 62 41 65 2 75 7 83 88 81 92 87 29 46 44 55 87 81 8
19 0 57 41 67 92 19 11 15 68 25 44 7 59 9 24 52 97 87 72 82 72 84 17 51 42 89 100 7 18 68 12 96 64 80 98 26 86 68 81 27 63 9 83 58 2 86 66 93 66 12 31 50 46 92 7 85 85 39 27 77 29 24 49 81 50 74 32 60 62 76 33 19 97 52 66 31 22 43 34 12 92 76 1 96 56 15 39 56 43 97 13 20 92 85 26 83 90 52 89 30 55 42 86 79 56 48 33 51 45 100000 45 74 88 25 60 31 79 31 14 69 61 20 77 72 67 89 95
29 57 0 51 80 57 60 87 46 50 84 58 100 69 60 61 54 68 51 91 96 97 82 1 0 66 90 21 92 48 50 53 53 93 68 66 28 91 41 52 93 74 38 28 37 20 90 98 71 94 76 71 38 42 10 0 61 9 62 10 64 66 7 100 97 89 49 3 9 70 82 44 76 2 79 70 83 95 24 69 74 39 26 16 24 73 67 95 85 57 87 74 16 79 22 92 51 91 41 93 15 53 59 12 10 94 83 45 40 58 38 98 69 82 2 70 24 43 54 40 87 65 18 88 48 71 72 65
10 41 51 0 59 45 54 26 45 59 17 76 75 47 16 7 8 87 64 85 69 55 0 51 77 62 3 30 80 100 26 90 16 22 85 5 37 61 48 61 30 91 69 98 68 17 9 0 65 20 31 75 43 53 80 73 15 50 65 85 61 88 94 3 23 13 19 65 15 71 42 78 14 70 28 95 1 13 80 4 51 38 1 65 22 16 76 23 22 94 89 60 96 46 95 31 99 11 15 50 3 62 80 89 36 10 39 87 85 71 100 49 14 23 89 9 16 75 93 89 20 22 56 4 36 4 20 54
44 67 80 59 0 6 100 67 48 21 5 34 29 38 24 40 46 70 32 78 9 28 46 10 84 67 14 2 69 18 53 58 76 80 85 67 74 18 5 69 89 13 8 1 77 88 54 15 17 23 2 45 14 24 36 32 21 64 76 54 86 12 35 19 41 0 40 25 51 63 85 61 78 74 36 100 78 50 37 92 6 8 13 45 100000 5 55 70 55 30 53 23 90 15 39 26 82 6 42 50 100000 43 3 6 75 73 56 74 2 54 72 8 96 83 77 100 59 21 67 37 8 63 22 45 61 26 63 64
6 92 57 45 6 0 33 100000 36 48 92 37 31 83 46 43 65 91 61 32 10 12 35 95 66 34 11 90 67 0 38 47 28 37 9 98 25 41 80 70 39 6 19 88 58 47 33 32 100000 94 24 48 58 31 69 80 30 53 75 22 24 18 17 80 88 9 13 48 18 95 67 5 94 31 21 59 90 100000 60 25 12 90 33 69 9 98 73 75 73 77 47 78 26 18 21 6 82 92 8 46 20 93 67 46 73 15 74 13 75 81 34 0 33 8 4 41 59 58 49 1 23 30 73 12 42 71 89 40
84 19 60 54 100 33 0 8 18 93 27 8 36 96 17 98 84 10 35 26 28 25 28 10 6 48 8 46 70 29 78 14 64 78 61 65 81 19 45 22 37 75 77 79 96 72 1 24 93 0 79 28 21 94 24 6 18 97 10 3 88 94 94 35 88 70 51 72 54 37 3 41 35 47 100 57 33 89 42 57 62 3 61 32 20 89 58 6 25 2 25 7 92 83 16 10 9 84 26 30 98 37 76 90 54 37 57 88 62 78 52 37 58 96 74 0 37 25 85 91 64 74 19 90 15 11 34 31
74 11 87 26 67 100000 8 0 34 2 13 12 19 92 98 74 50 80 48 31 42 100000 42 91 21 44 25 26 38 5 75 36 15 8 89 36 18 71 39 65 92 80 48 6 100000 44 17 84 89 50 100 41 98 23 5 84 94 76 62 41 15 100 42 1 14 67 63 33 70 93 54 3 36 72 86 74 90 62 21 50 78 56 55 20 53 49 6 20 29 8 20 44 21 17 0 81 4 0 74 15 81 17 12 0 18 63 72 97 13 66 78 24 77 31 84 42 35 70 22 33 57 100000 21 93 94 11 68 53
84 15 46 45 48 36 18 34 0 38 69 73 38 9 1 33 9 15 55 89 52 81 76 43 79 81 100 4 19 93 32 46 94 58 12 12 23 29 26 88 47 17 93 31 58 19 27 34 54 80 0 35 36 59 57 68 12 7 24 88 28 14 17 13 43 92 76 11 99 48 14 81 47 42 76 88 85 44 30 94 27 9 26 89 31 20 91 7 62 90 1 68 1 86 28 34 46 75 13 67 53 100000 77 57 12 20 96 57 43 0 8 67 2 34 56 4 24 15 100 33 5 70 5 42 95 41 59 12
91 68 50 59 21 48 93 2 38 0 100000 70 98 45 75 13 29 84 75 62 82 2 76 52 80 88 90 99 100 55 35 12 23 99 91 19 42 30 97 29 36 64 49 100000 23 7 50 97 33 100 87 28 52 86 80 10 58 55 14 8 71 79 34 44 54 62 91 29 100000 4 21 50 53 63 40 87 57 72 29 50 10 34 39 89 62 36 1 67 12 100 32 83 2 61 55 45 56 77 61 19 94 35 80 38 80 64 16 100000 25 50 1 71 19 65 48 81 48 45 72 98 6 11 82 3 80 36 16 64
70 25 84 17 5 92 27 13 69 100000 0 90 31 100 89 58 53 72 96 77 30 18 62 46 3 56 30 5 18 52 23 99 97 41 55 33 77 95 80 59 98 2 90 25 74 13 69 56 1 32 87 45 59 0 0 22 94 89 42 31 64 68 29 97 24 42 32 25 71 24 2 35 22 25 18 20 78 7 36 98 5 63 56 17 58 6 92 62 22 11 56 38 25 14 78 71 16 25 68 23 27 67 47 26 100 17 8 54 85 52 73 77 5 11 68 4 42 52 19 67 66 84 12 37 88 36 63 92
70 44 58 76 34 37 8 12 73 70 90 0 59 47 78 96 42 68 83 10 59 0 4 73 90 83 94 76 9 79 52 41 88 46 14 51 41 34 9 86 20 79 45 30 14 66 81 14 45 94 41 78 78 11 22 70 49 48 72 80 28 80 0 41 56 95 11 54 4 39 46 4 89 86 98 99 75 37 59 9 79 41 86 75 39 100000 17 54 17 46 69 29 79 91 23 26 100000 83 25 5 99 38 96 26 41 59 15 99 28 99 46 36 10 100 8 8 66 54 14 73 78 82 80 30 88 33 66 75
10 7 100 75 29 31 36 19 38 98 31 59 0 57 91 75 50 88 64 62 9 22 89 83 30 38 67 16 1 89 85 75 21 27 33 40 32 48 35 67 99 2 96 15 69 52 5 83 23 4 58 54 8 10 39 62 1 44 49 88 33 97 40 54 74 75 7 33 14 23 15 93 63 49 80 87 74 9 68 62 28 62 73 33 100000 91 43 51 93 14 1 58 69 92 14 64 83 56 35 63 29 56 61 28 58 3 35 78 16 78 81 15 60 77 24 36 39 93 53 73 81 77 4 10 20 13 87 65
37 59 69 47 38 83 96 92 9 45 100 47 57 0 31 83 67 4 7 55 45 39 32 59 6 8 100000 44 20 7 43 35 69 13 56 88 23 0 67 30 58 6 7 17 26 57 11 49 60 45 22 4 7 91 63 57 100 20 38 33 62 85 18 71 96 100000 100000 60 22 20 41 36 65 43 59 99 31 83 28 48 20 3 59 51 62 30 93 47 69 97 61 75 100 83 12 65 44 97 31 2 5 44 80 59 93 17 46 55 53 70 20 72 37 86 17 31 18 8 93 16 37 31 55 40 27 4 9 81
19 9 60 16 24 46 17 98 1 75 89 78 91 31 0 49 9 66 99 55 10 67 71 94 25 2 21 48 67 39 5 21 65 93 75 91 93 58 92 13 61 18 20 67 3 11 31 44 54 44 11 60 80 94 86 82 80 93 9 70 64 11 19 66 40 54 5 61 73 89 84 36 100 12 67 42 59 94 51 51 1 66 77 21 47 91 59 6 81 27 73 48 7 94 43 42 65 17 0 90 64 80 89 94 42 41 7 16 49 11 70 65 75 6 60 25 65 50 70 56 35 19 87 99 75 58 88 12
86 24 61 7 40 43 98 74 33 13 58 96 75 83 49 0 68 41 61 87 63 8 29 18 15 38 95 60 69 14 22 66 23 58 36 25 24 68 35 12 0 99 70 61 76 98 73 87 81 29 84 56 3 3 98 38 2 53 1 22 47 86 7 62 9 14 61 1 26 33 47 88 4 99 54 83 79 18 15 95 82 100000 25 33 99 16 51 4 46 3 45 50 44 90 18 44 94 66 54 12 32 86 98 55 95 18 95 12 19 7 31 83 33 1 47 23 64 34 44 3 54 59 89 67 63 99 44 26
84 52 54 8 46 65 84 50 9 29 53 42 50 67 9 68 0 63 95 79 4 93 61 69 89 20 18 19 43 85 99 5 4 56 62 98 31 38 25 57 76 35 45 84 4 60 57 3 66 8 48 81 62 87 32 36 39 19 36 33 38 39 0 45 84 45 51 73 57 31 94 50 50 27 36 60 91 87 35 24 47 9 74 9 9 86 69 61 30 51 100 71 47 37 71 80 34 74 80 56 67 82 98 19 32 28 70 54 8 13 31 74 29 51 16 25 26 100 23 13 100 54 41 40 22 78 34 44
7 97 68 87 70 91 10 80 15 84 72 68 88 4 66 41 63 0 11 65 83 97 8 30 50 17 85 59 74 46 31 61 39 56 5 46 56 80 54 13 19 69 71 60 52 17 16 66 95 96 49 36 20 57 23 33 25 4 92 90 64 7 25 14 25 20 54 57 37 13 89 73 52 72 75 6 21 3 80 71 0 79 11 81 41 7 94 7 30 69 2 23 80 16 64 68 51 15 32 88 24 12 5 74 23 68 72 79 21 6 23 56 22 71 28 55 33 56 96 44 38 14 100 37 78 17 48 78
2 87 51 64 32 61 35 48 55 75 96 83 64 7 99 61 95 11 0 75 17 28 38 71 15 9 68 25 39 52 35 8 11 85 95 8 47 96 6 4 65 47 43 56 91 0 94 27 89 76 4 26 96 11 71 94 17 72 12 57 52 15 12 77 95 74 40 42 85 10 23 45 7 18 9 90 20 23 53 37 78 67 88 22 10 41 43 83 41 6 82 47 9 84 94 1 86 70 85 69 29 23 4 81 91 83 30 89 96 14 98 15 9 93 23 5 6 71 57 51 15 86 49 45 97 70 27 91
85 72 91 85 78 32 26 31 89 62 77 10 62 55 55 87 79 65 75 0 56 32 0 95 33 79 50 66 4 75 10 76 22 35 52 26 35 94 23 13 79 39 88 69 69 84 45 49 23 24 1 92 30 66 28 73 28 95 37 8 100000 97 18 18 35 84 22 40 59 66 65 28 63 22 38 56 19 77 67 64 71 58 27 17 1 3 71 65 3 16 56 23 90 99 9 47 76 17 43 34 1 5 24 1 99 54 74 24 23 35 16 67 100 51 25 29 14 74 74 88 70 74 1 40 11 75 82 46
37 82 96 69 9 10 28 42 52 82 30 59 9 45 10 63 4 83 17 56 0 51 21 54 66 33 7 100 7 3 75 60 93 35 20 24 3 44 51 54 1 87 19 63 30 11 30 14 63 59 75 89 71 100 80 70 3 40 27 99 100 30 12 80 57 98 11 44 96 54 93 62 30 67 53 97 47 43 13 69 63 24 93 80 10 69 13 23 51 33 45 9 52 70 35 38 34 50 30 32 52 34 13 45 50 48 0 10 32 19 89 82 39 40 16 26 74 37 41 67 95 63 28 21 76 16 24 0
57 72 97 55 28 12 25 100000 81 2 18 0 22 39 67 8 93 97 28 32 51 0 81 33 31 15 100000 28 68 62 84 69 13 53 0 10 51 57 51 99 0 30 100 95 19 100000 88 91 93 13 46 3 70 51 86 100 50 92 80 50 20 20 70 91 21 15 2 3 27 61 18 51 47 62 77 75 43 18 35 87 6 84 55 51 23 8 82 72 95 66 78 96 90 3 98 47 26 57 69 27 74 5 36 87 40 12 55 75 57 33 39 85 92 42 65 74 38 17 35 94 96 21 6 41 100 94 63 9
3 84 82 0 46 35 28 42 76 76 62 4 89 32 71 29 61 8 38 0 21 81 0 62 43 72 29 28 53 70 54 73 34 21 64 85 52 58 41 80 80 89 29 80 49 38 72 51 84 69 86 53 64 68 12 18 51 47 16 62 45 6 54 50 83 11 40 63 1 46 61 20 74 87 88 32 53 99 81 81 49 84 31 78 41 39 62 44 47 86 32 76 86 28 86 48 30 11 8 99 100000 34 19 76 33 59 10 62 30 29 16 98 50 21 74 5 18 9 57 57 75 100000 59 43 99 86 53 30
16 17 1 51 10 95 10 91 43 52 46 73 83 59 94 18 69 30 71 95 54 33 62 0 30 61 33 76 100000 76 66 71 25 54 14 11 14 33 24 16 32 100000 84 85 39 50 97 98 31 5 18 65 79 73 40 25 42 21 15 12 88 40 17 47 6 24 94 7 82 62 34 84 39 38 80 76 1 90 51 98 25 22 15 77 32 13 91 61 2 11 77 85 67 8 17 28 31 94 1 11 74 85 55 62 65 67 82 54 17 93 13 36 20 83 19 8 93 10 82 98 11 33 9 7 24 26 79 36
89 51 0 77 84 66 6 21 79 80 3 90 30 6 25 15 89 50 15 33 66 31 43 30 0 40 98 51 98 27 4 2 96 75 45 100 91 17 41 6 31 68 90 7 84 20 57 2 53 90 26 89 51 86 5 52 21 20 72 99 90 36 22 51 28 62 70 46 44 46 14 11 9 72 10 87 0 48 64 98 47 60 53 3 51 92 6 48 45 42 99 3 26 90 53 6 66 15 69 42 43 68 56 82 32 28 17 90 93 44 18 70 9 33 41 97 30 46 77 28 48 25 28 55 66 36 47 95
31 42 66 62 67 34 48 44 81 88 56 83 38 8 2 38 20 17 9 79 33 15 72 61 40 0 3 0 15 59 20 73 70 57 90 23 46 17 69 52 4 37 57 33 96 100000 18 43 78 58 18 73 0 70 10 36 92 17 31 10 29 3 29 83 40 63 90 71 81 60 49 80 83 30 37 27 23 44 57 43 82 80 1 95 37 21 76 88 93 35 82 86 71 71 82 70 32 52 47 93 0 7 94 31 91 7 22 53 6 25 8 18 9 23 25 64 84 43 6 69 42 73 3 6 20 66 37 35
85 89 90 3 14 11 8 25 100 90 30 94 67 100000 21 95 18 85 68 50 7 100000 29 33 98 3 0 95 22 7 6 64 18 62 99 20 5 64 20 50 27 1 18 57 100000 38 98 30 99 50 64 67 74 89 60 74 66 38 74 56 49 92 25 44 31 31 84 43 93 96 1 92 7 74 55 53 87 40 53 81 14 82 11 59 4 30 100 11 0 53 23 18 2 36 26 95 19 82 76 42 86 50 91 13 45 25 2 8 63 80 42 100000 96 96 68 99 71 22 67 47 66 63 86 13 81 18 47 84
8 100 21 30 2 90 46 26 4 99 5 76 16 44 48 60 19 59 25 66 100 28 28 76 51 0 95 0 28 65 36 74 96 21 13 56 89 26 14 71 52 59 77 24 95 6 91 68 63 87 68 88 30 67 31 53 77 84 35 100 40 29 2 85 3 4 56 4 7 94 92 82 61 29 1 83 85 54 47 43 22 1 87 2 39 36 87 90 5 58 12 56 90 72 85 24 84 23 1 71 6 64 92 20 53 88 21 2 90 42 71 53 14 98 48 20 22 18 51 75 17 55 83 5 10 28 52 1
9 7 92 80 69 67 70 38 19 100 18 9 1 20 67 69 43 74 39 4 7 68 53 100000 98 15 22 28 0 14 56 56 90 3 16 50 100 84 30 63 47 67 38 86 55 46 28 95 13 28 9 18 6 0 25 21 1 90 66 26 8 6 85 32 80 33 44 33 57 20 8 62 34 87 100 91 6 48 76 40 27 15 100000 65 89 9 42 20 97 49 37 97 49 65 96 40 93 29 56 88 44 89 82 23 97 0 84 53 78 71 28 42 54 93 49 97 1 55 45 61 43 0 3 27 78 0 35 39
44 18 48 100 18 0 29 5 93 55 52 79 89 7 39 14 85 46 52 75 3 62 70 76 27 59 7 65 14 0 45 47 50 45 85 65 42 28 94 57 100000 53 29 63 51 22 100000 96 26 96 66 1 49 31 58 43 21 45 59 6 43 99 15 21 87 53 2 80 84 43 92 63 22 43 40 9 100000 91 75 42 73 94 46 20 81 94 20 30 1 60 97 67 32 86 54 42 21 50 9 12 89 57 29 16 79 83 90 12 86 4 67 95 67 11 50 35 52 10 75 51 56 24 97 54 67 26 56 0
58 68 50 26 53 38 78 75 32 35 23 52 85 43 5 22 99 31 35 10 75 84 54 66 4 20 6 36 56 45 0 18 100 43 22 0 91 36 71 72 16 99 90 95 14 94 14 88 89 17 54 90 90 84 67 64 93 4 80 12 18 92 43 2 86 63 4 99 52 59 34 37 38 28 98 26 74 57 17 65 74 85 0 10 91 2 81 88 56 94 33 5 55 92 20 83 11 62 7 68 39 95 8 90 4 14 16 66 23 87 19 89 19 6 58 81 82 32 62 63 41 20 42 77 40 12 7 93
18 12 53 90 58 47 14 36 46 12 99 41 75 35 21 66 5 61 8 76 60 69 73 71 2 73 64 74 56 47 18 0 77 81 6 70 41 78 62 49 63 10 4 10 17 39 46 43 95 59 63 11 56 100 41 96 9 2 0 91 79 69 85 98 16 100 95 22 67 49 99 72 42 62 54 78 7 84 71 92 50 68 76 88 70 72 12 54 8 93 82 41 47 28 37 52 94 80 6 65 97 58 45 48 12 4 56 96 35 39 11 6 14 36 69 86 50 90 36 85 39 32 58 5 45 56 5 41
68 96 53 16 76 28 64 15 94 23 97 88 21 69 65 23 4 39 11 22 93 13 34 25 96 70 18 96 90 50 100 77 0 14 95 45 74 9 34 16 30 39 36 20 60 66 33 90 33 90 33 71 70 90 44 73 60 71 48 90 7 27 35 92 84 41 52 78 56 0 67 78 73 80 76 84 9 91 98 76 99 37 15 100000 97 25 75 32 88 19 92 26 53 67 73 57 44 3 61 64 80 51 34 31 76 48 76 85 41 23 3 84 74 100 100 94 85 65 3 51 51 21 79 100000 15 37 22 25
50 64 93 22 80 37 78 8 58 99 41 46 27 13 93 58 56 56 85 35 35 53 21 54 75 57 62 21 3 45 43 81 14 0 73 93 75 43 55 100 80 38 80 24 9 17 67 3 2 37 84 58 45 15 9 39 75 88 48 90 70 33 91 91 17 95 91 40 33 90 90 98 2 98 6 41 60 66 32 73 48 27 57 87 53 52 94 72 62 18 100 51 51 27 53 4 61 98 61 16 58 92 99 54 91 55 45 94 8 34 86 6 57 7 89 57 71 33 26 53 87 64 16 43 82 64 76 41
77 80 68 85 85 9 61 89 12 91 55 14 33 56 75 36 62 5 95 52 20 0 64 14 45 90 99 13 16 85 22 6 95 73 0 56 38 76 82 15 76 99 48 94 32 59 6 14 60 98 46 88 13 92 58 1 100000 52 92 17 83 12 23 4 0 30 52 8 57 51 61 10 41 20 9 100 82 72 21 86 87 54 32 4 89 13 100000 60 76 58 48 55 14 80 15 82 100000 38 85 18 6 95 71 99 34 10 91 64 52 84 76 41 7 25 36 53 6 87 35 43 13 2 64 34 79 22 95 41
84 98 66 5 67 98 65 36 12 19 33 51 40 88 91 25 98 46 8 26 24 10 85 11 100 23 20 56 50 65 0 70 45 93 56 0 8 47 45 54 2 78 13 1 23 27 94 48 13 47 65 98 7 49 34 13 34 12 3 57 81 98 46 48 85 28 32 25 19 38 82 48 35 71 78 59 31 87 47 86 94 20 64 72 18 29 26 74 81 20 4 14 40 28 49 100000 24 36 38 32 67 84 1 91 58 95 7 47 20 55 47 65 32 15 100 96 55 41 39 91 66 80 82 0 62 74 91 71
52 26 28 37 74 25 81 18 23 42 77 41 32 23 93 24 31 56 47 35 3 51 52 14 91 46 5 89 100 42 91 41 74 75 38 8 0 49 21 50 47 67 65 15 6 40 100 58 80 35 60 74 84 24 33 44 73 19 88 13 22 70 48 73 94 95 100000 82 60 4 82 76 10 94 77 46 74 25 64 89 17 62 74 4 46 73 42 48 49 7 94 60 26 75 16 32 25 13 71 85 42 57 34 11 11 94 29 87 25 47 53 3 43 21 27 95 32 36 52 21 67 81 56 84 76 67 62 0
80 86 91 61 18 41 19 71 29 30 95 34 48 0 58 68 38 80 96 94 44 57 58 33 17 17 64 26 84 28 36 78 9 43 76 47 49 0 82 90 46 42 72 44 8 70 58 89 60 56 24 9 66 44 88 40 0 87 62 27 53 44 6 0 47 98 83 74 100000 86 96 72 19 56 63 80 3 92 27 28 39 14 81 30 17 22 33 16 45 9 88 55 38 57 17 47 27 28 86 58 65 86 71 34 66 42 19 85 74 1 93 54 76 62 76 16 93 48 2 20 7 64 83 12 18 91 2 39
26 68 41 48 5 80 45 39 26 97 80 9 35 67 92 35 25 54 6 23 51 51 41 24 41 69 20 14 30 94 71 62 34 55 82 45 21 82 0 100000 43 4 49 81 67 96 31 25 31 61 88 88 55 32 76 60 75 99 70 42 46 56 73 3 34 23 0 32 44 24 58 2 76 14 78 75 10 43 91 94 36 15 19 28 87 89 25 76 10 18 36 43 4 87 69 85 10 98 81 82 84 66 18 65 40 40 11 16 66 21 52 63 18 76 51 3 14 64 68 90 76 16 56 62 97 13 22 93
49 81 52 61 69 70 22 65 88 29 59 86 67 30 13 12 57 13 4 13 54 99 80 16 6 52 50 71 63 57 72 49 16 100 15 54 50 90 100000 0 84 57 81 71 9 16 43 22 57 100000 29 94 98 73 37 62 20 61 32 48 20 38 97 72 48 47 5 48 63 13 14 76 79 65 85 21 12 39 70 88 100 70 75 18 33 59 44 56 21 34 44 71 8 73 76 48 55 6 33 90 67 49 13 39 7 34 14 37 52 66 44 97 5 0 99 54 1 28 22 26 17 30 65 83 100000 95 30 12
28 27 93 30 89 39 37 92 47 36 98 20 99 58 61 0 76 19 65 79 1 0 80 32 31 4 27 52 47 100000 16 63 30 80 76 2 47 46 43 84 0 94 30 97 77 44 22 54 39 33 96 83 86 36 36 91 87 56 40 64 85 98 4 21 91 34 5 90 100000 95 26 48 89 71 4 24 3 37 21 61 46 67 63 16 100 96 56 42 12 35 41 12 62 44 46 19 44 49 32 33 60 60 0 88 78 14 30 56 17 21 18 57 87 28 81 24 74 100 94 85 20 2 92 45 58 88 73 59
36 63 74 91 13 6 75 80 17 64 2 79 2 6 18 99 35 69 47 39 87 30 89 100000 68 37 1 59 67 53 99 10 39 38 99 78 67 42 4 57 94 0 96 10 15 14 68 55 47 100 67 16 6 85 40 38 6 12 58 30 73 26 95 18 19 4 75 52 19 42 83 21 10 43 52 47 100 65 81 24 1 100000 39 55 93 62 73 91 56 19 28 68 60 68 25 91 72 65 70 61 36 50 2 98 31 0 81 41 0 91 4 100000 6 11 85 66 99 94 9 40 94 66 16 7 84 87 94 10
29 9 38 69 8 19 77 48 93 49 90 45 96 7 20 70 45 71 43 88 19 100 29 84 90 57 18 77 38 29 90 4 36 80 48 13 65 72 49 81 30 96 0 20 72 65 41 4 46 78 5 47 82 85 91 58 86 98 76 61 40 35 2 34 58 61 39 59 75 29 90 37 52 18 59 87 31 93 29 60 25 61 25 66 40 74 33 63 69 37 37 39 34 27 78 62 55 43 14 100000 98 40 4 100 76 47 23 33 47 97 15 11 99 3 29 3 68 91 93 75 57 92 16 62 29 35 53 37
0 83 28 98 1 88 79 6 31 100000 25 30 15 17 67 61 84 60 56 69 63 95 80 85 7 33 57 24 86 63 95 10 20 24 94 1 15 44 81 71 97 10 20 0 77 39 13 67 83 97 84 50 42 25 32 76 29 34 71 12 66 14 82 54 72 44 26 15 20 7 39 62 52 45 17 43 22 6 59 36 62 93 14 39 54 97 55 88 59 2 26 73 68 4 54 30 28 26 17 87 9 86 5 100 95 22 21 39 64 57 1 77 3 94 100 55 6 54 85 77 22 43 52 12 13 93 93 89
69 58 37 68 77 58 96 100000 58 23 74 14 69 26 3 76 4 52 91 69 30 19 49 39 84 96 100000 95 55 51 14 17 60 9 32 23 6 8 67 9 77 15 72 77 0 57 20 67 24 54 97 100 91 66 77 45 35 44 9 41 44 90 78 26 0 67 69 97 62 56 90 23 32 33 77 51 53 35 34 21 60 98 29 30 40 60 86 43 53 47 38 12 86 6 36 32 2 10 75 74 3 23 95 62 53 39 64 96 39 45 21 43 32 99 0 82 41 64 73 74 15 2 100000 27 85 37 15 11
44 2 20 17 88 47 72 44 19 7 13 66 52 57 11 98 60 17 0 84 11 100000 38 50 20 100000 38 6 46 22 94 39 66 17 59 27 40 70 96 16 44 14 65 39 57 0 99 0 34 54 67 81 9 60 42 67 97 64 29 0 27 55 38 54 64 88 75 15 88 61 25 35 62 54 10 49 68 66 69 9 26 28 24 7 19 87 40 55 40 76 68 11 77 93 62 60 26 9 82 81 41 19 87 90 56 8 45 62 79 75 87 29 26 85 21 17 46 87 34 10 2 30 90 58 94 61 33 79
79 86 90 9 54 33 1 17 27 50 69 81 5 11 31 73 57 16 94 45 30 88 72 97 57 18 98 91 28 100000 14 46 33 67 6 94 100 58 31 43 22 68 41 13 20 99 0 92 78 50 60 91 28 22 100000 98 54 97 54 27 25 71 26 19 82 100 56 98 78 55 73 27 61 43 36 24 31 18 63 29 81 83 68 92 76 66 1 54 52 9 10 83 93 80 84 20 99 39 12 7 97 1 71 66 60 86 69 1 28 0 4 20 57 97 3 28 28 78 94 37 29 60 60 63 22 16 75 32
22 66 98 0 15 32 24 84 34 97 56 14 83 49 44 87 3 66 27 49 14 91 51 98 2 43 30 68 95 96 88 43 90 3 14 48 58 89 25 22 54 55 4 67 67 0 92 0 68 84 80 27 94 27 6 50 82 12 48 78 31 41 56 96 76 63 67 84 47 80 47 94 16 9 4 31 21 18 25 13 0 42 25 51 43 24 38 25 10 27 27 22 56 73 17 77 34 79 36 10 92 11 14 62 15 66 100000 94 17 54 66 28 85 54 28 75 63 16 2 61 40 62 99 99 96 93 69 50
0 93 71 65 17 100000 93 89 54 33 1 45 23 60 54 81 66 95 89 23 63 93 84 31 53 78 99 63 13 26 89 95 33 2 60 13 80 60 31 57 39 47 46 83 24 34 78 68 0 1 2 74 77 55 52 75 96 33 83 33 45 24 46 7 35 72 28 100000 98 23 56 65 0 14 13 85 70 57 72 56 16 62 15 30 41 2 42 69 53 49 21 13 55 2 33 31 48 55 36 49 56 3 14 98 59 28 34 9 0 84 27 64 15 42 36 42 98 50 46 99 32 77 71 67 9 81 32 87
97 66 94 20 23 94 0 50 80 100 32 94 4 45 44 29 8 96 76 24 59 13 69 5 90 58 50 87 28 96 17 59 90 37 98 47 35 56 61 100000 33 100 78 97 54 54 50 84 1 0 65 21 47 82 87 42 72 83 6 5 84 90 59 22 14 88 83 3 37 40 39 97 100000 99 49 29 67 41 20 56 65 83 50 74 2 79 34 95 70 75 83 74 85 30 22 97 42 100 12 14 77 80 10 28 28 84 56 39 23 45 55 61 96 83 63 71 22 61 32 47 98 58 11 99 97 81 0 95
28 12 76 31 2 24 79 100 0 87 87 41 58 22 11 84 48 49 4 1 75 46 86 18 26 18 64 68 9 66 54 63 33 84 46 65 60 24 88 29 96 67 5 84 97 67 60 80 2 65 0 70 28 15 25 48 68 82 71 67 16 17 80 69 18 87 67 75 87 72 31 92 60 82 34 24 52 68 14 84 12 24 23 38 80 50 60 39 87 5 6 98 11 6 1 49 50 33 79 9 63 79 69 73 62 31 32 45 55 2 68 10 60 11 37 76 23 72 70 79 43 77 37 32 76 73 59 21
45 31 71 75 45 48 28 41 35 28 45 78 54 4 60 56 81 36 26 92 89 3 53 65 89 73 67 88 18 1 90 11 71 58 88 98 74 9 88 94 83 16 47 50 100 81 91 27 74 21 70 0 69 32 29 7 54 32 72 61 95 28 69 94 16 23 8 8 87 100 25 60 67 2 29 75 63 1 72 54 87 25 53 83 2 55 54 45 43 87 56 20 11 3 11 47 22 67 80 72 73 29 79 37 10 8 88 12 36 30 3 5 21 88 17 25 50 5 74 93 68 33 47 46 74 26 20 21
29 50 38 43 14 58 21 98 36 52 59 78 8 7 80 3 62 20 96 30 71 70 64 79 51 0 74 30 6 49 90 56 70 45 13 7 84 66 55 98 86 6 82 42 91 9 28 94 77 47 28 69 0 95 71 19 94 68 41 78 89 73 16 43 11 56 100000 30 74 0 23 14 43 34 10 76 94 24 35 100 62 23 69 20 6 53 30 5 32 25 43 55 77 89 65 95 94 2 91 42 21 50 63 78 96 56 73 44 94 34 5 31 39 57 97 58 32 89 76 10 100 88 51 61 8 81 80 13
25 46 42 53 24 31 94 23 59 86 0 11 10 91 94 3 87 57 11 66 100 51 68 73 86 70 89 67 0 31 84 100 90 15 92 49 24 44 32 73 36 85 85 25 66 60 22 27 55 82 15 32 95 0 86 70 82 46 41 76 70 7 96 71 1 40 52 98 26 10 59 61 37 35 32 76 69 98 73 4 41 60 83 69 17 85 34 95 62 0 37 42 37 50 28 59 88 72 10 37 64 85 67 34 56 47 75 76 64 85 69 40 49 63 37 2 92 19 36 4 3 86 7 86 47 31 45 15
27 92 10 80 36 69 24 5 57 80 0 22 39 63 86 98 32 23 71 28 80 86 12 40 5 10 60 31 25 58 67 41 44 9 58 34 33 88 76 37 36 40 91 32 77 42 100000 6 52 87 25 29 71 86 0 47 3 60 98 49 37 16 96 53 97 62 75 37 39 90 68 69 34 58 45 35 73 83 85 99 92 96 47 7 42 70 34 96 58 63 45 47 11 49 66 59 59 83 93 81 53 6 40 55 84 92 57 94 51 2 84 53 97 51 70 39 43 85 72 88 68 59 66 60 64 54 8 38
85 7 0 73 32 80 6 84 68 10 22 70 62 57 82 38 36 33 94 73 70 100 18 25 52 36 74 53 21 43 64 96 73 39 1 13 44 40 60 62 91 38 58 76 45 67 98 50 75 42 48 7 19 70 47 0 33 46 15 82 14 15 70 63 24 41 37 37 62 39 96 20 24 91 46 92 99 32 7 69 47 97 72 76 66 92 100000 20 25 82 35 94 13 47 3 61 30 41 54 42 70 44 17 80 63 58 11 55 55 49 0 49 23 61 33 89 25 70 48 47 6 71 51 17 35 31 39 41
12 85 61 15 21 30 18 94 12 58 94 49 1 100 80 2 39 25 17 28 3 50 51 42 21 92 66 77 1 21 93 9 60 75 100000 34 73 0 75 20 87 6 86 29 35 97 54 82 96 72 68 54 94 82 3 33 0 4 66 35 87 77 52 7 41 19 91 69 41 69 95 35 86 9 63 4 25 52 50 31 40 69 3 33 2 55 91 77 38 52 44 61 91 66 84 33 55 45 96 18 11 60 38 0 24 25 15 89 50 79 65 78 87 19 22 12 18 86 98 16 34 24 19 1 82 76 76 52
60 85 9 50 64 53 97 76 7 55 89 48 44 20 93 53 19 4 72 95 40 92 47 21 20 17 38 84 90 45 4 2 71 88 52 12 19 87 99 61 56 12 98 34 44 64 97 12 33 83 82 32 68 46 60 46 4 0 68 92 96 80 75 15 86 37 75 12 8 23 68 51 3 34 50 98 96 27 6 62 52 37 2 10 62 23 37 14 79 61 73 62 27 36 79 12 53 23 75 66 80 24 100 43 83 83 9 38 65 71 88 37 1 71 100000 13 9 44 78 100000 99 34 94 9 49 59 53 34
43 39 62 65 76 75 10 62 24 14 42 72 49 38 9 1 36 92 12 37 27 80 16 15 72 31 74 35 66 59 80 0 48 48 92 3 88 62 70 32 40 58 76 71 9 29 54 48 83 6 71 72 41 41 98 15 66 68 0 36 96 95 18 55 80 46 82 17 7 80 51 42 21 7 46 26 78 62 33 58 46 50 78 36 27 69 62 43 20 11 95 96 10 25 60 79 3 45 11 46 39 89 46 93 90 51 15 65 64 64 74 97 42 84 62 50 51 82 66 18 53 88 76 56 95 71 78 33
82 27 10 85 54 22 3 41 88 8 31 80 88 33 70 22 33 90 57 8 99 50 62 12 99 10 56 100 26 6 12 91 90 90 17 57 13 27 42 48 64 30 61 12 41 0 27 78 33 5 67 61 78 76 49 82 35 92 36 0 0 36 14 82 35 98 24 69 53 20 92 57 76 100 91 61 92 59 8 29 92 66 91 40 83 10 66 6 45 88 36 55 66 41 44 30 24 6 93 19 5 41 54 45 31 15 19 20 52 2 8 84 34 73 77 38 44 43 80 14 23 22 78 77 72 86 35 49
79 77 64 61 86 24 88 15 28 71 64 28 33 62 64 47 38 64 52 100000 100 20 45 88 90 29 49 40 8 43 18 79 7 70 83 81 22 53 46 20 85 73 40 66 44 27 25 31 45 84 16 95 89 70 37 14 87 96 96 0 0 9 12 35 66 10 99 20 20 77 87 97 77 9 35 96 47 41 89 100 19 94 0 14 31 21 95 29 37 48 42 90 41 16 30 64 78 7 55 47 100 8 48 45 90 96 90 88 17 85 21 59 66 69 21 11 67 66 3 31 39 60 47 49 33 11 22 82
12 29 66 88 12 18 94 100 14 79 68 80 97 85 11 86 39 7 15 97 30 20 6 40 36 3 92 29 6 99 92 69 27 33 12 98 70 44 56 38 98 26 35 14 90 55 71 41 24 90 17 28 73 7 16 15 77 80 95 36 9 0 33 14 32 46 27 73 41 98 73 18 66 62 94 22 93 32 78 4 95 96 41 83 32 5 39 96 48 17 89 33 17 74 42 32 7 39 74 50 47 10 72 21 63 85 26 20 28 90 95 41 81 77 63 98 29 43 81 65 27 16 31 68 42 11 26 74
15 24 7 94 35 17 94 42 17 34 29 0 40 18 19 7 0 25 12 18 12 70 54 17 22 29 25 2 85 15 43 85 35 91 23 46 48 6 73 97 4 95 2 82 78 38 26 56 46 59 80 69 16 96 96 70 52 75 18 14 12 33 0 86 15 68 35 23 88 68 82 73 83 75 65 68 76 87 90 75 0 6 89 35 91 78 50 85 72 61 66 58 100 14 44 6 67 52 30 61 0 49 66 51 99 91 21 77 6 36 71 75 0 29 71 98 7 51 81 90 88 12 38 59 22 21 82 75
94 49 100 3 19 80 35 1 13 44 97 41 54 71 66 62 45 14 77 18 80 91 50 47 51 83 44 85 32 21 2 98 92 91 4 48 73 0 3 72 21 18 34 54 26 54 19 96 7 22 69 94 43 71 53 63 7 15 55 82 35 14 86 0 16 0 20 77 66 30 10 12 64 6 3 51 95 59 35 45 11 75 10 83 96 27 38 10 72 92 87 36 11 100000 68 100 46 48 5 92 79 0 5 100000 38 44 89 47 70 15 61 29 86 64 58 22 75 62 45 78 69 51 2 30 8 59 10 57
37 81 97 23 41 88 88 14 43 54 24 56 74 96 40 9 84 25 95 35 57 21 83 6 28 40 31 3 80 87 86 16 84 17 0 85 94 47 34 48 91 19 58 72 0 64 82 76 35 14 18 16 11 1 97 24 41 86 80 35 66 32 15 16 0 44 52 85 33 10 33 56 70 23 15 55 94 25 34 63 65 82 94 57 92 2 69 86 92 0 93 37 96 9 21 86 18 71 54 39 59 20 79 1 35 61 89 50 95 5 25 60 34 32 71 43 89 100 58 5 82 85 54 67 18 49 7 13
77 50 89 13 0 9 70 67 92 62 42 95 75 100000 54 14 45 20 74 84 98 15 11 24 62 63 31 4 33 53 63 100 41 95 30 28 95 98 23 47 34 4 61 44 67 88 100 63 72 88 87 23 56 40 62 41 19 37 46 98 10 46 68 0 44 0 32 63 41 77 72 80 30 100000 13 4 35 17 59 47 68 74 57 53 73 43 85 55 0 85 71 57 19 29 70 39 91 47 9 44 41 44 76 98 27 32 5 27 37 48 39 40 64 15 11 23 6 12 59 88 85 73 20 45 75 74 15 23
85 74 49 19 40 13 51 63 76 91 32 11 7 100000 5 61 51 54 40 22 11 2 40 94 70 90 84 56 44 2 4 95 52 91 52 32 100000 83 0 5 5 75 39 26 69 75 56 67 28 83 67 8 100000 52 75 37 91 75 82 24 99 27 35 20 52 32 0 40 67 78 38 56 38 7 51 0 4 17 49 65 50 15 11 78 65 3 1 37 47 43 5 14 12 18 11 92 42 25 100000 67 31 42 4 26 100 57 77 49 86 64 88 71 52 27 100000 14 59 90 64 58 41 51 100 60 74 4 55 20
100 32 3 65 25 48 72 33 11 29 25 54 33 60 61 1 73 57 42 40 44 3 63 7 46 71 43 4 33 80 99 22 78 40 8 25 82 74 32 48 90 52 59 15 97 15 98 84 100000 3 75 8 30 98 37 37 69 12 17 69 20 73 23 77 85 63 40 0 44 95 8 100000 17 63 7 24 60 12 86 4 26 90 2 93 76 43 72 88 27 84 47 66 14 11 52 55 78 64 76 22 40 9 39 77 27 87 74 46 23 26 95 3 20 13 99 97 53 97 69 1 83 4 31 38 100 64 88 0
74 60 9 15 51 18 54 70 99 100000 71 4 14 22 73 26 57 37 85 59 96 27 1 82 44 81 93 7 57 84 52 67 56 33 57 19 60 100000 44 63 100000 19 75 20 62 88 78 47 98 37 87 87 74 26 39 62 41 8 7 53 20 41 88 66 33 41 67 44 0 96 22 59 98 3 5 88 32 83 90 84 77 23 44 18 55 100 36 9 74 46 76 86 94 32 6 76 74 13 2 6 46 19 41 84 72 81 50 76 95 33 78 63 69 54 2 58 94 69 80 98 10 24 72 70 87 49 19 26
59 62 70 71 63 95 37 93 48 4 24 39 23 20 89 33 31 13 10 66 54 61 46 62 46 60 96 94 20 43 59 49 0 90 51 38 4 86 24 13 95 42 29 7 56 61 55 80 23 40 72 100 0 10 90 39 69 23 80 20 77 98 68 30 10 77 78 95 96 0 34 10 13 97 17 11 2 6 60 35 71 9 34 9 96 100 19 38 35 10 87 5 8 48 42 17 81 57 97 82 56 16 10 94 89 87 66 18 7 63 3 39 69 60 87 31 13 64 13 41 87 46 90 51 15 70 25 68
3 76 82 42 85 67 3 54 14 21 2 46 15 41 84 47 94 89 23 65 93 18 61 34 14 49 1 92 8 92 34 99 67 90 61 82 82 96 58 14 26 83 90 39 90 25 73 47 56 39 31 25 23 59 68 96 95 68 51 92 87 73 82 10 33 72 38 8 22 34 0 18 100 94 53 36 47 45 74 48 100 64 100 29 31 49 13 67 23 79 61 21 61 9 48 4 81 22 94 4 81 13 69 46 89 81 40 75 60 71 100000 42 70 31 1 51 72 27 99 13 32 87 9 61 26 61 76 38
16 33 44 78 61 5 41 3 81 50 35 4 93 36 36 88 50 73 45 28 62 51 20 84 11 80 92 82 62 63 37 72 78 98 10 48 76 72 2 76 48 21 37 62 23 35 27 94 65 97 92 60 14 61 69 20 35 51 42 57 97 18 73 12 56 80 56 100000 59 10 18 0 85 4 17 82 77 37 75 78 47 2 70 80 58 84 38 19 73 47 90 75 43 69 15 9 79 46 48 98 95 100 58 98 24 82 97 66 66 30 11 23 90 51 89 5 79 37 5 19 85 1 45 26 100 100 10 50
5 19 76 14 78 94 35 36 47 53 22 89 63 65 100 4 50 52 7 63 30 47 74 39 9 83 7 61 34 22 38 42 73 2 41 35 10 19 76 79 89 10 52 52 32 62 61 16 0 100000 60 67 43 37 34 24 86 3 21 76 77 66 83 64 70 30 38 17 98 13 100 85 0 43 15 79 66 43 80 6 9 76 15 35 28 65 41 16 62 6 45 49 10 43 100 84 98 80 22 21 72 4 69 93 80 50 85 34 32 1 14 46 67 25 82 18 7 35 13 40 58 65 98 66 98 76 33 36
79 97 2 70 74 31 47 72 42 63 25 86 49 43 12 99 27 72 18 22 67 62 87 38 72 30 74 29 87 43 28 62 80 98 20 71 94 56 14 65 71 43 18 45 33 54 43 9 14 99 82 2 34 35 58 91 9 34 7 100 9 62 75 6 23 100000 7 63 3 97 94 4 43 0 33 72 87 4 21 44 44 98 100000 5 83 7 39 18 48 85 82 37 72 15 75 58 18 64 42 7 14 90 20 9 14 85 22 43 35 6 51 30 96 71 70 11 30 63 44 53 63 29 88 6 20 20 39 48
62 52 79 28 36 21 100 86 76 40 18 98 80 59 67 54 36 75 9 38 53 77 88 80 10 37 55 1 100 40 98 54 76 6 9 78 77 63 78 85 4 52 59 17 77 10 36 4 13 49 34 29 10 32 45 46 63 50 46 91 35 94 65 3 15 13 51 7 5 17 53 17 15 33 0 37 74 90 84 30 34 44 92 66 42 55 88 33 55 63 80 95 60 24 46 41 87 62 28 6 79 96 12 68 86 66 71 88 19 90 32 10 56 38 76 57 75 69 53 60 100000 9 79 98 81 93 47 29
57 66 70 95 100 59 57 74 88 87 20 99 87 99 42 83 60 6 90 56 97 75 32 76 87 27 53 83 91 9 26 78 84 41 100 59 46 80 75 21 24 47 87 43 51 49 24 31 85 29 24 75 76 76 35 92 4 98 26 61 96 22 68 51 55 4 0 24 88 11 36 82 79 72 37 0 26 60 27 71 71 65 54 89 89 97 81 43 46 42 4 72 98 17 74 49 86 54 75 16 38 32 69 32 1 69 44 22 76 52 84 44 44 18 39 37 62 32 83 98 19 53 42 73 48 92 36 100
59 31 83 1 78 90 33 90 85 57 78 75 74 31 59 79 91 21 20 19 47 43 53 1 0 23 87 85 6 100000 74 7 9 60 82 31 74 3 10 12 3 100 31 22 53 68 31 21 70 67 52 63 94 69 73 99 25 96 78 92 47 93 76 95 94 35 4 60 32 2 47 77 66 87 74 26 0 46 68 6 79 4 94 90 94 36 90 96 17 96 25 20 49 38 71 5 46 43 27 99 84 66 76 10 19 22 60 2 42 41 99 90 47 55 27 95 97 36 76 3 60 77 22 44 14 65 40 69
11 22 95 13 50 100000 89 62 44 72 7 37 9 83 94 18 87 3 23 77 43 18 99 90 48 44 40 54 48 91 57 84 91 66 72 87 25 92 43 39 37 65 93 6 35 66 18 18 57 41 68 1 24 98 83 32 52 27 62 59 41 32 87 59 25 17 17 12 83 6 45 37 43 4 90 60 46 0 63 13 36 6 100 7 55 62 32 85 26 6 66 48 0 19 73 12 55 77 42 24 9 88 98 73 0 63 66 75 100 23 25 68 60 82 53 63 31 59 95 54 50 50 94 20 10 98 45 73
63 43 24 80 37 60 42 21 30 29 36 59 68 28 51 15 35 80 53 67 13 35 81 51 64 57 53 47 76 75 17 71 98 32 21 47 64 27 91 70 21 81 29 59 34 69 63 25 72 20 14 72 35 73 85 7 50 6 33 8 89 78 90 35 34 59 49 86 90 60 74 75 80 21 84 27 68 63 0 4 30 59 28 72 85 85 36 67 35 61 85 91 35 90 84 83 27 5 8 12 35 33 73 59 79 37 76 14 28 88 51 3 64 65 92 89 5 78 100 49 46 73 65 52 21 12 4 23
86 34 69 4 92 25 57 50 94 50 98 9 62 48 51 95 24 71 37 64 69 87 81 98 98 43 81 43 40 42 65 92 76 73 86 86 89 28 94 88 61 24 60 36 21 9 29 13 56 56 84 54 100 4 99 69 31 62 58 29 100 4 75 45 63 47 65 4 84 35 48 78 6 44 30 71 6 13 4 0 25 54 12 80 42 53 72 69 51 85 35 7 70 55 68 79 4 94 38 70 82 55 50 88 4 74 46 33 76 96 44 51 41 18 63 43 12 56 33 52 80 12 8 82 24 87 11 54
25 12 74 51 6 12 62 78 27 10 5 79 28 20 1 82 47 0 78 71 63 6 49 25 47 82 14 22 27 73 74 50 99 48 87 94 17 39 36 100 46 1 25 62 60 26 81 0 16 65 12 87 62 41 92 47 40 52 46 92 19 95 0 11 65 68 50 26 77 71 100 47 9 44 34 71 79 36 30 25 0 54 24 87 98 78 16 77 40 24 55 34 41 27 93 98 24 90 78 7 17 51 17 35 12 49 43 23 86 6 20 54 95 94 37 81 93 9 32 62 66 74 43 56 21 14 79 94
38 92 39 38 8 90 3 56 9 34 63 41 62 3 66 100000 9 79 67 58 24 84 84 22 60 80 82 1 15 94 85 68 37 27 54 20 62 14 15 70 67 100000 61 93 98 28 83 42 62 83 24 25 23 60 96 97 69 37 50 66 94 96 6 75 82 74 15 90 23 9 64 2 76 98 44 65 4 6 59 54 54 0 21 98 35 97 88 21 85 11 19 75 91 55 54 67 55 84 49 46 98 15 90 100 69 11 29 10 75 35 11 89 95 11 90 71 62 73 58 76 67 42 54 57 19 11 28 91
37 76 26 1 13 33 61 55 26 39 56 86 73 59 77 25 74 11 88 27 93 55 31 15 53 1 11 87 100000 46 0 76 15 57 32 64 74 81 19 75 63 39 25 14 29 24 68 25 15 50 23 53 69 83 47 72 3 2 78 91 0 41 89 10 94 57 11 2 44 34 100 70 15 100000 92 54 94 100 28 12 24 21 0 46 33 73 60 76 29 2 48 81 2 100000 54 38 43 61 95 13 78 58 58 96 87 69 45 5 97 91 61 69 67 51 72 100 45 17 33 80 4 95 40 76 11 60 15 18
15 1 16 65 45 69 32 20 89 89 17 75 33 51 21 33 9 81 22 17 80 51 78 77 3 95 59 2 65 20 10 88 100000 87 4 72 4 30 28 18 16 55 66 39 30 7 92 51 30 74 38 83 20 69 7 76 33 10 36 40 14 83 35 83 57 53 78 93 18 9 29 80 35 5 66 89 90 7 72 80 87 98 46 0 81 86 34 13 7 77 91 54 53 63 84 17 39 98 10 30 20 79 96 79 22 74 31 67 8 97 71 71 84 95 42 75 39 91 91 25 39 88 20 33 80 41 16 55
84 96 24 22 100000 9 20 53 31 62 58 39 100000 62 47 99 9 41 10 1 10 23 41 32 51 37 4 39 89 81 91 70 97 53 89 18 46 17 87 33 100 93 40 54 40 19 76 43 41 2 80 2 6 17 42 66 2 62 27 83 31 32 91 96 92 73 65 76 55 96 31 58 28 83 42 89 94 55 85 42 98 35 33 81 0 53 86 100000 24 10 13 27 16 36 100000 48 45 73 51 96 0 32 39 62 85 55 19 25 26 29 29 76 62 66 24 3 94 98 92 46 34 65 75 29 7 14 7 85
8 56 73 16 5 98 89 49 20 36 6 100000 91 30 91 16 86 7 41 3 69 8 39 13 92 21 30 36 9 94 2 72 25 52 13 29 73 22 89 59 96 62 74 97 60 87 66 24 2 79 50 55 53 85 70 92 55 23 69 10 21 5 78 27 2 43 3 43 100 100 49 84 65 7 55 97 36 62 85 53 78 97 73 86 53 0 36 100 83 73 62 18 21 69 2 91 79 42 93 44 26 40 88 46 81 80 87 35 58 98 83 73 97 80 23 34 61 50 43 28 57 21 16 35 25 100000 92 55
95 15 67 76 55 73 58 6 91 1 92 17 43 93 59 51 69 94 43 71 13 82 62 91 6 76 100 87 42 20 81 12 75 94 100000 26 42 33 25 44 56 73 33 55 86 40 1 38 42 34 60 54 30 34 34 100000 91 37 62 66 95 39 50 38 69 85 1 72 36 19 13 38 41 39 88 81 90 32 36 72 16 88 60 34 86 36 0 19 50 19 69 53 74 92 54 100 18 32 58 4 84 33 69 87 14 66 1 5 42 38 30 70 6 21 42 5 95 13 36 90 36 26 94 34 89 17 33 54
98 39 95 23 70 75 6 20 7 67 62 54 51 47 6 4 61 7 83 65 23 72 44 61 48 88 11 90 20 30 88 54 32 72 60 74 48 16 76 56 42 91 63 88 43 55 54 25 69 95 39 45 5 95 96 20 77 14 43 6 29 96 85 10 86 55 37 88 9 38 67 19 16 18 33 43 96 85 67 69 77 21 76 13 100000 100 19 0 17 52 49 5 54 63 52 12 16 48 91 83 32 36 94 79 23 91 54 47 16 80 18 98 22 23 47 95 48 45 80 36 7 97 5 60 26 87 52 98
55 56 85 22 55 73 25 29 62 12 22 17 93 69 81 46 30 30 41 3 51 95 47 2 45 93 0 5 97 1 56 8 88 62 76 81 49 45 10 21 12 56 69 59 53 40 52 10 53 70 87 43 32 62 58 25 38 79 20 45 37 48 72 72 92 0 47 27 74 35 23 73 62 48 55 46 17 26 35 51 40 85 29 7 24 83 50 17 0 97 70 87 53 67 7 37 3 11 61 12 3 51 41 41 14 21 66 8 79 24 64 5 47 49 43 5 9 95 19 93 96 52 100000 38 10 20 43 100000
60 43 57 94 30 77 2 8 90 100 11 46 14 97 27 3 51 69 6 16 33 66 86 11 42 35 53 58 49 60 94 93 19 18 58 20 7 9 18 34 35 19 37 2 47 76 9 27 49 75 5 87 25 0 63 82 52 61 11 88 48 17 61 92 0 85 43 84 46 10 79 47 6 85 63 42 96 6 61 85 24 11 2 77 10 73 19 52 97 0 19 19 77 41 47 70 21 46 30 24 58 8 76 79 86 2 24 37 72 32 3 93 79 57 25 95 45 29 49 1 8 66 0 5 57 60 26 40
29 97 87 89 53 47 25 20 1 32 56 69 1 61 73 45 100 2 82 56 45 78 32 77 99 82 23 12 37 97 33 82 92 100 48 4 94 88 36 44 41 28 37 26 38 68 10 27 21 83 6 56 43 37 45 35 44 73 95 36 42 89 66 87 93 71 5 47 76 87 61 90 45 82 80 4 25 66 85 35 55 19 48 91 13 62 69 49 70 19 0 46 3 64 13 6 92 64 53 68 56 99 99 65 91 48 100000 11 25 44 20 8 78 22 31 51 1 27 77 4 0 34 74 41 46 71 20 60
76 13 74 60 23 78 7 44 68 83 38 29 58 75 48 50 71 23 47 23 9 96 76 85 3 86 18 56 97 67 5 41 26 51 55 14 60 55 43 71 12 68 39 73 12 11 83 22 13 74 98 20 55 42 47 94 61 62 96 55 90 33 58 36 37 57 14 66 86 5 21 75 49 37 95 72 20 48 91 7 34 75 81 54 27 18 53 5 87 19 46 0 38 15 72 23 58 28 46 69 43 38 43 62 76 63 34 78 16 77 97 57 55 28 50 90 46 39 55 14 1 84 32 46 84 47 32 100
3 20 16 96 90 26 92 21 1 2 25 79 69 100 7 44 47 80 9 90 52 90 86 67 26 71 2 90 49 32 55 47 53 51 14 40 26 38 4 8 62 60 34 68 86 77 93 56 55 85 11 11 77 37 11 13 91 27 10 66 41 17 100 11 96 19 12 14 94 8 61 43 10 72 60 98 49 0 35 70 41 91 2 53 16 21 74 54 53 77 3 38 0 32 29 4 53 88 57 7 25 9 30 65 19 33 95 84 88 31 29 48 67 94 100 90 26 88 6 35 59 80 40 18 10 39 30 47
3 92 79 46 15 18 83 17 86 61 14 91 92 83 94 90 37 16 84 99 70 3 28 8 90 71 36 72 65 86 92 28 67 27 80 28 75 57 87 73 44 68 27 4 6 93 80 73 2 30 6 3 89 50 49 47 66 36 25 41 16 74 14 100000 9 29 18 11 32 48 9 69 43 15 24 17 38 19 90 55 27 55 100000 63 36 69 92 63 67 41 64 15 32 0 77 63 77 47 73 1 86 1 61 1 92 94 100 80 70 17 40 100 33 12 9 42 7 92 53 88 79 49 43 15 35 97 70 100
40 85 22 95 39 21 16 0 28 55 78 23 14 12 43 18 71 64 94 9 35 98 86 17 53 82 26 85 96 54 20 37 73 53 15 49 16 17 69 76 46 25 78 54 36 62 84 17 33 22 1 11 65 28 66 3 84 79 60 44 30 42 44 68 21 70 11 52 6 42 48 15 100 75 46 74 71 73 84 68 93 54 54 84 100000 2 54 52 7 47 13 72 29 77 0 58 93 74 63 79 43 68 10 94 21 19 44 56 74 80 50 13 20 13 96 74 73 88 8 12 83 58 62 33 32 60 8 24
11 26 92 31 26 6 10 81 34 45 71 26 64 65 42 44 80 68 1 47 38 47 48 28 6 70 95 24 40 42 83 52 57 4 82 100000 32 47 85 48 19 91 62 30 32 60 20 77 31 97 49 47 95 59 59 61 33 12 79 30 64 32 6 100 86 39 92 55 76 17 4 9 84 58 41 49 5 12 83 79 98 67 38 17 48 91 100 12 37 70 6 23 4 63 58 0 49 67 73 84 45 86 59 19 9 97 71 96 10 53 73 72 16 31 70 96 89 29 79 14 72 33 8 4 39 51 1 10
56 83 51 99 82 82 9 4 46 56 16 100000 83 44 65 94 34 51 86 76 34 26 30 31 66 32 19 84 93 21 11 94 44 61 100000 24 25 27 10 55 44 72 55 28 2 26 99 34 48 42 50 22 94 88 59 30 55 53 3 24 78 7 67 46 18 91 42 78 74 81 81 79 98 18 87 86 46 55 27 4 24 55 43 39 45 79 18 16 3 21 92 58 53 77 93 49 0 12 23 77 1 68 93 16 80 11 52 7 97 2 38 3 20 21 83 19 21 7 62 31 49 56 6 94 46 24 19 85
4 90 91 11 6 92 84 0 75 77 25 83 56 97 17 66 74 15 70 17 50 57 11 94 15 52 82 23 29 50 62 80 3 98 38 36 13 28 98 6 49 65 43 26 10 9 39 79 55 100 33 67 2 72 83 41 45 23 45 6 7 39 52 48 71 47 25 64 13 57 22 46 80 64 62 54 43 77 5 94 90 84 61 98 73 42 32 48 11 46 64 28 88 47 74 67 12 0 90 1 64 43 61 96 67 31 76 52 31 60 56 97 49 31 12 50 81 66 48 60 96 49 94 17 100 57 11 26
20 52 41 15 42 8 26 74 13 61 68 25 35 31 0 54 80 32 85 43 30 69 8 1 69 47 76 1 56 9 7 6 61 61 85 38 71 86 81 33 32 70 14 17 75 82 12 36 36 12 79 80 91 10 93 54 96 75 11 93 55 74 30 5 54 9 100000 76 2 97 94 48 22 42 28 75 27 42 8 38 78 49 95 10 51 93 58 91 61 30 53 46 57 73 63 73 23 90 0 48 46 14 86 89 18 59 43 9 68 3 55 67 53 72 76 61 11 45 20 67 93 100000 38 98 16 96 96 30
33 89 93 50 50 46 30 15 67 19 23 5 63 2 90 12 56 88 69 34 32 27 99 11 42 93 42 71 88 12 68 65 64 16 18 32 85 58 82 90 33 61 100000 87 74 81 7 10 49 14 9 72 42 37 81 42 18 66 46 19 47 50 61 92 39 44 67 22 6 82 4 98 21 7 6 16 99 24 12 70 7 46 13 30 96 44 4 83 12 24 68 69 7 1 79 84 77 1 48 0 100000 2 18 89 46 93 71 73 23 19 51 30 15 48 47 29 4 68 11 88 7 22 37 11 53 70 93 55
85 30 15 3 100000 20 98 81 53 94 27 99 29 5 64 32 67 24 29 1 52 74 100000 74 43 0 86 6 44 89 39 97 80 58 6 67 42 65 84 67 60 36 98 9 3 41 97 92 56 77 63 73 21 64 53 70 11 80 39 5 100 47 0 79 59 41 31 40 46 56 81 95 72 14 79 38 84 9 35 82 17 98 78 20 0 26 84 32 3 58 56 43 25 86 43 45 1 64 46 100000 0 71 67 48 87 9 9 29 95 70 11 79 88 53 71 94 80 9 74 23 67 1 95 11 91 59 15 62
49 55 53 62 43 93 37 17 100000 35 67 38 56 44 80 86 82 12 23 5 34 5 34 85 68 7 50 64 89 57 95 58 51 92 95 84 57 86 66 49 60 50 40 86 23 19 1 11 3 80 79 29 50 85 6 44 60 24 89 41 8 10 49 0 20 44 42 9 19 16 13 100 4 90 96 32 66 88 33 55 51 15 58 79 32 40 33 36 51 8 99 38 9 1 68 86 68 43 14 2 71 0 52 2 40 62 35 50 55 29 50 90 20 13 72 64 81 79 62 29 34 65 96 47 98 79 93 31
48 42 59 80 3 67 76 12 77 80 47 96 61 80 89 98 98 5 4 24 13 36 19 55 56 94 91 92 82 29 8 45 34 99 71 1 34 71 18 13 0 2 4 5 95 87 71 14 14 10 69 79 63 67 40 17 38 100 46 54 48 72 66 5 79 76 4 39 41 10 69 58 69 20 12 69 76 98 73 50 17 90 58 96 39 88 69 94 41 76 99 43 30 61 10 59 93 61 86 18 67 52 0 75 5 33 24 19 9 53 71 39 48 84 71 82 46 16 39 11 86 61 18 49 66 45 67 29
82 86 12 89 6 46 90 0 57 38 26 26 28 59 94 55 19 74 81 1 45 87 76 62 82 31 13 20 23 16 90 48 31 54 99 91 11 34 65 39 88 98 100 100 62 90 66 62 98 28 73 37 78 34 55 80 0 43 93 45 45 21 51 100000 1 98 26 77 84 94 46 98 93 9 68 32 10 73 59 88 35 100 96 79 62 46 87 79 41 79 65 62 65 1 94 19 16 96 89 89 48 2 75 0 24 54 100 85 74 93 97 71 14 14 27 100 30 82 41 67 1 69 18 36 31 89 14 51
44 79 10 36 75 73 54 18 12 80 100 41 58 93 42 95 32 23 91 99 50 40 33 65 32 91 45 53 97 79 4 12 76 91 34 58 11 66 40 7 78 31 76 95 53 56 60 15 59 28 62 10 96 56 84 63 24 83 90 31 90 63 99 38 35 27 100 27 72 89 89 24 80 14 86 1 19 0 79 4 12 69 87 22 85 81 14 23 14 86 91 76 19 92 21 9 80 67 18 46 87 40 5 24 0 85 95 97 5 50 45 48 19 2 96 75 48 65 33 69 15 11 13 69 90 82 65 88
60 56 94 10 73 15 37 63 20 64 17 59 3 17 41 18 28 68 83 54 48 12 59 67 28 7 25 88 0 83 14 4 48 55 10 95 94 42 40 34 14 0 47 22 39 8 86 66 28 84 31 8 56 47 92 58 25 83 51 15 96 85 91 44 61 32 57 87 81 87 81 82 50 85 66 69 22 63 37 74 49 11 69 74 55 80 66 91 21 2 48 63 33 94 19 97 11 31 59 93 9 62 33 54 85 0 97 35 22 29 63 57 60 20 83 41 35 53 100 89 42 69 29 87 12 80 74 33
66 48 83 39 56 74 57 72 96 16 8 15 35 46 7 95 70 72 30 74 0 55 10 82 17 22 2 21 84 90 16 56 76 45 91 7 29 19 11 14 30 81 23 21 64 45 69 100000 34 56 32 88 73 75 57 11 15 9 15 19 90 26 21 89 89 5 77 74 50 66 40 97 85 22 71 44 60 66 76 46 43 29 45 31 19 87 1 54 66 24 100000 34 95 100 44 71 52 76 43 71 9 35 24 100 95 97 0 0 72 90 68 94 95 21 82 57 83 99 97 42 75 3 82 67 14 39 57 57
99 33 45 87 74 13 88 97 57 100000 54 99 78 55 16 12 54 79 89 24 10 75 62 54 90 53 8 2 53 12 66 96 85 94 64 47 87 85 16 37 56 41 33 39 96 62 1 94 9 39 45 12 44 76 94 55 89 38 65 20 88 20 77 47 50 27 49 46 76 18 75 66 34 43 88 22 2 75 14 33 23 10 5 67 25 35 5 47 8 37 11 78 84 80 56 96 7 52 9 73 29 50 19 85 97 35 0 0 4 94 35 45 97 40 47 76 93 6 34 65 21 40 58 26 14 28 30 41
40 51 40 85 2 75 62 13 43 25 85 28 16 53 49 19 8 21 96 23 32 57 30 17 93 6 63 90 78 86 23 35 41 8 52 20 25 74 66 52 17 0 47 64 39 79 28 17 0 23 55 36 94 64 51 55 50 65 64 52 17 28 6 70 95 37 86 23 95 7 60 66 32 35 19 76 42 100 28 76 86 75 97 8 26 58 42 16 79 72 25 16 88 70 74 10 97 31 68 23 95 55 9 74 5 22 72 4 0 66 42 88 28 77 40 34 85 37 28 56 80 53 69 59 44 22 47 11
100 45 58 71 54 81 78 66 0 50 52 99 78 70 11 7 13 6 14 35 19 33 29 93 44 25 80 42 71 4 87 39 23 34 84 55 47 1 21 66 21 91 97 57 45 75 0 54 84 45 2 30 34 85 2 49 79 71 64 2 85 90 36 15 5 48 64 26 33 63 71 30 1 6 90 52 41 23 88 96 6 35 91 97 29 98 38 80 24 32 44 77 31 17 80 53 2 60 3 19 70 29 53 93 50 29 90 94 66 0 4 55 41 42 41 62 87 31 45 83 54 100 46 15 4 70 10 24
62 100000 38 100 72 34 52 78 8 1 73 46 81 20 70 31 31 23 98 16 89 39 16 13 18 8 42 71 28 67 19 11 3 86 76 47 53 93 52 44 18 4 15 1 21 87 4 66 27 55 68 3 5 69 84 0 65 88 74 8 21 95 71 61 25 39 88 95 78 3 100000 11 14 51 32 84 99 25 51 44 20 11 61 71 29 83 30 18 64 3 20 97 29 40 50 73 38 56 55 51 11 50 71 97 45 63 68 35 42 4 0 93 7 1 26 18 50 58 75 19 79 58 69 0 41 58 96 96
41 45 98 49 8 0 37 24 67 71 77 36 15 72 65 83 74 56 15 67 82 85 98 36 70 18 100000 53 42 95 89 6 84 6 41 65 3 54 63 97 57 100000 11 77 43 29 20 28 64 61 10 5 31 40 53 49 78 37 97 84 59 41 75 29 60 40 71 3 63 39 42 23 46 30 10 44 90 68 3 51 54 89 69 71 76 73 70 98 5 93 8 57 48 100 13 72 3 97 67 30 79 90 39 71 48 57 94 45 88 55 93 0 42 14 36 50 13 37 52 29 79 73 100 79 89 13 36 96
65 74 69 14 96 33 58 77 2 19 5 10 60 37 75 33 29 22 9 100 39 92 50 20 9 9 96 14 54 67 19 14 74 57 7 32 43 76 18 5 87 6 99 3 32 26 57 85 15 96 60 21 39 49 97 23 87 1 42 34 66 81 0 86 34 64 52 20 69 69 70 90 67 96 56 44 47 60 64 41 95 95 67 84 62 97 6 22 47 79 78 55 67 33 20 16 20 49 53 15 88 20 48 14 19 60 95 97 28 41 7 42 0 23 48 18 54 100000 59 40 70 25 28 52 75 11 70 54
2 88 82 23 83 8 96 31 34 65 11 100 77 86 6 1 51 71 93 51 40 42 21 83 33 23 96 98 93 11 6 36 100 7 25 15 21 62 76 0 28 11 3 94 99 85 97 54 42 83 11 88 57 63 51 61 19 71 84 73 69 77 29 64 32 15 27 13 54 60 31 51 25 71 38 18 55 82 65 18 94 11 51 95 66 80 21 23 49 57 22 28 94 12 13 31 21 31 72 48 53 13 84 14 2 20 21 40 77 42 1 14 23 0 43 11 8 61 12 92 41 84 63 64 32 86 77 90
75 25 2 89 77 4 74 84 56 48 68 8 24 17 60 47 16 28 23 25 16 65 74 19 41 25 68 48 49 50 58 69 100 89 36 100 27 76 51 99 81 85 29 100 0 21 3 28 36 63 37 17 97 37 70 33 22 100000 62 77 21 63 71 58 71 11 100000 99 2 87 1 89 82 70 76 39 27 53 92 63 37 90 72 42 24 23 42 47 43 25 31 50 100 9 96 70 83 12 76 47 71 72 71 27 96 83 82 47 40 41 26 36 48 43 0 91 31 63 35 56 60 14 70 6 71 99 84 60
7 60 70 9 100 41 0 42 4 81 4 8 36 31 25 23 25 55 5 29 26 74 5 8 97 64 99 20 97 35 81 86 94 57 53 96 95 16 3 54 24 66 3 55 82 17 28 75 42 71 76 25 58 2 39 89 12 13 50 38 11 98 98 22 43 23 14 97 58 31 51 5 18 11 57 37 95 63 89 43 81 71 100 75 3 34 5 95 5 95 51 90 90 42 74 96 19 50 61 29 94 64 82 100 75 41 57 76 34 62 18 50 18 11 91 0 16 12 63 67 28 41 31 81 95 61 47 88
83 31 24 16 59 59 37 35 24 48 42 66 39 18 65 64 26 33 6 14 74 38 18 93 30 84 71 22 1 52 82 50 85 71 6 55 32 93 14 1 74 99 68 6 41 46 28 63 98 22 23 50 32 92 43 25 18 9 51 44 67 29 7 75 89 6 59 53 94 13 72 79 7 30 75 62 97 31 5 12 93 62 45 39 94 61 95 48 9 45 1 46 26 7 73 89 21 81 11 4 80 81 46 30 48 35 83 93 85 87 50 13 54 8 31 16 0 66 62 38 72 73 22 5 40 2 40 26
88 79 43 75 21 58 25 70 15 45 52 54 93 8 50 34 100 56 71 74 37 17 9 10 46 43 22 18 55 10 32 90 65 33 87 41 36 48 64 28 100 94 91 54 64 87 78 16 50 61 72 5 89 19 85 70 86 44 82 43 66 43 51 62 100 12 90 97 69 64 27 37 35 63 69 32 36 59 78 56 9 73 17 91 98 50 13 45 95 29 27 39 88 92 88 29 7 66 45 68 9 79 16 82 65 53 99 6 37 31 58 37 100000 61 63 12 66 0 87 36 5 24 44 10 14 25 73 50
81 31 54 93 67 49 85 22 100 72 19 14 53 93 70 44 23 96 57 74 41 35 57 82 77 6 67 51 45 75 62 36 3 26 35 39 52 2 68 22 94 9 93 85 73 34 94 2 46 32 70 74 76 36 72 48 98 78 66 80 3 81 81 45 58 59 64 69 80 13 99 5 13 44 53 83 76 95 100 33 32 58 33 91 92 43 36 80 19 49 77 55 6 53 8 79 62 48 20 11 74 62 39 41 33 100 97 34 28 45 75 52 59 12 35 63 62 87 0 46 31 5 94 75 21 97 69 27
92 14 40 89 37 1 91 33 33 98 67 73 73 16 56 3 13 44 51 88 67 94 57 98 28 69 47 75 61 51 63 85 51 53 43 91 21 20 90 26 85 40 75 77 74 10 37 61 99 47 79 93 10 4 88 47 16 100000 18 14 31 65 90 78 5 88 58 1 98 41 13 19 40 53 60 98 3 54 49 52 62 76 80 25 46 28 90 36 93 1 4 14 35 88 12 14 31 60 67 88 23 29 11 67 69 89 42 65 56 83 19 29 40 92 56 67 38 36 46 0 30 50 40 64 36 58 36 84
87 69 87 20 8 23 64 57 5 6 66 78 81 37 35 54 100 38 15 70 95 96 75 11 48 42 66 17 43 56 41 39 51 87 13 66 67 7 76 17 20 94 57 22 15 2 29 40 32 98 43 68 100 3 68 6 34 99 53 23 39 27 88 69 82 85 41 83 10 87 32 85 58 63 100000 19 60 50 46 80 66 67 4 39 34 57 36 7 96 8 0 1 59 79 83 72 49 96 93 7 67 34 86 1 15 42 75 21 80 54 79 79 70 41 60 28 72 5 31 30 0 80 91 14 22 94 72 96
29 61 65 22 63 30 74 100000 70 11 84 82 77 31 19 59 54 14 86 74 63 21 100000 33 25 73 63 55 0 24 20 32 21 64 2 80 81 64 16 30 2 66 92 43 2 30 60 62 77 58 77 33 88 86 59 71 24 34 88 22 60 16 12 51 85 73 51 4 24 46 87 1 65 29 9 53 77 50 73 12 74 42 95 88 65 21 26 97 52 66 34 84 80 49 58 33 56 49 100000 22 1 65 61 69 11 69 3 40 53 100 58 73 25 84 14 41 73 24 5 50 80 0 18 87 89 97 53 20
46 20 18 56 22 73 19 21 5 82 12 80 4 55 87 89 41 100 49 1 28 6 59 9 28 3 86 83 3 97 42 58 79 16 64 82 56 83 56 65 92 16 16 52 100000 90 60 99 71 11 37 47 51 7 66 51 19 94 76 78 47 31 38 2 54 20 100 31 72 90 9 45 98 88 79 42 22 94 65 8 43 54 40 20 75 16 94 5 100000 0 74 32 40 43 62 8 6 94 38 37 95 96 18 18 13 29 82 58 69 46 69 100 28 63 70 31 22 44 94 40 91 18 0 35 93 51 55 12
44 77 88 4 45 12 90 93 42 3 37 30 10 40 99 67 40 37 45 40 21 41 43 7 55 6 13 5 27 54 77 5 100000 43 34 0 84 12 62 83 45 7 62 12 27 58 63 99 67 99 32 46 61 86 60 17 1 9 56 77 49 68 59 30 67 45 60 38 70 51 61 26 66 6 98 73 44 20 52 82 56 57 76 33 29 35 34 60 38 5 41 46 18 15 33 4 94 17 98 11 11 47 49 36 69 87 67 26 59 15 0 79 52 64 6 81 5 10 75 64 14 87 35 0 17 75 88 72
55 72 48 36 61 42 15 94 95 80 88 88 20 27 75 63 22 78 97 11 76 100 99 24 66 20 81 10 78 67 40 45 15 82 79 62 76 18 97 100000 58 84 29 13 85 94 22 96 9 97 76 74 8 47 64 35 82 49 95 72 33 42 22 8 18 75 74 100 87 15 26 100 98 20 81 48 14 10 21 24 21 19 11 80 7 25 89 26 10 57 46 84 10 35 32 39 46 100 16 53 91 98 66 31 90 12 14 14 44 4 41 89 75 32 71 95 40 14 21 36 22 89 93 17 0 47 1 79
87 67 71 4 26 71 11 11 41 36 36 33 13 4 58 99 78 17 70 75 16 94 86 26 36 66 18 28 0 26 12 56 37 64 22 74 67 91 13 95 88 87 35 93 37 61 16 93 81 81 73 26 81 31 54 31 76 59 71 86 11 11 21 59 49 74 4 64 49 70 61 100 76 20 93 92 65 98 12 87 14 11 60 41 14 100000 17 87 20 60 71 47 39 97 60 51 24 57 96 70 59 79 45 89 82 80 39 28 22 70 58 13 11 86 99 61 2 25 97 58 94 97 51 75 47 0 18 68
81 89 72 20 63 89 34 68 59 16 63 66 87 9 88 44 34 48 27 82 24 63 53 79 47 37 47 52 35 56 7 5 22 76 95 91 62 2 22 30 73 94 53 93 15 33 75 69 32 0 59 20 80 45 8 39 76 53 78 35 22 26 82 10 7 15 55 88 19 25 76 10 33 39 47 36 40 45 4 11 79 28 15 16 7 92 33 52 43 26 20 32 30 70 8 1 19 11 96 93 15 93 67 14 65 74 57 30 47 10 96 36 70 77 84 47 40 73 69 36 72 53 55 88 1 18 0 22
8 95 65 54 64 40 31 53 12 64 92 75 65 81 12 26 44 78 91 46 0 9 30 36 95 35 84 1 39 0 93 41 25 41 41 71 0 39 93 12 59 10 37 89 11 79 32 50 87 95 21 21 13 15 38 41 52 34 33 49 82 74 75 57 13 23 20 0 26 68 38 50 36 48 29 100 69 73 23 54 94 91 18 55 85 55 54 98 100000 40 60 100 47 100 24 10 85 26 30 55 62 31 29 51 88 33 57 41 11 24 96 96 54 90 60 88 26 50 27 84 96 20 12 72 79 68 22 0
