64
0 13 28 43 33 38 56 14 1 41 49 20 95 10 35 14 23 59 9 69 33 13 6 15 5 33 36 18 75 60 21 84 64 8 33 33 62 46 17 88 14 13 27 47 13 79 72 79 22 8 35 65 12 69 12 40 11 65 42 92 6 59 44 62
13 0 18 88 24 66 47 27 35 74 81 22 25 92 17 84 18 52 78 29 6 49 47 13 76 78 96 92 52 8 49 52 42 75 62 15 69 96 71 44 20 35 58 71 30 48 93 8 38 83 70 98 96 94 38 28 77 100000 52 0 52 9 18 74
28 18 0 38 97 67 97 46 26 43 35 82 67 24 45 60 62 100000 42 29 1 81 16 54 37 85 74 62 83 67 33 79 16 70 32 15 15 99 91 65 58 22 59 67 98 86 28 62 22 0 31 25 89 14 12 73 17 85 90 98 6 78 29 63
43 88 38 0 26 76 88 55 100000 49 100000 86 94 27 62 62 80 40 7 43 34 71 99 39 52 34 24 56 71 1 18 1 37 8 45 9 64 67 17 100000 99 57 86 26 23 35 38 2 2 66 81 28 5 15 58 3 44 100 1 93 19 37 29 11
33 24 97 26 0 7 39 72 45 44 41 89 1 29 51 41 63 37 68 57 39 10 3 14 17 60 39 28 18 99 53 92 48 88 11 45 78 4 57 41 45 64 39 44 46 30 59 39 50 10 7 15 87 55 0 22 85 32 12 20 17 66 20 40
38 66 67 76 7 0 100 22 100000 60 45 21 87 83 23 15 2 70 80 91 67 63 97 0 49 93 38 16 95 10 80 96 13 22 66 25 5 99 91 86 95 34 90 97 76 8 45 86 12 54 62 2 46 15 74 7 33 100 10 96 5 61 76 46
56 47 97 88 39 100 0 70 31 98 58 53 63 30 17 77 80 63 83 22 50 100 89 66 14 49 37 9 57 64 37 78 65 92 37 27 59 30 14 69 86 25 32 95 100 15 42 54 73 100000 87 24 10 74 57 87 35 20 13 72 17 27 50 51
14 27 46 55 72 22 70 0 9 5 25 42 67 96 7 96 55 69 14 15 16 84 100000 0 0 28 81 45 5 76 12 53 88 44 53 2 88 16 47 64 86 13 42 100 91 23 93 39 77 58 74 25 58 44 23 15 74 52 73 82 32 90 78 24
1 35 26 100000 45 100000 31 9 0 100 23 75 51 80 25 3 37 85 30 58 85 1 67 89 58 7 46 18 52 36 7 31 40 56 86 82 63 99 88 7 34 45 21 58 30 86 47 42 78 91 72 47 6 37 28 27 95 40 30 1 69 85 76 30
41 74 43 49 44 60 98 5 100 0 16 6 37 31 89 68 62 19 86 49 65 97 43 50 1 50 47 97 74 28 86 9 67 100 61 40 21 75 92 10 61 14 71 99 92 71 61 60 69 87 48 27 32 67 76 83 53 59 55 31 94 77 29 38
49 81 35 100000 41 45 58 25 23 16 0 99 90 69 64 30 21 83 29 41 85 55 28 43 86 49 58 16 96 46 52 91 27 7 30 54 84 55 93 30 100000 56 29 81 37 6 81 48 95 3 77 54 29 84 16 71 5 20 14 13 44 3 42 85
20 22 82 86 89 21 53 42 75 6 99 0 1 42 58 41 26 69 47 5 100000 85 6 69 35 42 90 92 16 23 32 39 23 97 23 15 52 4 10 34 58 29 84 89 52 20 57 23 86 68 40 62 97 5 45 13 34 59 13 55 95 11 43 98
95 25 67 94 1 87 63 67 51 37 90 1 0 44 1 94 54 22 27 95 54 23 66 23 95 92 90 34 37 12 1 98 29 33 52 98 42 15 36 17 70 45 56 1 43 84 52 95 30 33 71 17 87 9 49 9 100000 8 85 6 72 41 68 15
10 92 24 27 29 83 30 96 80 31 69 42 44 0 67 96 1 79 31 21 26 36 63 15 26 73 4 15 90 75 87 35 20 5 6 100 58 6 99 65 72 80 34 99 36 96 100000 60 52 84 32 23 100000 55 43 43 25 85 49 11 57 72 6 58
35 17 45 62 51 23 17 7 25 89 64 58 1 67 0 100 37 65 23 65 90 81 64 63 62 67 92 74 16 27 70 17 82 25 31 38 73 82 37 80 38 39 9 4 88 49 78 18 22 53 45 32 16 0 97 100 97 20 85 68 95 82 86 56
14 84 60 62 41 15 77 96 3 68 30 41 94 96 100 0 21 86 89 48 14 48 98 99 2 18 86 33 83 74 1 79 46 15 40 29 7 11 92 58 19 61 84 40 20 94 92 100000 45 40 12 65 92 39 73 45 2 2 91 7 85 31 61 11
23 18 62 80 63 2 80 55 37 62 21 26 54 1 37 21 0 20 72 26 96 55 50 92 3 16 44 38 4 2 78 11 55 57 77 42 99 34 9 50 15 5 48 2 53 80 78 33 11 65 17 42 35 94 31 96 24 70 94 10 90 83 97 3
59 52 100000 40 37 70 63 69 85 19 83 69 22 79 65 86 20 0 70 34 95 94 69 44 52 71 49 17 100000 72 10 57 9 51 72 66 22 57 93 91 24 99 64 47 33 57 1 92 31 1 56 71 43 9 51 81 35 49 16 1 59 65 18 100
9 78 42 7 68 80 83 14 30 86 29 47 27 31 23 89 72 70 0 23 94 67 7 37 25 90 29 20 85 33 90 4 65 50 6 59 51 4 51 74 77 71 60 35 61 99 94 2 30 85 95 77 43 96 62 13 97 20 21 69 52 36 57 25
69 29 29 43 57 91 22 15 58 49 41 5 95 21 65 48 26 34 23 0 29 21 71 91 30 33 78 56 23 94 65 40 65 89 56 20 96 62 54 29 44 52 22 6 54 59 14 73 52 27 36 73 80 81 30 89 64 21 86 13 100000 52 68 22
33 6 1 34 39 67 50 16 85 65 85 100000 54 26 90 14 96 95 94 29 0 98 21 98 25 57 64 90 14 64 50 13 80 43 85 15 72 93 71 57 83 27 35 92 30 5 85 2 76 78 36 100000 19 21 53 14 86 11 80 100 19 25 75 31
13 49 81 71 10 63 100 84 1 97 55 85 23 36 81 48 55 94 67 21 98 0 23 92 64 57 74 51 5 6 94 26 61 27 20 24 74 21 56 20 8 16 47 92 84 8 5 80 13 17 37 85 62 5 97 92 59 27 33 45 78 7 30 16
6 47 16 99 3 97 89 100000 67 43 28 6 66 63 64 98 50 69 7 71 21 23 0 65 38 84 64 39 5 76 34 27 0 25 2 6 59 7 17 49 24 32 98 83 52 60 4 81 34 95 30 44 53 87 62 77 36 17 58 74 28 65 50 91
15 13 54 39 14 0 66 0 89 50 43 69 23 15 63 99 92 44 37 91 98 92 65 0 100000 42 61 32 51 2 5 33 12 28 70 87 81 19 51 15 24 19 34 46 74 50 3 56 91 49 36 80 75 62 15 71 20 65 74 17 94 71 98 19
5 76 37 52 17 49 14 0 58 1 86 35 95 26 62 2 3 52 25 30 25 64 38 100000 0 18 20 51 35 67 52 91 58 88 22 31 65 4 33 61 45 32 92 10 41 40 30 89 43 99 95 36 78 41 25 90 72 28 90 86 12 33 63 86
33 78 85 34 60 93 49 28 7 50 49 42 92 73 67 18 16 71 90 33 57 57 84 42 18 0 11 74 82 5 2 87 46 2 66 0 0 93 79 33 39 83 64 47 55 29 17 10 93 68 43 11 17 28 58 13 70 9 96 98 34 5 6 99
36 96 74 24 39 38 37 81 46 47 58 90 90 4 92 86 44 49 29 78 64 74 64 61 20 11 0 57 95 27 100000 84 29 8 77 76 75 5 46 88 25 6 28 88 79 36 92 59 9 32 75 8 48 17 16 84 63 59 31 86 65 60 65 25
18 92 62 56 28 16 9 45 18 97 16 92 34 15 74 33 38 17 20 56 90 51 39 32 51 74 57 0 86 50 89 10 38 39 56 42 93 8 90 79 9 40 33 90 54 1 55 39 50 14 44 74 100 45 55 0 32 67 29 82 89 6 51 81
75 52 83 71 18 95 57 5 52 74 96 16 37 90 16 83 4 100000 85 23 14 5 5 51 35 82 95 86 0 17 63 94 72 100 22 100000 57 70 90 24 72 33 84 16 61 86 14 40 80 65 38 40 28 87 48 19 50 14 42 77 43 69 56 30
60 8 67 1 99 10 64 76 36 28 46 23 12 75 27 74 2 72 33 94 64 6 76 2 67 5 27 50 17 0 92 89 64 66 56 7 97 66 6 19 73 25 0 23 74 81 37 66 2 1 21 32 21 97 54 80 49 37 97 79 21 38 92 88
21 49 33 18 53 80 37 12 7 86 52 32 1 87 70 1 78 10 90 65 50 94 34 5 52 2 100000 89 63 92 0 60 58 24 28 2 45 62 34 79 35 18 43 96 69 100 22 47 100 36 52 93 90 70 29 7 30 9 1 3 52 23 32 38
84 52 79 1 92 96 78 53 31 9 91 39 98 35 17 79 11 57 4 40 13 26 27 33 91 87 84 10 94 89 60 0 90 59 60 65 31 2 51 54 85 100 33 15 1 28 40 96 20 48 56 64 85 57 88 93 77 97 50 49 89 32 77 85
64 42 16 37 48 13 65 88 40 67 27 23 29 20 82 46 55 9 65 65 80 61 0 12 58 46 29 38 72 64 58 90 0 82 67 62 70 2 15 99 15 25 3 53 46 41 56 100000 39 12 16 15 42 77 53 99 2 4 63 3 97 38 87 6
8 75 70 8 88 22 92 44 56 100 7 97 33 5 25 15 57 51 50 89 43 27 25 28 88 2 8 39 100 66 24 59 82 0 95 24 17 62 3 78 83 34 56 60 58 11 54 28 65 32 59 52 33 42 68 35 64 42 78 80 6 35 18 82
33 62 32 45 11 66 37 53 86 61 30 23 52 6 31 40 77 72 6 56 85 20 2 70 22 66 77 56 22 56 28 60 67 95 0 26 13 64 52 19 89 24 47 80 57 40 27 13 58 84 97 89 68 95 68 37 1 17 70 65 15 87 100000 86
33 15 15 9 45 25 27 2 82 40 54 15 98 100 38 29 42 66 59 20 15 24 6 87 31 0 76 42 100000 7 2 65 62 24 26 0 36 15 67 79 81 4 11 2 5 3 4 63 99 25 10 55 16 61 18 16 81 66 90 59 55 72 88 69
62 69 15 64 78 5 59 88 63 21 84 52 42 58 73 7 99 22 51 96 72 74 59 81 65 0 75 93 57 97 45 31 70 17 13 36 0 1 1 17 64 23 18 54 83 80 35 21 57 56 47 26 68 68 73 0 15 93 18 4 57 6 17 56
46 96 99 67 4 99 30 16 99 75 55 4 15 6 82 11 34 57 4 62 93 21 7 19 4 93 5 8 70 66 62 2 2 62 64 15 1 0 85 33 93 15 74 58 51 44 51 30 60 47 8 82 29 27 68 14 35 58 93 82 69 78 52 40
17 71 91 17 57 91 14 47 88 92 93 10 36 99 37 92 9 93 51 54 71 56 17 51 33 79 46 90 90 6 34 51 15 3 52 67 1 85 0 16 58 95 9 25 43 91 35 15 23 24 65 99 55 20 80 42 56 4 27 85 39 62 25 43
88 44 65 100000 41 86 69 64 7 10 30 34 17 65 80 58 50 91 74 29 57 20 49 15 61 33 88 79 24 19 79 54 99 78 19 79 17 33 16 0 10 97 24 66 55 53 15 72 64 75 10 88 73 61 53 21 67 97 81 48 71 91 50 53
14 20 58 99 45 95 86 86 34 61 100000 58 70 72 38 19 15 24 77 44 83 8 24 24 45 39 25 9 72 73 35 85 15 83 89 81 64 93 58 10 0 60 32 29 10 23 25 54 70 10 69 54 15 67 100 87 99 100 48 11 80 10 64 50
13 35 22 57 64 34 25 13 45 14 56 29 45 80 39 61 5 99 71 52 27 16 32 19 32 83 6 40 33 25 18 100 25 34 24 4 23 15 95 97 60 0 75 25 89 50 50 59 82 73 75 100000 36 74 35 52 62 59 74 15 25 97 36 56
27 58 59 86 39 90 32 42 21 71 29 84 56 34 9 84 48 64 60 22 35 47 98 34 92 64 28 33 84 0 43 33 3 56 47 11 18 74 9 24 32 75 0 24 100000 77 11 18 1 86 5 34 37 3 4 4 15 22 11 96 75 55 5 22
47 71 67 26 44 97 95 100 58 99 81 89 1 99 4 40 2 47 35 6 92 92 83 46 10 47 88 90 16 23 96 15 53 60 80 2 54 58 25 66 29 25 24 0 75 60 93 22 15 85 41 8 53 83 16 44 8 3 45 100 59 38 90 63
13 30 98 23 46 76 100 91 30 92 37 52 43 36 88 20 53 33 61 54 30 84 52 74 41 55 79 54 61 74 69 1 46 58 57 5 83 51 43 55 10 89 100000 75 0 26 33 22 67 57 2 22 46 70 67 55 23 70 54 28 89 97 73 12
79 48 86 35 30 8 15 23 86 71 6 20 84 96 49 94 80 57 99 59 5 8 60 50 40 29 36 1 86 81 100 28 41 11 40 3 80 44 91 53 23 50 77 60 26 0 76 3 57 95 15 80 23 21 59 78 51 29 26 86 55 85 14 85
72 93 28 38 59 45 42 93 47 61 81 57 52 100000 78 92 78 1 94 14 85 5 4 3 30 17 92 55 14 37 22 40 56 54 27 4 35 51 35 15 25 50 11 93 33 76 0 35 29 46 67 55 40 86 18 18 11 85 39 19 23 93 54 41
79 8 62 2 39 86 54 39 42 60 48 23 95 60 18 100000 33 92 2 73 2 80 81 56 89 10 59 39 40 66 47 96 100000 28 13 63 21 30 15 72 54 59 18 22 22 3 35 0 10 19 25 5 99 73 80 26 20 95 74 13 56 94 84 34
22 38 22 2 50 12 73 77 78 69 95 86 30 52 22 45 11 31 30 52 76 13 34 91 43 93 9 50 80 2 100 20 39 65 58 99 57 60 23 64 70 82 1 15 67 57 29 10 0 22 76 58 40 44 91 93 91 83 90 43 65 2 79 5
8 83 0 66 10 54 100000 58 91 87 3 68 33 84 53 40 65 1 85 27 78 17 95 49 99 68 32 14 65 1 36 48 12 32 84 25 56 47 24 75 10 73 86 85 57 95 46 19 22 0 69 70 20 10 96 18 50 55 39 81 37 0 63 6
35 70 31 81 7 62 87 74 72 48 77 40 71 32 45 12 17 56 95 36 36 37 30 36 95 43 75 44 38 21 52 56 16 59 97 10 47 8 65 10 69 75 5 41 2 15 67 25 76 69 0 45 3 97 45 52 12 28 31 71 70 38 38 14
65 98 25 28 15 2 24 25 47 27 54 62 17 23 32 65 42 71 77 73 100000 85 44 80 36 11 8 74 40 32 93 64 15 52 89 55 26 82 99 88 54 100000 34 8 22 80 55 5 58 70 45 0 25 61 96 31 68 0 27 8 0 5 24 99
12 96 89 5 87 46 10 58 6 32 29 97 87 100000 16 92 35 43 43 80 19 62 53 75 78 17 48 100 28 21 90 85 42 33 68 16 68 29 55 73 15 36 37 53 46 23 40 99 40 20 3 25 0 18 25 15 57 0 0 91 44 4 11 25
69 94 14 15 55 15 74 44 37 67 84 5 9 55 0 39 94 9 96 81 21 5 87 62 41 28 17 45 87 97 70 57 77 42 95 61 68 27 20 61 67 74 3 83 70 21 86 73 44 10 97 61 18 0 26 62 84 58 7 69 55 9 100000 7
12 38 12 58 0 74 57 23 28 76 16 45 49 43 97 73 31 51 62 30 53 97 62 15 25 58 16 55 48 54 29 88 53 68 68 18 73 68 80 53 100 35 4 16 67 59 18 80 91 96 45 96 25 26 0 48 12 81 77 80 85 33 25 13
40 28 73 3 22 7 87 15 27 83 71 13 9 43 100 45 96 81 13 89 14 92 77 71 90 13 84 0 19 80 7 93 99 35 37 16 0 14 42 21 87 52 4 44 55 78 18 26 93 18 52 31 15 62 48 0 74 88 91 25 73 41 69 59
11 77 17 44 85 33 35 74 95 53 5 34 100000 25 97 2 24 35 97 64 86 59 36 20 72 70 63 32 50 49 30 77 2 64 1 81 15 35 56 67 99 62 15 8 23 51 11 20 91 50 12 68 57 84 12 74 0 91 0 24 39 13 78 21
65 100000 85 100 32 100 20 52 40 59 20 59 8 85 20 2 70 49 20 21 11 27 17 65 28 9 59 67 14 37 9 97 4 42 17 66 93 58 4 97 100 59 22 3 70 29 85 95 83 55 28 0 0 58 81 88 91 0 48 31 48 90 73 71
42 52 90 1 12 10 13 73 30 55 14 13 85 49 85 91 94 16 21 86 80 33 58 74 90 96 31 29 42 97 1 50 63 78 70 90 18 93 27 81 48 74 11 45 54 26 39 74 90 39 31 27 0 7 77 91 0 48 0 19 80 26 61 84
92 0 98 93 20 96 72 82 1 31 13 55 6 11 68 7 10 1 69 13 100 45 74 17 86 98 86 82 77 79 3 49 3 80 65 59 4 82 85 48 11 15 96 100 28 86 19 13 43 81 71 8 91 69 80 25 24 31 19 0 58 81 87 48
6 52 6 19 17 5 17 32 69 94 44 95 72 57 95 85 90 59 52 100000 19 78 28 94 12 34 65 89 43 21 52 89 97 6 15 55 57 69 39 71 80 25 75 59 89 55 23 56 65 37 70 0 44 55 85 73 39 48 80 58 0 30 85 70
59 9 78 37 66 61 27 90 85 77 3 11 41 72 82 31 83 65 36 52 25 7 65 71 33 5 60 6 69 38 23 32 38 35 87 72 6 78 62 91 10 97 55 38 97 85 93 94 2 0 38 5 4 9 33 41 13 90 26 81 30 0 80 98
44 18 29 29 20 76 50 78 76 29 42 43 68 6 86 61 97 18 57 68 75 30 50 98 63 6 65 51 56 92 32 77 87 18 100000 88 17 52 25 50 64 36 5 90 73 14 54 84 79 63 38 24 11 100000 25 69 78 73 61 87 85 80 0 61
62 74 63 11 40 46 51 24 30 38 85 98 15 58 56 11 3 100 25 22 31 16 91 19 86 99 25 81 30 88 38 85 6 82 86 69 56 40 43 53 50 56 22 63 12 85 41 34 5 6 14 99 25 7 13 59 21 71 84 48 70 98 61 0
