128
0 69 23 6 46 82 30 70 61 97 83 56 82 38 66 65 92 84 44 65 22 13 100 90 42 78 98 54 72 89 42 12 78 72 43 27 24 26 65 6 74 89 39 67 100000 64 52 96 16 25 9 69 66 29 57 97 99 100 12 83 100 59 20 91 28 8 14 99 94 74 58 1 70 1 68 79 76 47 13 18 57 50 49 22 61 75 20 65 3 70 59 13 24 96 77 81 53 16 4 88 27 31 96 54 56 13 54 53 6 73 7 18 48 48 97 77 83 53 93 30 24 54 62 48 41 12 45 35
69 0 72 7 83 13 75 10 71 49 50 37 54 94 23 43 6 51 32 12 60 96 5 53 31 8 92 2 39 38 61 26 36 79 96 37 55 95 37 47 66 46 44 2 86 98 41 8 65 55 55 70 3 16 95 91 63 37 1 17 70 63 63 37 14 59 78 71 74 40 18 88 83 56 3 77 22 87 18 9 39 16 49 11 84 60 68 30 9 90 49 32 93 82 88 71 33 78 92 29 44 48 3 12 92 9 50 40 3 87 17 26 67 57 80 73 85 44 70 53 71 13 72 67 0 25 19 100000
23 72 0 53 22 20 25 65 63 22 59 87 21 39 93 26 70 14 24 76 13 59 44 18 87 16 43 83 22 65 26 17 43 95 37 48 55 100000 98 97 38 67 6 94 2 36 59 93 69 10 56 55 64 83 48 76 52 12 49 16 11 3 19 94 49 8 0 21 7 41 36 68 30 14 95 53 15 29 85 100 4 100 16 57 84 19 58 56 66 50 35 71 3 43 33 31 67 63 1 98 95 7 60 61 56 96 51 65 74 59 2 47 1 45 18 1 61 68 84 16 40 17 89 89 19 57 45 68
6 7 53 0 85 93 0 63 7 100000 6 26 74 95 63 16 67 64 11 74 73 44 45 5 35 16 41 47 35 1 63 27 68 83 20 38 10 57 95 15 72 98 77 98 72 24 38 9 51 79 5 63 65 100 77 19 88 88 69 62 51 19 75 12 46 86 41 5 88 52 71 26 27 89 35 53 35 91 22 35 73 45 24 3 83 2 66 3 100000 44 14 34 11 27 52 15 99 100 40 82 44 61 10 38 62 20 94 31 20 50 91 52 52 60 97 4 72 83 11 25 14 40 82 3 18 46 40 96
46 83 22 85 0 72 38 98 13 79 2 21 7 39 56 9 64 69 2 58 24 43 69 91 15 58 83 64 79 39 0 60 75 35 22 76 86 89 97 53 66 23 52 2 58 25 79 67 51 74 15 54 22 10 76 28 12 80 23 16 97 82 35 13 71 68 88 82 28 38 44 22 27 48 4 74 47 10 66 69 1 8 92 95 46 32 60 47 89 73 33 25 17 70 88 78 12 98 78 92 50 54 35 20 18 27 95 53 2 2 6 3 17 99 0 26 29 8 28 61 77 32 79 61 79 13 65 79
82 13 20 93 72 0 49 22 37 83 47 15 47 46 19 60 35 88 47 41 59 23 53 44 49 64 66 42 8 20 27 88 37 44 38 31 4 70 20 30 72 25 89 48 88 42 58 33 8 33 86 6 58 15 94 19 83 75 100 74 62 81 62 5 91 37 35 95 7 77 68 41 99 35 54 20 85 9 0 38 83 9 23 17 82 91 49 59 64 26 76 27 10 54 98 62 35 79 77 45 94 23 53 11 7 92 63 24 61 66 32 82 91 97 15 92 42 68 75 55 15 62 34 75 82 93 15 73
30 75 25 0 38 49 0 50 95 14 84 35 43 100000 22 81 46 76 39 4 42 100 29 71 3 11 16 56 44 79 87 76 96 78 28 73 100000 25 30 79 4 76 67 12 10 30 84 47 92 53 5 80 53 58 0 100000 0 10 37 29 64 42 36 69 50 46 71 63 78 58 23 87 81 44 38 39 58 25 14 22 67 13 1 97 13 28 8 75 39 78 52 8 35 11 31 96 38 94 95 6 100000 62 59 41 10 5 31 88 74 69 4 88 26 72 72 78 57 38 53 9 33 31 22 40 68 22 18 40
70 10 65 63 98 22 50 0 62 67 55 26 67 19 98 4 59 12 33 81 9 59 86 46 24 91 100 3 49 57 28 58 15 69 29 25 59 77 77 12 25 80 89 88 50 43 2 24 99 51 10 7 47 52 33 65 32 72 61 56 41 100000 61 43 52 46 56 30 26 36 96 21 93 3 47 48 41 91 35 54 43 95 78 47 26 67 1 69 80 49 82 50 80 19 89 32 14 1 100 53 61 52 91 29 26 91 65 14 85 34 51 55 23 52 30 9 13 81 9 40 53 53 17 1 59 18 46 10
61 71 63 7 13 37 95 62 0 52 26 70 90 70 53 42 91 20 90 85 50 90 96 88 91 2 98 62 17 42 52 90 15 91 5 2 47 44 97 10 88 46 86 87 69 36 91 11 13 15 78 49 76 69 30 83 63 45 1 70 72 53 83 48 92 65 85 78 92 44 49 39 64 100 29 62 1 50 79 59 37 76 48 60 83 86 46 81 53 25 22 12 39 66 15 95 58 9 29 10 13 31 59 67 39 33 86 35 90 18 87 28 47 41 64 24 70 77 56 19 8 92 53 27 44 47 86 39
97 49 22 100000 79 83 14 67 52 0 95 29 17 50 23 26 6 90 67 39 16 26 34 83 20 80 11 35 10 86 32 75 8 88 34 71 94 20 3 90 10 37 96 80 29 24 37 87 61 50 97 50 22 8 59 94 84 21 86 42 37 27 75 63 49 67 25 89 37 24 85 38 77 67 70 26 70 93 63 76 86 56 78 86 25 99 9 3 42 7 72 74 96 99 75 58 23 90 49 93 60 32 15 19 76 100 61 46 5 99 1 16 76 28 29 30 83 20 72 51 28 62 14 81 21 9 98 55
83 50 59 6 2 47 84 55 26 95 0 15 13 53 72 97 41 62 87 3 12 50 22 90 51 69 30 68 55 30 88 95 2 25 35 20 38 20 57 12 62 35 25 36 80 22 75 12 62 27 72 8 44 18 75 10 95 1 22 5 98 53 3 76 45 43 70 13 96 85 18 21 86 12 84 59 70 61 99 37 59 78 42 44 99 3 86 87 84 20 8 71 71 18 89 62 78 18 66 59 44 35 74 61 90 95 49 80 74 27 55 65 14 10 49 13 46 72 33 14 26 5 34 46 17 17 45 36
56 37 87 26 21 15 35 26 70 29 15 0 82 62 9 75 87 100000 17 11 87 44 56 95 43 99 5 64 79 13 51 50 97 100 15 32 9 10 80 87 30 52 71 18 54 20 85 26 70 12 12 4 3 97 53 29 24 55 19 37 21 14 92 85 53 53 18 43 23 59 75 82 10 12 25 64 70 28 96 1 38 44 35 3 18 52 25 86 21 28 37 49 29 80 29 73 6 0 80 48 2 1 99 79 20 7 97 77 19 76 99 100000 33 42 35 2 84 43 60 6 22 99 75 15 2 49 60 1
82 54 21 74 7 47 43 67 90 17 13 82 0 45 4 71 64 28 5 97 21 29 56 6 44 53 61 72 100000 30 32 20 57 13 34 88 30 19 10 49 86 47 22 54 65 100000 0 53 1 74 51 61 85 66 75 53 28 89 74 55 64 36 62 14 86 73 1 13 57 9 41 23 22 17 97 35 39 32 15 98 13 39 42 96 83 19 43 89 20 44 84 24 34 84 90 32 7 66 34 91 21 84 63 28 25 0 95 59 61 60 29 56 16 76 33 15 47 43 44 1 85 31 12 7 4 27 6 62
38 94 39 95 39 46 100000 19 70 50 53 62 45 0 95 11 75 72 75 85 0 36 28 68 63 23 46 0 36 42 2 2 39 95 37 47 30 58 59 66 28 15 33 83 31 94 15 42 47 63 81 93 40 47 0 43 1 54 81 95 28 55 88 3 39 24 69 48 86 86 66 73 22 8 78 25 92 0 79 54 78 65 40 48 44 98 95 49 47 75 10 56 68 33 54 48 83 9 45 84 36 86 100000 85 54 74 85 8 47 65 43 13 77 91 25 45 87 34 59 10 31 50 29 87 70 42 61 92
66 23 93 63 56 19 22 98 53 23 72 9 4 95 0 92 41 67 71 29 87 95 73 79 80 29 91 64 61 75 32 28 37 87 27 13 83 91 30 84 27 20 33 7 71 94 73 45 55 97 9 11 7 1 85 62 53 76 98 1 18 83 25 75 41 58 93 60 97 27 48 50 35 30 75 31 49 25 64 88 98 31 27 47 60 95 100000 72 73 0 39 16 51 4 98 71 20 71 67 80 84 69 6 10 100000 76 42 8 47 34 16 80 95 86 84 36 82 80 68 53 22 73 3 55 39 82 94 2
65 43 26 16 9 60 81 4 42 26 97 75 71 11 92 0 30 40 14 94 100 27 37 46 86 18 14 11 66 54 36 46 16 100000 63 92 12 60 60 53 96 4 86 28 58 98 100000 97 74 95 38 25 60 85 66 83 83 96 63 51 3 28 85 75 74 49 30 70 87 63 49 22 96 36 1 21 1 11 81 24 5 10 36 90 30 80 76 12 76 29 31 52 36 21 80 56 5 29 18 24 28 63 85 38 66 34 13 39 100 50 29 75 32 88 88 19 71 100 8 55 23 24 29 90 50 43 94 30
92 6 70 67 64 35 46 59 91 6 41 87 64 75 41 30 0 59 95 55 55 30 62 73 70 59 88 89 20 30 39 56 32 18 67 71 96 17 45 53 71 25 1 28 46 15 14 29 32 97 100000 19 39 5 52 24 39 50 39 75 4 21 13 44 46 45 16 3 95 81 86 54 75 52 54 13 100 82 95 80 27 53 28 34 97 90 91 44 36 5 68 50 36 39 13 18 90 31 21 59 14 47 97 64 22 8 54 25 49 7 14 50 79 16 20 98 99 100000 63 98 34 2 18 11 43 94 85 50
84 51 14 64 69 88 76 12 20 90 62 100000 28 72 67 40 59 0 9 81 38 27 19 87 30 68 51 2 17 58 26 30 74 65 20 64 4 50 39 55 59 14 76 37 72 27 33 79 100 5 18 33 10 51 30 7 3 58 78 64 74 94 3 30 6 62 25 31 62 69 49 45 78 28 57 82 72 18 80 56 44 98 69 69 99 90 80 24 48 86 81 30 27 35 16 13 93 13 47 20 62 73 58 88 71 57 28 95 62 28 11 45 72 69 25 83 2 74 2 62 40 37 77 80 50 44 14 7
44 32 24 11 2 47 39 33 90 67 87 17 5 75 71 14 95 9 0 74 96 84 9 14 68 60 44 13 2 19 99 59 9 73 90 64 66 61 86 10 20 96 97 26 60 47 27 76 55 31 23 91 28 52 24 8 17 13 85 43 31 66 69 18 51 53 38 40 68 60 96 43 100 100000 87 24 8 97 86 80 98 37 4 99 74 91 32 36 9 74 24 83 0 29 100 51 78 13 51 78 17 94 76 88 50 91 40 91 50 9 44 4 73 6 0 100 20 44 89 39 60 49 2 47 65 17 72 78
65 12 76 74 58 41 4 81 85 39 3 11 97 85 29 94 55 81 74 0 61 3 41 75 61 39 18 7 23 11 60 61 35 48 9 24 46 94 75 89 88 34 94 22 44 93 70 74 82 6 43 38 32 91 100000 69 24 7 64 45 19 1 21 31 45 6 31 55 33 10 6 60 41 3 89 40 9 99 63 38 66 81 28 9 74 33 80 80 36 21 59 52 81 92 9 36 4 21 31 20 99 91 2 83 99 49 45 49 70 97 6 31 64 83 58 34 87 84 80 33 39 2 37 46 91 83 63 14
22 60 13 73 24 59 42 9 50 16 12 87 21 0 87 100 55 38 96 61 0 48 98 39 7 53 24 89 12 91 91 53 37 73 0 56 74 30 21 96 59 20 99 0 55 69 87 53 38 50 4 0 55 6 53 88 52 43 21 27 15 69 92 83 90 38 6 52 60 14 4 56 26 66 50 8 35 85 93 76 99 90 86 36 44 95 13 11 72 15 50 87 15 60 66 77 40 44 12 86 18 7 27 28 44 61 62 75 52 63 35 69 81 83 66 89 68 57 65 99 36 57 44 55 39 45 54 82
13 96 59 44 43 23 100 59 90 26 50 44 29 36 95 27 30 27 84 3 48 0 37 46 2 24 82 92 49 54 81 84 61 48 39 26 9 88 87 8 91 11 26 40 38 74 42 57 90 2 86 20 41 51 53 24 60 59 58 30 96 39 56 85 85 58 50 61 82 37 97 35 97 6 38 61 0 9 5 28 69 8 59 35 60 46 61 13 77 100000 4 62 78 87 54 69 66 51 22 30 3 97 95 15 30 75 17 47 89 54 33 52 19 3 28 43 100 5 9 13 34 88 43 65 11 76 34 78
100 5 44 45 69 53 29 86 96 34 22 56 56 28 73 37 62 19 9 41 98 37 0 63 54 91 67 82 72 22 52 71 4 12 4 50 66 94 1 38 60 93 9 24 22 29 23 91 99 16 55 35 18 56 84 49 94 72 72 67 39 30 80 73 65 60 39 83 54 86 62 31 77 56 19 25 65 93 6 40 24 51 97 52 31 79 97 55 33 5 66 74 80 31 57 40 44 39 77 18 82 3 8 94 39 38 39 41 19 25 6 64 92 54 45 24 99 99 56 16 93 67 69 55 2 48 42 46
90 53 18 5 91 44 71 46 88 83 90 95 6 68 79 46 73 87 14 75 39 46 63 0 4 44 5 47 66 72 23 95 11 92 51 81 48 27 29 3 0 14 97 13 100 7 33 62 56 75 20 54 9 45 34 23 67 18 70 76 69 51 42 1 46 53 9 20 13 94 36 27 73 78 73 5 79 31 85 15 12 55 69 33 43 43 1 38 4 72 36 69 74 49 48 51 49 90 49 59 26 49 88 20 49 66 39 77 84 31 49 1 95 3 79 38 61 83 29 87 40 61 23 70 55 90 42 59
42 31 87 35 15 49 3 24 91 20 51 43 44 63 80 86 70 30 68 61 7 2 54 4 0 94 28 80 11 83 20 16 3 37 38 19 83 52 87 92 3 91 85 7 46 86 88 46 88 95 100 52 0 28 46 37 100000 100000 83 33 52 26 100 5 96 50 94 3 15 50 100 59 54 37 88 17 25 23 95 84 29 50 88 83 3 34 72 65 82 56 13 68 96 87 58 28 64 57 24 65 54 100 3 9 79 43 71 100000 93 88 36 31 59 36 45 100 11 4 50 79 69 90 9 9 23 25 7 58
78 8 16 16 58 64 11 91 2 80 69 99 53 23 29 18 59 68 60 39 53 24 91 44 94 0 47 100000 95 22 100000 53 31 71 12 26 35 93 98 29 0 74 2 58 41 34 50 30 24 99 24 54 56 45 49 21 23 93 2 83 28 98 41 39 68 47 12 46 12 77 8 69 49 38 13 92 50 2 85 19 86 75 25 84 96 6 27 7 62 99 19 22 74 8 59 71 3 100 98 65 67 19 80 25 76 37 68 61 96 16 100000 81 86 81 59 74 16 96 22 8 10 4 16 9 48 100000 34 3
98 92 43 41 83 66 16 100 98 11 30 5 61 46 91 14 88 51 44 18 24 82 67 5 28 47 0 23 73 88 70 66 33 49 69 83 44 16 51 21 0 14 51 58 25 63 85 29 71 13 33 33 62 39 71 99 28 57 44 13 27 62 68 15 84 50 26 56 96 17 27 33 55 18 53 55 21 49 1 80 1 74 20 68 24 8 41 68 32 28 16 64 28 43 86 80 3 8 76 40 4 90 40 95 64 50 63 45 22 36 51 44 44 73 48 85 77 7 98 35 77 33 54 38 79 37 36 37
54 2 83 47 64 42 56 3 62 35 68 64 72 0 64 11 89 2 13 7 89 92 82 47 80 100000 23 0 29 68 35 85 81 0 68 60 17 96 30 8 10 28 58 14 49 95 8 6 15 95 42 72 73 100000 28 84 67 23 57 73 5 73 40 45 37 72 20 29 100000 11 100 51 81 15 17 60 51 98 11 67 27 78 89 35 93 18 27 14 90 96 29 30 88 57 70 57 92 0 82 81 23 82 90 100 17 16 33 57 16 34 18 50 40 97 42 61 2 75 82 2 8 75 87 65 95 38 25 11
72 39 22 35 79 8 44 49 17 10 55 79 100000 36 61 66 20 17 2 23 12 49 72 66 11 95 73 29 0 17 71 98 11 22 19 95 91 56 26 65 1 58 20 90 74 32 80 44 19 61 88 13 5 50 99 96 97 28 41 85 92 94 70 19 25 21 14 74 71 54 91 32 9 0 9 8 33 74 4 100 27 48 56 58 52 84 60 91 9 61 68 97 34 55 94 78 49 9 89 91 62 61 87 78 37 97 66 15 13 58 98 50 31 97 10 88 39 60 66 36 38 39 38 49 48 16 90 13
89 38 65 1 39 20 79 57 42 86 30 13 30 42 75 54 30 58 19 11 91 54 22 72 83 22 88 68 17 0 51 67 0 21 43 37 33 48 76 7 1 1 16 87 35 87 76 36 89 22 88 54 54 13 14 65 8 14 29 93 37 75 34 45 92 89 23 56 73 15 78 14 68 6 98 86 57 91 32 72 97 14 100 100 4 79 12 58 65 90 91 70 9 54 64 5 35 47 90 28 3 96 68 50 51 79 51 37 97 35 74 85 80 80 42 19 52 66 39 41 1 81 83 35 94 82 9 69
42 61 26 63 0 27 87 28 52 32 88 51 32 2 32 36 39 26 99 60 91 81 52 23 20 100000 70 35 71 51 0 25 97 69 71 10 59 49 100000 36 32 98 83 57 90 28 21 87 8 14 66 65 78 60 51 25 91 72 63 14 43 45 88 12 9 6 6 42 78 0 61 30 96 91 53 73 18 64 7 83 75 59 49 21 18 45 75 94 34 71 43 7 49 40 66 45 38 15 80 84 41 8 76 20 86 34 73 77 55 82 2 87 94 82 13 95 88 100 96 37 100000 86 74 94 21 100000 26 76
12 26 17 27 60 88 76 58 90 75 95 50 20 2 28 46 56 30 59 61 53 84 71 95 16 53 66 85 98 67 25 0 76 72 36 29 62 40 24 36 75 68 28 7 69 7 11 60 29 86 56 50 80 99 48 80 48 54 64 79 80 44 89 60 70 49 92 17 92 3 94 97 5 84 77 73 28 2 43 19 35 59 93 9 15 94 61 67 83 67 9 45 23 20 75 44 5 56 14 25 18 77 53 55 66 42 71 58 28 1 22 13 51 9 81 93 71 56 13 80 96 85 66 40 58 72 80 8
78 36 43 68 75 37 96 15 15 8 2 97 57 39 37 16 32 74 9 35 37 61 4 11 3 31 33 81 11 0 97 76 0 10 55 79 52 2 93 95 52 76 13 30 4 72 63 40 47 30 63 87 92 7 60 4 100000 5 44 5 76 54 80 55 74 12 26 24 90 62 83 9 70 64 45 12 43 7 79 98 53 82 76 64 49 44 47 0 4 94 23 70 17 1 96 96 76 44 22 60 58 97 8 9 1 84 98 7 69 97 98 5 100 68 71 35 92 43 54 4 7 60 5 79 11 80 22 93
72 79 95 83 35 44 78 69 91 88 25 100 13 95 87 100000 18 65 73 48 73 48 12 92 37 71 49 0 22 21 69 72 10 0 80 92 42 65 17 24 64 57 9 52 13 81 43 1 0 3 40 88 17 89 71 57 53 58 37 92 19 41 35 83 56 85 32 42 81 0 13 74 87 46 2 17 91 87 77 89 66 43 95 73 35 27 5 65 61 83 59 62 53 66 15 79 40 14 9 40 30 75 57 48 64 19 8 67 100000 78 25 83 90 13 48 12 99 92 3 87 2 25 44 72 69 15 44 47
43 96 37 20 22 38 28 29 5 34 35 15 34 37 27 63 67 20 90 9 0 39 4 51 38 12 69 68 19 43 71 36 55 80 0 9 29 2 79 85 80 92 42 30 60 36 91 25 76 61 5 92 66 72 25 86 80 36 4 47 73 24 24 32 56 4 95 44 49 63 4 96 27 39 38 0 57 31 49 77 67 8 100000 66 31 37 18 61 20 59 28 26 3 80 16 53 2 26 65 63 73 49 75 22 38 88 34 95 8 9 11 47 92 98 61 32 77 32 20 51 100 65 34 1 86 1 0 12
27 37 48 38 76 31 73 25 2 71 20 32 88 47 13 92 71 64 64 24 56 26 50 81 19 26 83 60 95 37 10 29 79 92 9 0 49 74 8 70 67 50 70 6 55 99 88 6 21 80 7 2 32 61 57 33 62 96 41 5 50 33 7 45 41 12 91 22 14 77 5 47 45 16 29 73 72 64 43 19 88 17 98 41 66 20 15 48 84 25 62 49 24 5 76 92 47 47 56 55 38 9 89 35 97 11 39 59 54 8 45 53 90 17 60 100000 19 56 68 82 100 49 48 100000 56 62 100000 3
24 55 55 10 86 4 100000 59 47 94 38 9 30 30 83 12 96 4 66 46 74 9 66 48 83 35 44 17 91 33 59 62 52 42 29 49 0 86 55 52 57 20 53 85 26 50 57 41 25 27 0 89 23 76 50 49 63 62 10 4 73 100000 73 15 89 75 95 17 45 41 51 12 8 66 21 24 43 100 70 49 71 10 20 62 7 44 97 12 69 1 65 78 67 69 2 49 68 24 65 38 77 49 52 62 68 97 0 100000 64 40 16 93 35 90 19 76 65 36 28 96 19 12 67 24 93 38 39 0
26 95 100000 57 89 70 25 77 44 20 20 10 19 58 91 60 17 50 61 94 30 88 94 27 52 93 16 96 56 48 49 40 2 65 2 74 86 0 25 33 38 43 44 31 32 69 41 17 17 46 57 18 94 30 98 100 91 76 36 56 82 44 81 83 12 3 75 52 77 31 97 93 34 27 99 48 86 48 17 84 88 77 91 27 71 42 50 12 76 26 20 80 77 19 64 39 96 97 75 47 77 43 98 92 61 78 37 44 76 14 97 57 100000 30 27 72 2 70 31 57 54 83 49 28 65 67 30 6
65 37 98 95 97 20 30 77 97 3 57 80 10 59 30 60 45 39 86 75 21 87 1 29 87 98 51 30 26 76 100000 24 93 17 79 8 55 25 0 16 46 66 46 25 72 21 43 100 93 76 47 53 25 74 49 39 53 87 10 99 82 42 72 36 82 8 95 60 2 30 21 94 3 88 15 13 45 72 38 18 97 100 85 11 43 55 33 10 28 2 37 10 100 86 44 75 51 86 5 75 42 73 27 38 22 42 79 13 43 45 29 97 25 45 67 47 46 82 51 79 1 9 39 78 100000 71 40 16
6 47 97 15 53 30 79 12 10 90 12 87 49 66 84 53 53 55 10 89 96 8 38 3 92 29 21 8 65 7 36 36 95 24 85 70 52 33 16 0 96 20 42 21 51 66 8 6 50 7 47 23 38 95 71 1 92 55 94 32 42 57 15 56 83 9 8 76 41 13 17 1 65 86 76 49 77 76 16 72 2 22 95 98 24 9 17 64 77 90 0 59 78 53 52 49 26 8 39 93 85 17 38 20 52 42 32 41 4 5 77 52 6 80 63 45 93 42 8 87 5 77 84 14 41 14 54 24
74 66 38 72 66 72 4 25 88 10 62 30 86 28 27 96 71 59 20 88 59 91 60 0 3 0 0 10 1 1 32 75 52 64 80 67 57 38 46 96 0 100000 16 44 5 17 74 37 38 45 9 3 53 98 59 50 11 100 14 14 19 62 56 47 17 60 67 28 62 57 16 52 53 3 4 36 44 6 76 43 3 21 29 45 96 64 95 40 82 79 44 16 49 79 64 9 61 40 53 17 5 40 2 92 4 41 7 99 5 10 19 21 97 71 41 53 100000 5 86 30 6 83 96 64 31 40 3 77
89 46 67 98 23 25 76 80 46 37 35 52 47 15 20 4 25 14 96 34 20 11 93 14 91 74 14 28 58 1 98 68 76 57 92 50 20 43 66 20 100000 0 60 53 68 11 29 89 21 75 27 66 54 37 3 80 92 52 35 8 51 96 79 93 100000 41 94 10 87 84 38 43 19 63 32 93 88 85 97 31 50 93 1 82 4 30 1 68 21 10 28 100000 39 95 3 6 66 93 6 28 46 73 41 99 88 36 51 86 76 15 21 41 70 90 49 86 72 76 84 34 86 89 38 65 20 5 97 91
39 44 6 77 52 89 67 89 86 96 25 71 22 33 33 86 1 76 97 94 99 26 9 97 85 2 51 58 20 16 83 28 13 9 42 70 53 44 46 42 16 60 0 77 21 41 72 73 87 17 0 83 48 100 19 48 64 95 77 23 53 28 34 29 88 80 67 96 57 11 4 90 41 17 79 86 16 73 15 100000 68 84 32 18 73 69 79 9 92 32 79 69 11 27 96 6 90 57 37 17 94 63 14 74 3 26 80 74 28 42 64 2 29 61 34 72 5 60 9 1 77 89 62 49 55 83 47 55
67 2 94 98 2 48 12 88 87 80 36 18 54 83 7 28 28 37 26 22 0 40 24 13 7 58 58 14 90 87 57 7 30 52 30 6 85 31 25 21 44 53 77 0 97 50 58 15 97 59 85 74 31 8 70 34 14 99 69 36 45 73 90 16 21 66 1 38 29 57 2 83 71 72 70 71 69 34 21 65 98 100 30 83 76 93 78 99 60 59 27 87 15 38 14 71 69 23 61 17 82 20 27 68 61 84 13 45 3 34 62 98 81 35 42 43 23 71 100000 66 91 44 53 10 60 45 75 73
100000 86 2 72 58 88 10 50 69 29 80 54 65 31 71 58 46 72 60 44 55 38 22 100 46 41 25 49 74 35 90 69 4 13 60 55 26 32 72 51 5 68 21 97 0 78 83 87 21 21 4 60 84 11 81 64 28 95 22 39 7 23 47 50 40 88 75 2 78 46 52 100 22 86 87 85 29 66 70 80 49 60 24 87 24 97 14 88 65 44 38 95 82 21 13 65 96 88 32 70 30 41 11 41 15 68 82 89 93 90 51 57 72 13 82 48 25 54 96 84 53 21 59 27 87 1 60 47
64 98 36 24 25 42 30 43 36 24 22 20 100000 94 94 98 15 27 47 93 69 74 29 7 86 34 63 95 32 87 28 7 72 81 36 99 50 69 21 66 17 11 41 50 78 0 69 53 82 59 19 22 45 39 78 94 94 96 51 36 84 12 0 86 90 100 8 76 5 36 33 36 85 95 77 37 77 89 76 92 11 11 1 80 52 98 53 61 31 99 15 90 72 15 35 67 53 67 24 61 23 76 39 46 53 98 56 97 58 99 99 29 51 80 54 20 77 64 5 94 24 15 68 73 89 41 82 27
52 41 59 38 79 58 84 2 91 37 75 85 0 15 73 100000 14 33 27 70 87 42 23 33 88 50 85 8 80 76 21 11 63 43 91 88 57 41 43 8 74 29 72 58 83 69 0 100000 62 53 23 15 71 7 48 1 33 5 14 96 22 7 35 41 47 48 52 49 99 64 83 12 60 12 93 24 73 16 86 100000 5 34 82 75 97 34 81 24 12 20 19 56 86 70 33 39 88 48 85 67 58 84 87 60 94 95 18 73 74 80 35 67 64 87 68 84 99 94 84 44 82 45 16 59 40 68 20 100
96 8 93 9 67 33 47 24 11 87 12 26 53 42 45 97 29 79 76 74 53 57 91 62 46 30 29 6 44 36 87 60 40 1 25 6 41 17 100 6 37 89 73 15 87 53 100000 0 9 51 87 79 54 6 94 75 61 39 53 95 51 55 57 58 66 33 71 68 18 71 85 13 58 9 40 70 9 39 22 39 49 23 31 67 24 31 99 26 25 58 85 69 45 10 52 82 36 32 98 51 94 54 99 63 84 4 55 31 0 79 43 6 47 70 91 25 87 67 14 36 60 99 32 54 86 17 23 64
16 65 69 51 51 8 92 99 13 61 62 70 1 47 55 74 32 100 55 82 38 90 99 56 88 24 71 15 19 89 8 29 47 0 76 21 25 17 93 50 38 21 87 97 21 82 62 9 0 64 63 32 79 83 43 12 14 90 42 39 40 58 12 46 43 24 72 60 2 59 6 91 62 0 36 74 52 92 50 50 23 58 47 63 85 80 21 96 3 91 8 3 11 90 42 1 57 86 90 50 33 51 27 81 62 69 83 83 27 51 12 86 24 8 47 87 15 32 92 91 31 82 28 11 34 91 86 78
25 55 10 79 74 33 53 51 15 50 27 12 74 63 97 95 97 5 31 6 50 2 16 75 95 99 13 95 61 22 14 86 30 3 61 80 27 46 76 7 45 75 17 59 21 59 53 51 64 0 54 68 72 30 1 76 27 24 13 20 72 12 15 40 62 3 62 51 43 30 86 37 2 63 48 98 95 3 60 28 88 73 12 26 93 11 35 47 100 8 88 12 16 20 2 12 35 40 76 10 97 61 5 97 3 76 6 94 76 23 89 1 69 14 15 21 66 32 52 83 93 77 83 59 44 44 86 100
9 55 56 5 15 86 5 10 78 97 72 12 51 81 9 38 100000 18 23 43 4 86 55 20 100 24 33 42 88 88 66 56 63 40 5 7 0 57 47 47 9 27 0 85 4 19 23 87 63 54 0 64 42 28 62 42 81 64 53 25 32 52 80 0 62 33 77 90 48 17 26 48 7 66 100000 2 28 23 86 33 56 31 60 73 46 98 28 91 8 45 55 65 21 66 7 92 76 35 39 21 64 3 99 4 46 33 92 1 100 77 47 11 4 15 60 85 45 81 63 9 81 55 45 84 48 37 22 83
69 70 55 63 54 6 80 7 49 50 8 4 61 93 11 25 19 33 91 38 0 20 35 54 52 54 33 72 13 54 65 50 87 88 92 2 89 18 53 23 3 66 83 74 60 22 15 79 32 68 64 0 92 37 56 42 61 57 99 13 29 25 67 97 17 6 21 26 67 21 34 58 21 79 85 3 73 49 73 98 95 89 87 80 89 51 84 40 38 83 69 100000 78 53 31 28 51 97 90 27 18 31 25 36 78 87 35 84 7 96 4 88 2 48 37 20 97 29 65 62 39 61 83 76 12 56 41 77
66 3 64 65 22 58 53 47 76 22 44 3 85 40 7 60 39 10 28 32 55 41 18 9 0 56 62 73 5 54 78 80 92 17 66 32 23 94 25 38 53 54 48 31 84 45 71 54 79 72 42 92 0 63 87 25 51 11 77 52 38 66 47 44 18 31 85 82 41 29 84 38 31 32 11 74 34 95 11 69 78 32 43 41 65 50 49 78 80 56 2 18 97 9 13 64 38 82 79 83 13 69 63 63 38 22 57 75 63 97 51 39 73 70 59 57 78 68 31 71 10 30 68 68 27 26 55 83
29 16 83 100 10 15 58 52 69 8 18 97 66 47 1 85 5 51 52 91 6 51 56 45 28 45 39 100000 50 13 60 99 7 89 72 61 76 30 74 95 98 37 100 8 11 39 7 6 83 30 28 37 63 0 50 37 34 14 87 83 49 65 0 84 23 97 5 65 91 91 37 23 35 59 77 98 68 4 93 10 92 88 28 93 64 12 67 46 84 5 87 37 54 100000 67 21 37 56 51 58 51 10 80 16 19 72 12 7 65 90 16 81 69 0 23 28 42 92 45 61 24 67 22 37 82 36 58 43
57 95 48 77 76 94 0 33 30 59 75 53 75 0 85 66 52 30 24 100000 53 53 84 34 46 49 71 28 99 14 51 48 60 71 25 57 50 98 49 71 59 3 19 70 81 78 48 94 43 1 62 56 87 50 0 1 74 75 80 72 87 36 87 75 97 72 54 43 34 2 24 48 80 35 50 77 7 87 76 91 49 52 54 13 51 6 87 94 36 0 21 54 79 81 93 86 26 100 66 76 38 7 79 1 74 54 61 97 43 94 53 17 89 88 31 22 74 9 82 100 10 48 4 93 50 62 62 34
97 91 76 19 28 19 100000 65 83 94 10 29 53 43 62 83 24 7 8 69 88 24 49 23 37 21 99 84 96 65 25 80 4 57 86 33 49 100 39 1 50 80 48 34 64 94 1 75 12 76 42 42 25 37 1 0 54 52 84 73 90 8 87 82 10 96 55 18 67 8 23 15 51 76 28 67 14 3 13 94 27 86 78 94 49 73 91 69 3 94 86 12 51 100 18 58 22 88 40 8 29 91 3 79 94 74 52 18 30 39 71 36 82 66 41 14 67 49 15 72 91 90 28 22 18 58 74 20
99 63 52 88 12 83 0 32 63 84 95 24 28 1 53 83 39 3 17 24 52 60 94 67 100000 23 28 67 97 8 91 48 100000 53 80 62 63 91 53 92 11 92 64 14 28 94 33 61 14 27 81 61 51 34 74 54 0 33 76 11 9 40 100 93 26 74 70 86 73 32 46 8 77 86 65 91 48 26 56 24 42 3 89 74 53 42 77 25 29 66 77 99 28 0 27 8 3 9 4 51 85 8 60 20 75 14 33 68 56 99 89 24 95 4 85 40 3 100 50 71 17 4 66 99 24 89 46 79
100 37 12 88 80 75 10 72 45 21 1 55 89 54 76 96 50 58 13 7 43 59 72 18 100000 93 57 23 28 14 72 54 5 58 36 96 62 76 87 55 100 52 95 99 95 96 5 39 90 24 64 57 11 14 75 52 33 0 100 85 23 9 15 18 69 55 36 56 16 66 43 89 6 94 28 42 36 12 21 79 5 36 32 58 7 99 28 82 33 99 13 14 76 17 49 47 8 36 21 50 60 82 58 44 15 17 92 10 51 26 72 91 3 70 61 3 17 80 81 67 94 62 26 23 58 65 34 89
12 1 49 69 23 100 37 61 1 86 22 19 74 81 98 63 39 78 85 64 21 58 72 70 83 2 44 57 41 29 63 64 44 37 4 41 10 36 10 94 14 35 77 69 22 51 14 53 42 13 53 99 77 87 80 84 76 100 0 21 27 90 20 14 24 46 27 94 94 48 84 23 49 23 1 57 100000 23 33 39 84 14 100000 56 38 80 65 76 84 60 46 57 0 5 44 40 45 5 97 82 35 2 58 6 87 19 7 82 59 58 30 16 3 43 27 1 100000 35 86 32 39 35 43 79 6 25 27 71
83 17 16 62 16 74 29 56 70 42 5 37 55 95 1 51 75 64 43 45 27 30 67 76 33 83 13 73 85 93 14 79 5 92 47 5 4 56 99 32 14 8 23 36 39 36 96 95 39 20 25 13 52 83 72 73 11 85 21 0 4 39 68 63 97 76 0 94 84 54 28 60 100 27 79 12 27 85 2 16 38 33 10 69 1 37 55 58 78 9 73 86 79 98 67 91 32 67 57 5 85 80 61 74 9 72 96 74 28 77 95 60 80 4 32 4 36 42 21 57 12 22 45 86 89 70 31 88
100 70 11 51 97 62 64 41 72 37 98 21 64 28 18 3 4 74 31 19 15 96 39 69 52 28 27 5 92 37 43 80 76 19 73 50 73 82 82 42 19 51 53 45 7 84 22 51 40 72 32 29 38 49 87 90 9 23 27 4 0 4 85 46 85 43 95 39 61 81 31 67 32 64 90 89 17 83 91 93 86 57 83 38 98 65 52 100000 77 15 0 22 84 72 24 90 2 86 47 58 7 71 87 34 66 33 66 5 16 79 53 84 28 45 100 80 2 55 59 75 49 49 77 61 23 52 55 56
59 63 3 19 82 81 42 100000 53 27 53 14 36 55 83 28 21 94 66 1 69 39 30 51 26 98 62 73 94 75 45 44 54 41 24 33 100000 44 42 57 62 96 28 73 23 12 7 55 58 12 52 25 66 65 36 8 40 9 90 39 4 0 94 68 2 90 89 34 46 7 25 4 77 50 85 85 17 46 79 81 36 41 44 37 94 34 67 6 90 80 64 23 29 48 69 5 36 4 96 20 61 7 42 30 23 7 91 58 18 41 26 48 65 29 93 92 92 33 65 11 38 75 24 28 39 18 54 62
20 63 19 75 35 62 36 61 83 75 3 92 62 88 25 85 13 3 69 21 92 56 80 42 100 41 68 40 70 34 88 89 80 35 24 7 73 81 72 15 56 79 34 90 47 0 35 57 12 15 80 67 47 0 87 87 100 15 20 68 85 94 0 15 52 97 68 42 84 100000 10 15 76 86 39 18 23 16 18 70 100000 30 90 10 5 53 39 57 5 52 34 78 22 3 54 94 26 73 9 20 44 42 93 76 26 26 65 79 77 66 69 92 78 26 62 88 16 23 49 26 25 35 44 89 17 41 74 82
91 37 94 12 13 5 69 43 48 63 76 85 14 3 75 75 44 30 18 31 83 85 73 1 5 39 15 45 19 45 12 60 55 83 32 45 15 83 36 56 47 93 29 16 50 86 41 58 46 40 0 97 44 84 75 82 93 18 14 63 46 68 15 0 17 47 92 62 9 38 0 41 88 75 99 48 47 39 80 76 97 28 26 33 26 92 73 17 59 47 100000 90 39 86 26 75 87 30 6 71 23 71 78 17 83 16 20 10 69 69 99 93 45 92 19 88 82 90 51 72 55 100 81 56 88 59 77 19
28 14 49 46 71 91 50 52 92 49 45 53 86 39 41 74 46 6 51 45 90 85 65 46 96 68 84 37 25 92 9 70 74 56 56 41 89 12 82 83 17 100000 88 21 40 90 47 66 43 62 62 17 18 23 97 10 26 69 24 97 85 2 52 17 0 22 68 80 46 18 47 28 35 43 47 75 4 99 80 38 80 47 44 37 53 70 16 71 57 81 42 65 52 15 17 79 68 96 97 57 54 87 17 83 21 10 46 41 28 55 14 34 3 44 74 71 43 25 95 7 22 16 87 77 52 43 100000 6
8 59 8 86 68 37 46 46 65 67 43 53 73 24 58 49 45 62 53 6 38 58 60 53 50 47 50 72 21 89 6 49 12 85 4 12 75 3 8 9 60 41 80 66 88 100 48 33 24 3 33 6 31 97 72 96 74 55 46 76 43 90 97 47 22 0 45 8 48 90 19 73 54 84 14 59 14 47 37 87 88 12 97 58 28 26 53 52 73 78 12 32 30 77 43 6 18 49 70 51 33 60 39 86 6 4 39 79 30 93 76 67 87 19 100 20 70 87 69 12 90 77 8 57 100 19 26 52
14 78 0 41 88 35 71 56 85 25 70 18 1 69 93 30 16 25 38 31 6 50 39 9 94 12 26 20 14 23 6 92 26 32 95 91 95 75 95 8 67 94 67 1 75 8 52 71 72 62 77 21 85 5 54 55 70 36 27 0 95 89 68 92 68 45 0 26 8 55 68 2 30 51 28 74 81 18 31 1 60 67 45 64 24 42 46 24 48 66 39 1 80 65 38 53 64 65 20 78 62 4 98 33 20 46 32 30 1 96 42 2 34 41 18 80 81 40 51 24 13 56 95 80 75 4 93 77
99 71 21 5 82 95 63 30 78 89 13 43 13 48 60 70 3 31 40 55 52 61 83 20 3 46 56 29 74 56 42 17 24 42 44 22 17 52 60 76 28 10 96 38 2 76 49 68 60 51 90 26 82 65 43 18 86 56 94 94 39 34 42 62 80 8 26 0 51 89 50 90 64 47 53 2 7 36 38 30 90 59 7 71 0 6 67 67 12 39 66 13 31 80 43 100000 12 18 69 3 42 58 97 21 44 6 93 7 73 58 20 26 6 75 90 24 72 66 54 56 95 81 93 14 95 68 79 32
94 74 7 88 28 7 78 26 92 37 96 23 57 86 97 87 95 62 68 33 60 82 54 13 15 12 96 100000 71 73 78 92 90 81 49 14 45 77 2 41 62 87 57 29 78 5 99 18 2 43 48 67 41 91 34 67 73 16 94 84 61 46 84 9 46 48 8 51 0 85 83 71 10 96 23 10 23 44 18 71 47 89 95 54 25 95 39 44 99 58 87 8 65 73 59 72 59 88 72 100 100000 78 52 35 49 87 56 34 62 88 33 97 45 82 41 28 57 22 53 77 9 23 7 65 42 79 97 76
74 40 41 52 38 77 58 36 44 24 85 59 9 86 27 63 81 69 60 10 14 37 86 94 50 77 17 11 54 15 0 3 62 0 63 77 41 31 30 13 57 84 11 57 46 36 64 71 59 30 17 21 29 91 2 8 32 66 48 54 81 7 100000 38 18 90 55 89 85 0 28 24 5 92 79 4 70 31 30 85 59 81 96 47 7 92 88 18 85 50 70 3 10 70 58 47 23 100000 46 27 93 30 51 100 29 46 7 42 54 7 93 93 80 84 90 59 24 69 72 10 13 85 14 11 97 51 77 29
58 18 36 71 44 68 23 96 49 85 18 75 41 66 48 49 86 49 96 6 4 97 62 36 100 8 27 100 91 78 61 94 83 13 4 5 51 97 21 17 16 38 4 2 52 33 83 85 6 86 26 34 84 37 24 23 46 43 84 28 31 25 10 0 47 19 68 50 83 28 0 66 80 83 64 11 93 12 91 52 22 39 55 62 47 40 76 28 97 14 42 45 6 78 98 27 31 32 92 0 24 71 45 41 48 44 95 87 91 28 87 15 79 2 37 30 27 68 25 47 88 46 33 67 61 29 69 62
1 88 68 26 22 41 87 21 39 38 21 82 23 73 50 22 54 45 43 60 56 35 31 27 59 69 33 51 32 14 30 97 9 74 96 47 12 93 94 1 52 43 90 83 100 36 12 13 91 37 48 58 38 23 48 15 8 89 23 60 67 4 15 41 28 73 2 90 71 24 66 0 18 3 54 30 94 71 81 54 26 67 19 100 86 21 94 6 61 49 21 74 57 7 76 81 73 94 24 60 49 36 49 81 23 32 23 96 45 1 27 54 76 81 81 58 6 23 0 62 41 9 94 39 78 79 4 33
70 83 30 27 27 99 81 93 64 77 86 10 22 22 35 96 75 78 100 41 26 97 77 73 54 49 55 81 9 68 96 5 70 87 27 45 8 34 3 65 53 19 41 71 22 85 60 58 62 2 7 21 31 35 80 51 77 6 49 100 32 77 76 88 35 54 30 64 10 5 80 18 0 27 76 92 35 66 39 11 95 31 35 57 70 64 70 59 54 8 12 8 42 36 75 4 5 70 39 39 13 73 78 26 100 20 39 84 79 69 96 51 84 54 45 31 70 35 12 63 22 19 15 77 32 59 9 86
1 56 14 89 48 35 44 3 100 67 12 12 17 8 30 36 52 28 100000 3 66 6 56 78 37 38 18 15 0 6 91 84 64 46 39 16 66 27 88 86 3 63 17 72 86 95 12 9 0 63 66 79 32 59 35 76 86 94 23 27 64 50 86 75 43 84 51 47 96 92 83 3 27 0 3 74 74 83 68 38 1 24 65 79 71 78 9 71 0 59 61 86 35 24 90 41 27 67 8 92 80 38 12 92 13 74 95 95 37 92 36 35 74 99 66 64 42 50 7 97 90 34 43 16 9 88 68 29
68 3 95 35 4 54 38 47 29 70 84 25 97 78 75 1 54 57 87 89 50 38 19 73 88 13 53 17 9 98 53 77 45 2 38 29 21 99 15 76 4 32 79 70 87 77 93 40 36 48 100000 85 11 77 50 28 65 28 1 79 90 85 39 99 47 14 28 53 23 79 64 54 76 3 0 89 40 24 22 66 52 66 80 1 84 68 27 84 51 82 87 1 55 19 89 9 22 73 41 1 77 36 96 61 32 82 85 22 27 81 44 55 4 92 80 36 38 39 75 72 79 4 36 98 90 32 53 12
79 77 53 53 74 20 39 48 62 26 59 64 35 25 31 21 13 82 24 40 8 61 25 5 17 92 55 60 8 86 73 73 12 17 0 73 24 48 13 49 36 93 86 71 85 37 24 70 74 98 2 3 74 98 77 67 91 42 57 12 89 85 18 48 75 59 74 2 10 4 11 30 92 74 89 0 49 1 20 49 75 57 56 57 99 92 13 37 86 16 56 13 73 65 0 29 45 48 54 29 64 97 6 45 85 75 47 12 48 28 28 68 81 28 73 28 74 81 55 53 13 100 10 75 13 24 58 0
76 22 15 35 47 85 58 41 1 70 70 70 39 92 49 1 100 72 8 9 35 0 65 79 25 50 21 51 33 57 18 28 43 91 57 72 43 86 45 77 44 88 16 69 29 77 73 9 52 95 28 73 34 68 7 14 48 36 100000 27 17 17 23 47 4 14 81 7 23 70 93 94 35 74 40 49 0 32 44 1 66 6 82 42 72 30 57 17 73 55 48 16 26 53 41 0 73 78 14 77 56 25 85 97 37 74 60 16 31 67 29 24 76 19 97 54 39 25 32 66 52 13 79 34 92 93 90 83
47 87 29 91 10 9 25 91 50 93 61 28 32 0 25 11 82 18 97 99 85 9 93 31 23 2 49 98 74 91 64 2 7 87 31 64 100 48 72 76 6 85 73 34 66 89 16 39 92 3 23 49 95 4 87 3 26 12 23 85 83 46 16 39 99 47 18 36 44 31 12 71 66 83 24 1 32 0 21 38 69 81 80 97 60 83 49 31 54 67 20 32 65 9 4 44 98 26 94 49 44 90 15 28 100000 68 35 94 92 82 76 81 78 30 96 6 2 69 100 24 71 33 0 11 72 61 0 0
13 18 85 22 66 0 14 35 79 63 99 96 15 79 64 81 95 80 86 63 93 5 6 85 95 85 1 11 4 32 7 43 79 77 49 43 70 17 38 16 76 97 15 21 70 76 86 22 50 60 86 73 11 93 76 13 56 21 33 2 91 79 18 80 80 37 31 38 18 30 91 81 39 68 22 20 44 21 0 47 3 3 48 1 67 54 45 64 44 83 9 89 100 2 67 24 82 19 93 12 20 19 23 59 88 33 33 83 62 29 18 76 70 27 12 42 69 26 13 22 63 95 18 98 50 99 84 67
18 9 100 35 69 38 22 54 59 76 37 1 98 54 88 24 80 56 80 38 76 28 40 15 84 19 80 67 100 72 83 19 98 89 77 19 49 84 18 72 43 31 100000 65 80 92 100000 39 50 28 33 98 69 10 91 94 24 79 39 16 93 81 70 76 38 87 1 30 71 85 52 54 11 38 66 49 1 38 47 0 45 100000 92 32 35 74 46 36 83 36 58 2 36 5 23 23 78 100 49 47 95 30 67 68 52 96 46 52 39 6 14 42 81 78 54 73 23 17 90 41 78 21 30 95 50 69 64 11
57 39 4 73 1 83 67 43 37 86 59 38 13 78 98 5 27 44 98 66 99 69 24 12 29 86 1 27 27 97 75 35 53 66 67 88 71 88 97 2 3 50 68 98 49 11 5 49 23 88 56 95 78 92 49 27 42 5 84 38 86 36 100000 97 80 88 60 90 47 59 22 26 95 1 52 75 66 69 3 45 0 45 64 84 82 9 32 62 7 84 11 7 34 15 11 53 4 72 8 95 98 17 25 66 6 22 39 16 81 44 15 2 53 72 38 64 85 11 7 57 92 17 77 91 9 30 69 88
50 16 100 45 8 9 13 95 76 56 78 44 39 65 31 10 53 98 37 81 90 8 51 55 50 75 74 78 48 14 59 59 82 43 8 17 10 77 100 22 21 93 84 100 60 11 34 23 58 73 31 89 32 88 52 86 3 36 14 33 57 41 30 28 47 12 67 59 89 81 39 67 31 24 66 57 6 81 3 100000 45 0 92 9 62 19 63 46 70 52 21 20 52 7 5 38 81 52 65 30 36 13 70 69 68 17 9 0 14 6 7 57 74 61 94 78 50 4 44 26 92 40 97 8 1 93 28 14
49 49 16 24 92 23 1 78 48 78 42 35 42 40 27 36 28 69 4 28 86 59 97 69 88 25 20 89 56 100 49 93 76 95 100000 98 20 91 85 95 29 1 32 30 24 1 82 31 47 12 60 87 43 28 54 78 89 32 100000 10 83 44 90 26 44 97 45 7 95 96 55 19 35 65 80 56 82 80 48 92 64 92 0 0 95 78 85 39 31 60 3 92 23 28 67 75 52 69 51 65 41 5 16 67 7 74 79 13 19 40 44 42 28 89 19 61 7 43 77 77 33 83 12 21 75 92 9 51
22 11 57 3 95 17 97 47 60 86 44 3 96 48 47 90 34 69 99 9 36 35 52 33 83 84 68 35 58 100 21 9 64 73 66 41 62 27 11 98 45 82 18 83 87 80 75 67 63 26 73 80 41 93 13 94 74 58 56 69 38 37 10 33 37 58 64 71 54 47 62 100 57 79 1 57 42 97 1 32 84 9 0 0 38 82 30 27 8 32 99 1 48 99 85 72 3 89 81 31 20 1 9 11 58 77 46 75 99 79 59 10 78 27 48 61 44 32 73 51 23 40 20 79 70 48 34 100000
61 84 84 83 46 82 13 26 83 25 99 18 83 44 60 30 97 99 74 74 44 60 31 43 3 96 24 93 52 4 18 15 49 35 31 66 7 71 43 24 96 4 73 76 24 52 97 24 85 93 46 89 65 64 51 49 53 7 38 1 98 94 5 26 53 28 24 0 25 7 47 86 70 71 84 99 72 60 67 35 82 62 95 38 0 8 100000 22 52 50 85 9 52 16 18 82 50 63 11 84 35 46 49 64 70 47 22 86 66 36 22 70 95 47 83 49 69 69 100 81 46 30 5 93 22 46 54 88
75 60 19 2 32 91 28 67 86 99 3 52 19 98 95 80 90 90 91 33 95 46 79 43 34 6 8 18 84 79 45 94 44 27 37 20 44 42 55 9 64 30 69 93 97 98 34 31 80 11 98 51 50 12 6 73 42 99 80 37 65 34 53 92 70 26 42 6 95 92 40 21 64 78 68 92 30 83 54 74 9 19 78 82 8 0 36 46 42 1 6 82 55 77 41 98 84 89 76 30 91 28 77 23 75 48 31 90 39 16 0 62 64 64 11 69 66 94 44 24 0 64 98 72 100000 99 79 63
20 68 58 66 60 49 8 1 46 9 86 25 43 95 100000 76 91 80 32 80 13 61 97 1 72 27 41 27 60 12 75 61 47 5 18 15 97 50 33 17 95 1 79 78 14 53 81 99 21 35 28 84 49 67 87 91 77 28 65 55 52 67 39 73 16 53 46 67 39 88 76 94 70 9 27 13 57 49 45 46 32 63 85 30 100000 36 0 93 46 0 74 21 72 78 94 55 3 2 88 14 18 85 90 100000 78 73 98 79 94 30 98 95 49 1 66 37 69 37 62 19 88 60 45 91 19 97 68 91
65 30 56 3 47 59 75 69 81 3 87 86 89 49 72 12 44 24 36 80 11 13 55 38 65 7 68 14 91 58 94 67 0 65 61 48 12 12 10 64 40 68 9 99 88 61 24 26 96 47 91 40 78 46 94 69 25 82 76 58 100000 6 57 17 71 52 24 67 44 18 28 6 59 71 84 37 17 31 64 36 62 46 39 27 22 46 93 0 92 85 87 29 63 90 51 78 98 94 86 2 83 27 71 59 41 56 54 21 76 93 81 5 18 80 21 99 34 86 98 71 50 69 76 13 44 96 7 75
3 9 66 100000 89 64 39 80 53 42 84 21 20 47 73 76 36 48 9 36 72 77 33 4 82 62 32 90 9 65 34 83 4 61 20 84 69 76 28 77 82 21 92 60 65 31 12 25 3 100 8 38 80 84 36 3 29 33 84 78 77 90 5 59 57 73 48 12 99 85 97 61 54 0 51 86 73 54 44 83 7 70 31 8 52 42 46 92 0 68 83 6 7 55 45 25 27 1 32 65 53 79 2 65 9 12 6 65 31 23 13 74 48 3 81 93 83 13 41 13 30 69 50 72 88 27 12 89
70 90 50 44 73 26 78 49 25 7 20 28 44 75 0 29 5 86 74 21 15 100000 5 72 56 99 28 96 61 90 71 67 94 83 59 25 1 26 2 90 79 10 32 59 44 99 20 58 91 8 45 83 56 5 0 94 66 99 60 9 15 80 52 47 81 78 66 39 58 50 14 49 8 59 82 16 55 67 83 36 84 52 60 32 50 1 0 85 68 0 33 19 44 95 50 100 56 91 6 31 83 59 63 33 72 87 66 14 47 96 7 96 94 87 83 36 32 66 28 91 75 33 29 0 93 55 68 35
59 49 35 14 33 76 52 82 22 72 8 37 84 10 39 31 68 81 24 59 50 4 66 36 13 19 16 29 68 91 43 9 23 59 28 62 65 20 37 0 44 28 79 27 38 15 19 85 8 88 55 69 2 87 21 86 77 13 46 73 0 64 34 100000 42 12 39 66 87 70 42 21 12 61 87 56 48 20 9 58 11 21 3 99 85 6 74 87 83 33 0 22 48 32 64 15 39 62 59 56 58 4 32 100000 21 85 41 93 84 23 84 71 11 81 78 56 66 17 55 36 19 27 6 0 34 36 60 58
13 32 71 34 25 27 8 50 12 74 71 49 24 56 16 52 50 30 83 52 87 62 74 69 68 22 64 30 97 70 7 45 70 62 26 49 78 80 10 59 16 100000 69 87 95 90 56 69 3 12 65 100000 18 37 54 12 99 14 57 86 22 23 78 90 65 32 1 13 8 3 45 74 8 86 1 13 16 32 89 2 7 20 92 1 9 82 21 29 6 19 22 0 84 38 97 43 31 2 12 86 51 16 94 100 51 80 17 97 81 36 23 3 50 50 51 25 58 69 98 46 64 56 77 51 13 76 47 59
24 93 3 11 17 10 35 80 39 96 71 29 34 68 51 36 36 27 0 81 15 78 80 74 96 74 28 88 34 9 49 23 17 53 3 24 67 77 100 78 49 39 11 15 82 72 86 45 11 16 21 78 97 54 79 51 28 76 0 79 84 29 22 39 52 30 80 31 65 10 6 57 42 35 55 73 26 65 100 36 34 52 23 48 52 55 72 63 7 44 48 84 0 90 16 12 26 78 4 93 50 4 12 57 35 61 52 26 42 38 4 58 4 36 75 68 93 56 71 83 6 69 31 52 6 62 27 30
96 82 43 27 70 54 11 19 66 99 18 80 84 33 4 21 39 35 29 92 60 87 31 49 87 8 43 57 55 54 40 20 1 66 80 5 69 19 86 53 79 95 27 38 21 15 70 10 90 20 66 53 9 100000 81 100 0 17 5 98 72 48 3 86 15 77 65 80 73 70 78 7 36 24 19 65 53 9 2 5 15 7 28 99 16 77 78 90 55 95 32 38 90 0 21 54 79 92 61 84 100 8 64 38 35 73 83 38 78 67 52 81 66 55 60 63 33 63 75 64 76 71 99 93 97 94 21 62
77 88 33 52 88 98 31 89 15 75 89 29 90 54 98 80 13 16 100 9 66 54 57 48 58 59 86 70 94 64 66 75 96 15 16 76 2 64 44 52 64 3 96 14 13 35 33 52 42 2 7 31 13 67 93 18 27 49 44 67 24 69 54 26 17 43 38 43 59 58 98 76 75 90 89 0 41 4 67 23 11 5 67 85 18 41 94 51 45 50 64 97 16 21 0 48 100000 67 34 48 87 95 56 59 82 63 94 28 100 71 15 24 82 42 46 25 48 64 48 43 38 14 22 32 87 61 34 59
81 71 31 15 78 62 96 32 95 58 62 73 32 48 71 56 18 13 51 36 77 69 40 51 28 71 80 57 78 5 45 44 96 79 53 92 49 39 75 49 9 6 6 71 65 67 39 82 1 12 92 28 64 21 86 58 8 47 40 91 90 5 94 75 79 6 53 100000 72 47 27 81 4 41 9 29 0 44 24 23 53 38 75 72 82 98 55 78 25 100 15 43 12 54 48 0 80 74 57 78 54 77 42 48 64 82 36 9 36 20 53 33 17 41 24 0 89 98 55 6 39 28 25 55 90 100000 73 39
53 33 67 99 12 35 38 14 58 23 78 6 7 83 20 5 90 93 78 4 40 66 44 49 64 3 3 92 49 35 38 5 76 40 2 47 68 96 51 26 61 66 90 69 96 53 88 36 57 35 76 51 38 37 26 22 3 8 45 32 2 36 26 87 68 18 64 12 59 23 31 73 5 27 22 45 73 98 82 78 4 81 52 3 50 84 3 98 27 56 39 31 26 79 100000 80 0 69 87 63 32 20 43 96 24 24 40 75 47 32 52 24 8 90 33 89 49 94 67 43 98 73 22 31 10 50 35 56
16 78 63 100 98 79 94 1 9 90 18 0 66 9 71 29 31 13 13 21 44 51 39 90 57 100 8 0 9 47 15 56 44 14 26 47 24 97 86 8 40 93 57 23 88 67 48 32 86 40 35 97 82 56 100 88 9 36 5 67 86 4 73 30 96 49 65 18 88 100000 32 94 70 67 73 48 78 26 19 100 72 52 69 89 63 89 2 94 1 91 62 2 78 92 67 74 69 0 32 55 100 4 42 27 76 13 96 89 67 98 98 68 66 81 40 12 67 35 26 67 25 72 89 1 3 82 19 20
4 92 1 40 78 77 95 100 29 49 66 80 34 45 67 18 21 47 51 31 12 22 77 49 24 98 76 82 89 90 80 14 22 9 65 56 65 75 5 39 53 6 37 61 32 24 85 98 90 76 39 90 79 51 66 40 4 21 97 57 47 96 9 6 97 70 20 69 72 46 92 24 39 8 41 54 14 94 93 49 8 65 51 81 11 76 88 86 32 6 59 12 4 61 34 57 87 32 0 45 87 23 84 90 91 95 68 95 69 10 91 55 75 65 28 10 79 47 3 33 97 26 27 0 68 24 37 63
88 29 98 82 92 45 6 53 10 93 59 48 91 84 80 24 59 20 78 20 86 30 18 59 65 65 40 81 91 28 84 25 60 40 63 55 38 47 75 93 17 28 17 17 70 61 67 51 50 10 21 27 83 58 76 8 51 50 82 5 58 20 20 71 57 51 78 3 100 27 0 60 39 92 1 29 77 49 12 47 95 30 65 31 84 30 14 2 65 31 56 86 93 84 48 78 63 55 45 0 15 3 33 29 1 80 87 66 4 17 48 49 73 63 73 71 21 70 100 13 34 93 11 99 92 42 100000 15
27 44 95 44 50 94 100000 61 13 60 44 2 21 36 84 28 14 62 17 99 18 3 82 26 54 67 4 23 62 3 41 18 58 30 73 38 77 77 42 85 5 46 94 82 30 23 58 94 33 97 64 18 13 51 38 29 85 60 35 85 7 61 44 23 54 33 62 42 100000 93 24 49 13 80 77 64 56 44 20 95 98 36 41 20 35 91 18 83 53 83 58 51 50 100 87 54 32 100 87 15 0 62 78 28 38 90 14 99 94 27 76 96 38 93 52 42 35 24 11 47 5 40 78 89 9 7 93 37
31 48 7 61 54 23 62 52 31 32 35 1 84 86 69 63 47 73 94 91 7 97 3 49 100 19 90 82 61 96 8 77 97 75 49 9 49 43 73 17 40 73 63 20 41 76 84 54 51 61 3 31 69 10 7 91 8 82 2 80 71 7 42 71 87 60 4 58 78 30 71 36 73 38 36 97 25 90 19 30 17 13 5 1 46 28 85 27 79 59 4 16 4 8 95 77 20 4 23 3 62 0 92 31 35 78 30 66 28 13 0 74 78 72 93 2 63 1 80 2 8 96 28 38 47 35 30 10
96 3 60 10 35 53 59 91 59 15 74 99 63 100000 6 85 97 58 76 2 27 95 8 88 3 80 40 90 87 68 76 53 8 57 75 89 52 98 27 38 2 41 14 27 11 39 87 99 27 5 99 25 63 80 79 3 60 58 58 61 87 42 93 78 17 39 98 97 52 51 45 49 78 12 96 6 85 15 23 67 25 70 16 9 49 77 90 71 2 63 32 94 12 64 56 42 43 42 84 33 78 92 0 11 13 87 40 12 2 80 45 19 23 63 27 60 25 19 92 75 24 6 13 91 46 62 83 70
54 12 61 38 20 11 41 29 67 19 61 79 28 85 10 38 64 88 88 83 28 15 94 20 9 25 95 100 78 50 20 55 9 48 22 35 62 92 38 20 92 99 74 68 41 46 60 63 81 97 4 36 63 16 1 79 20 44 6 74 34 30 76 17 83 86 33 21 35 100 41 81 26 92 61 45 97 28 59 68 66 69 67 11 64 23 100000 59 65 33 100000 100 57 38 59 48 96 27 90 29 28 31 11 0 35 94 20 50 69 39 67 46 38 40 93 80 92 36 56 22 67 15 21 6 53 32 63 6
56 92 56 62 18 7 10 26 39 76 90 20 25 54 100000 66 22 71 50 99 44 30 39 49 79 76 64 17 37 51 86 66 1 64 38 97 68 61 22 52 4 88 3 61 15 53 94 84 62 3 46 78 38 19 74 94 75 15 87 9 66 23 26 83 21 6 20 44 49 29 48 23 100 13 32 85 37 100000 88 52 6 68 7 58 70 75 78 41 9 72 21 51 35 35 82 64 24 76 91 1 38 35 13 35 0 70 100 24 96 47 11 100 4 78 99 93 48 90 15 7 92 69 71 95 1 24 4 71
13 9 96 20 27 92 5 91 33 100 95 7 0 74 76 34 8 57 91 49 61 75 38 66 43 37 50 16 97 79 34 42 84 19 88 11 97 78 42 42 41 36 26 84 68 98 95 4 69 76 33 87 22 72 54 74 14 17 19 72 33 7 26 16 10 4 46 6 87 46 44 32 20 74 82 75 74 68 33 96 22 17 74 77 47 48 73 56 12 87 85 80 61 73 63 82 24 13 95 80 90 78 87 94 70 0 84 62 99 69 72 87 54 52 86 25 57 72 52 27 31 58 10 38 62 100 30 41
54 50 51 94 95 63 31 65 86 61 49 97 95 85 42 13 54 28 40 45 62 17 39 39 71 68 63 33 66 51 73 71 98 8 34 39 0 37 79 32 7 51 80 13 82 56 18 55 83 6 92 35 57 12 61 52 33 92 7 96 66 91 65 20 46 39 32 93 56 7 95 23 39 95 85 47 60 35 33 46 39 9 79 46 22 31 98 54 6 66 41 17 52 83 94 36 40 96 68 87 14 30 40 20 100 84 0 68 84 69 87 2 59 46 9 91 25 20 53 25 100 52 84 48 45 52 100 10
53 40 65 31 53 24 88 14 35 46 80 77 59 8 8 39 25 95 91 49 75 47 41 77 100000 61 45 57 15 37 77 58 7 67 95 59 100000 44 13 41 99 86 74 45 89 97 73 31 83 94 1 84 75 7 97 18 68 10 82 74 5 58 79 10 41 79 30 7 34 42 87 96 84 95 22 12 16 94 83 52 16 0 13 75 86 90 79 21 65 14 93 97 26 38 28 9 75 89 95 66 99 66 12 50 24 62 68 0 90 33 94 85 68 96 7 32 74 74 79 35 39 79 88 38 90 34 63 51
6 3 74 20 2 61 74 85 90 5 74 19 61 47 47 100 49 62 50 70 52 89 19 84 93 96 22 16 13 97 55 28 69 100000 8 54 64 76 43 4 5 76 28 3 93 58 74 0 27 76 100 7 63 65 43 30 56 51 59 28 16 18 77 69 28 30 1 73 62 54 91 45 79 37 27 48 31 92 62 39 81 14 19 99 66 39 94 76 31 47 84 81 42 78 100 36 47 67 69 4 94 28 2 69 96 99 84 90 0 50 97 53 50 83 81 51 76 29 75 64 16 16 33 70 89 26 30 98
73 87 59 50 2 66 69 34 18 99 27 76 60 65 34 50 7 28 9 97 63 54 25 31 88 16 36 34 58 35 82 1 97 78 9 8 40 14 45 5 10 15 42 34 90 99 80 79 51 23 77 96 97 90 94 39 99 26 58 77 79 41 66 69 55 93 96 58 88 7 28 1 69 92 81 28 67 82 29 6 44 6 40 79 36 16 30 93 23 96 23 36 38 67 71 20 32 98 10 17 27 13 80 39 47 69 69 33 50 0 70 8 64 33 67 94 5 36 7 14 89 92 48 21 74 68 100000 99
7 17 2 91 6 32 4 51 87 1 55 99 29 43 16 29 14 11 44 6 35 33 6 49 36 100000 51 18 98 74 2 22 98 25 11 45 16 97 29 77 19 21 64 62 51 99 35 43 12 89 47 4 51 16 53 71 89 72 30 95 53 26 69 99 14 76 42 20 33 93 87 27 96 36 44 28 29 76 18 14 15 7 44 59 22 0 98 81 13 7 84 23 4 52 15 53 52 98 91 48 76 0 45 67 11 72 87 94 97 70 0 97 14 63 63 100000 29 71 40 43 90 87 97 50 42 71 62 7
18 26 47 52 3 82 88 55 28 16 65 100000 56 13 80 75 50 45 4 31 69 52 64 1 31 81 44 50 50 85 87 13 5 83 47 53 93 57 97 52 21 41 2 98 57 29 67 6 86 1 11 88 39 81 17 36 24 91 16 60 84 48 92 93 34 67 2 26 97 93 15 54 51 35 55 68 24 81 76 42 2 57 42 10 70 62 95 5 74 96 71 3 58 81 24 33 24 68 55 49 96 74 19 46 100 87 2 85 53 8 97 0 62 7 65 0 90 12 86 95 96 16 67 45 42 35 93 20
48 67 1 52 17 91 26 23 47 76 14 33 16 77 95 32 79 72 73 64 81 19 92 95 59 86 44 40 31 80 94 51 100 90 92 90 35 100000 25 6 97 70 29 81 72 51 64 47 24 69 4 2 73 69 89 82 95 3 3 80 28 65 78 45 3 87 34 6 45 80 79 76 84 74 4 81 76 78 70 81 53 74 28 78 95 64 49 18 48 94 11 50 4 66 82 17 8 66 75 73 38 78 23 38 4 54 59 68 50 64 14 62 0 42 84 72 2 35 45 25 11 38 69 76 92 60 86 47
48 57 45 60 99 97 72 52 41 28 10 42 76 91 86 88 16 69 6 83 83 3 54 3 36 81 73 97 97 80 82 9 68 13 98 17 90 30 45 80 71 90 61 35 13 80 87 70 8 14 15 48 70 0 88 66 4 70 43 4 45 29 26 92 44 19 41 75 82 84 2 81 54 99 92 28 19 30 27 78 72 61 89 27 47 64 1 80 3 87 81 50 36 55 42 41 90 81 65 63 93 72 63 40 78 52 46 96 83 33 63 7 42 0 1 43 50 7 18 41 11 11 22 20 41 43 65 58
97 80 18 97 0 15 72 30 64 29 49 35 33 25 84 88 20 25 0 58 66 28 45 79 45 59 48 42 10 42 13 81 71 48 61 60 19 27 67 63 41 49 34 42 82 54 68 91 47 15 60 37 59 23 31 41 85 61 27 32 100 93 62 19 74 100 18 90 41 90 37 81 45 66 80 73 97 96 12 54 38 94 19 48 83 11 66 21 81 83 78 51 75 60 46 24 33 40 28 73 52 93 27 93 99 86 9 7 81 67 63 65 84 1 0 62 56 7 1 31 88 45 20 10 54 100 39 40
77 73 1 4 26 92 78 9 24 30 13 2 15 45 36 19 98 83 100 34 89 43 24 38 100 74 85 61 88 19 95 93 35 12 32 100000 76 72 47 45 53 86 72 43 48 20 84 25 87 21 85 20 57 28 22 14 40 3 1 4 80 92 88 88 71 20 80 24 28 59 30 58 31 64 36 28 54 6 42 73 64 78 61 61 49 69 37 99 93 36 56 25 68 63 25 0 89 12 10 71 42 2 60 80 93 25 91 32 51 94 100000 0 72 43 62 0 69 23 71 67 49 3 73 31 89 11 27 35
83 85 61 72 29 42 57 13 70 83 46 84 47 87 82 71 99 2 20 87 68 100 99 61 11 16 77 2 39 52 88 71 92 99 77 19 65 2 46 93 100000 72 5 23 25 77 99 87 15 66 45 97 78 42 74 67 3 17 100000 36 2 92 16 82 43 70 81 72 57 24 27 6 70 42 38 74 39 2 69 23 85 50 7 44 69 66 69 34 83 32 66 58 93 33 48 89 49 67 79 21 35 63 25 92 48 57 25 74 76 5 29 90 2 50 56 69 0 73 52 46 18 52 2 99 8 98 86 50
53 44 68 83 8 68 38 81 77 20 72 43 43 34 80 100 100000 74 44 84 57 5 99 83 4 96 7 75 60 66 100 56 43 92 32 56 36 70 82 42 5 76 60 71 54 64 94 67 32 32 81 29 68 92 9 49 100 80 35 42 55 33 23 90 25 87 40 66 22 69 68 23 35 50 39 81 25 69 26 17 11 4 43 32 69 94 37 86 13 66 17 69 56 63 64 98 94 35 47 70 24 1 19 36 90 72 20 74 29 36 71 12 35 7 7 23 73 0 26 34 80 22 13 27 60 89 46 50
93 70 84 11 28 75 53 9 56 72 33 60 44 59 68 8 63 2 89 80 65 9 56 29 50 22 98 82 66 39 96 13 54 3 20 68 28 31 51 8 86 84 9 100000 96 5 84 14 92 52 63 65 31 45 82 15 50 81 86 21 59 65 49 51 95 69 51 54 53 72 25 0 12 7 75 55 32 100 13 90 7 44 77 73 100 44 62 98 41 28 55 98 71 75 48 55 67 26 3 100 11 80 92 56 15 52 53 79 75 7 40 86 45 18 1 71 52 26 0 35 1 84 81 29 91 80 41 33
30 53 16 25 61 55 9 40 19 51 14 6 1 10 53 55 98 62 39 33 99 13 16 87 79 8 35 2 36 41 37 80 4 87 51 82 96 57 79 87 30 34 1 66 84 94 44 36 91 83 9 62 71 61 100 72 71 67 32 57 75 11 26 72 7 12 24 56 77 10 47 62 63 97 72 53 66 24 22 41 57 26 77 51 81 24 19 71 13 91 36 46 83 64 43 6 43 67 33 13 47 2 75 22 7 27 25 35 64 14 43 95 25 41 31 67 46 34 35 0 65 94 50 72 98 77 74 67
24 71 40 14 77 15 33 53 8 28 26 22 85 31 22 23 34 40 60 39 36 34 93 40 69 10 77 8 38 1 100000 96 7 2 100 100 19 54 1 5 6 86 77 91 53 24 82 60 31 93 81 39 10 24 10 91 17 94 39 12 49 38 25 55 22 90 13 95 9 13 88 41 22 90 79 13 52 71 63 78 92 92 33 23 46 0 88 50 30 75 19 64 6 76 38 39 98 25 97 34 5 8 24 67 92 31 100 39 16 89 90 96 11 11 88 49 18 80 1 65 0 41 46 25 97 100000 0 7
54 13 17 40 32 62 31 53 92 62 5 99 31 50 73 24 2 37 49 2 57 88 67 61 90 4 33 75 39 81 86 85 60 25 65 49 12 83 9 77 83 89 89 44 21 15 45 99 82 77 55 61 30 67 48 90 4 62 35 22 49 75 35 100 16 77 56 81 23 85 46 9 19 34 4 100 13 33 95 21 17 40 83 40 30 64 60 69 69 33 27 56 69 71 14 28 73 72 26 93 40 96 6 15 69 58 52 79 16 92 87 16 38 11 45 3 52 22 84 94 41 0 96 42 69 90 25 72
62 72 89 82 79 34 22 17 53 14 34 75 12 29 3 29 18 77 2 37 44 43 69 23 9 16 54 87 38 83 74 66 5 44 34 48 67 49 39 84 96 38 62 53 59 68 16 32 28 83 45 83 68 22 4 28 66 26 43 45 77 24 44 81 87 8 95 93 7 14 33 94 15 43 36 10 79 0 18 30 77 97 12 20 5 98 45 76 50 29 6 77 31 99 22 25 22 89 27 11 78 28 13 21 71 10 84 88 33 48 97 67 69 22 20 73 2 13 81 50 46 96 0 93 66 40 16 74
48 67 89 3 61 75 40 1 27 81 46 15 7 87 55 90 11 80 47 46 55 65 55 70 9 9 38 65 49 35 94 40 79 72 1 100000 24 28 78 14 64 65 49 10 27 73 59 54 11 59 84 76 68 37 93 22 99 23 79 86 61 28 89 56 77 57 80 14 65 11 67 39 77 16 98 75 34 11 98 95 91 8 21 79 93 72 91 13 72 0 0 51 52 93 32 55 31 1 0 99 89 38 91 6 95 38 48 38 70 21 50 45 76 20 10 31 99 27 29 72 25 42 93 0 55 98 21 28
41 0 19 18 79 82 68 59 44 21 17 2 4 70 39 50 43 50 65 91 39 11 2 55 23 48 79 95 48 94 21 58 11 69 86 56 93 65 100000 41 31 20 55 60 87 89 40 86 34 44 48 12 27 82 50 18 24 58 6 89 23 39 17 88 52 100 75 95 42 97 61 78 32 9 90 13 92 72 50 50 9 1 75 70 22 100000 19 44 88 93 34 13 6 97 87 90 10 3 68 92 9 47 46 53 1 62 45 90 89 74 42 42 92 41 54 89 8 60 91 98 97 69 66 55 0 85 9 45
12 25 57 46 13 93 22 18 47 9 17 49 27 42 82 43 94 44 17 83 45 76 48 90 25 100000 37 38 16 82 100000 72 80 15 1 62 38 67 71 14 40 5 83 45 1 41 68 17 91 44 37 56 26 36 62 58 89 65 25 70 52 18 41 59 43 19 4 68 79 51 29 79 59 88 32 24 93 61 99 69 30 93 92 48 46 99 97 96 27 55 36 76 62 94 61 100000 50 82 24 42 7 35 62 32 24 100 52 34 26 68 71 35 60 43 100 11 98 89 80 77 100000 90 40 98 85 0 96 61
45 19 45 40 65 15 18 46 86 98 45 60 6 61 94 94 85 14 72 63 54 34 42 42 7 34 36 25 90 9 26 80 22 44 0 100000 39 30 40 54 3 97 47 75 60 82 20 23 86 86 22 41 55 58 62 74 46 34 27 31 55 54 74 77 100000 26 93 79 97 77 69 4 9 68 53 58 90 0 84 64 69 28 9 34 54 79 68 7 12 68 60 47 27 21 34 73 35 19 37 100000 93 30 83 63 4 30 100 63 30 100000 62 93 86 65 39 27 86 46 41 74 0 25 16 21 9 96 0 16
35 100000 68 96 79 73 40 10 39 55 36 1 62 92 2 30 50 7 78 14 82 78 46 59 58 3 37 11 13 69 76 8 93 47 12 3 0 6 16 24 77 91 55 73 47 27 100 64 78 100 83 77 83 43 34 20 79 89 71 88 56 62 82 19 6 52 77 32 76 29 62 33 86 29 12 0 83 0 67 11 88 14 51 100000 88 63 91 75 89 35 58 59 30 62 59 39 56 20 63 15 37 10 70 6 71 41 10 51 98 99 7 20 47 58 40 35 50 50 33 67 7 72 74 28 45 61 16 0
