64
0 38 56 99 54 15 56 82 100000 83 97 63 67 28 41 82 39 35 98 51 29 16 99 54 100000 90 12 50 48 75 43 14 76 82 89 27 17 13 86 97 69 58 9 75 40 48 87 64 8 31 6 71 19 48 76 70 97 28 44 36 31 6 61 45
38 0 58 17 97 57 73 98 0 18 93 65 96 43 89 24 12 53 44 59 85 4 48 7 47 75 70 84 81 53 71 32 59 54 51 55 28 3 61 88 78 98 84 91 62 84 24 93 69 37 80 83 28 29 5 31 9 0 74 52 47 52 34 86
56 58 0 7 27 16 49 6 32 18 72 15 92 54 45 22 90 13 88 29 46 76 81 79 42 82 64 50 56 87 36 80 51 99 59 24 31 82 68 85 60 23 39 20 84 2 69 1 14 10 39 55 59 55 7 23 80 50 95 77 24 34 18 9
99 17 7 0 38 82 99 33 3 94 81 83 68 81 73 37 42 84 95 100 17 85 33 97 35 76 9 13 88 26 1 33 82 1 31 8 94 39 90 12 37 78 66 20 37 98 34 35 91 64 33 40 100 84 13 31 25 2 51 70 16 51 18 66
54 97 27 38 0 25 60 76 48 91 46 8 91 57 72 36 44 48 29 10 68 100000 11 81 20 68 21 12 58 54 14 14 20 9 7 70 20 10 58 29 52 76 11 81 19 33 59 92 14 77 91 9 4 5 51 41 33 90 5 89 26 20 69 3
15 57 16 82 25 0 99 68 7 26 59 58 31 4 74 74 38 84 37 81 36 64 25 69 71 3 41 47 85 38 21 95 71 49 62 35 83 36 24 41 17 23 44 89 95 76 20 65 20 68 58 89 59 24 74 86 7 61 24 28 36 28 30 29
56 73 49 99 60 99 0 51 84 93 28 61 58 61 19 25 59 25 34 92 70 17 7 76 98 89 1 90 78 26 73 27 56 8 32 78 26 63 92 67 8 18 45 84 83 8 47 33 14 4 83 37 46 38 8 63 53 71 3 3 79 91 6 6
82 98 6 33 76 68 51 0 47 24 26 12 91 82 81 10 80 100000 35 99 10 63 38 60 79 1 92 29 70 100 87 90 72 32 98 48 94 42 11 69 93 30 94 15 78 37 23 67 90 1 99 69 25 73 80 62 60 11 14 64 46 17 98 70
100000 0 32 3 48 7 84 47 0 31 62 53 23 97 40 0 96 5 78 70 30 86 10 51 54 75 17 100 81 79 42 91 83 96 67 1 37 80 48 73 51 66 84 97 47 2 36 22 26 97 59 85 83 99 77 88 51 42 79 61 81 44 16 29
83 18 18 94 91 26 93 24 31 0 74 36 75 95 46 86 39 3 19 9 19 10 73 39 74 77 94 81 85 79 57 11 99 99 98 16 40 54 49 96 87 50 80 54 12 40 6 65 58 30 6 49 71 85 61 91 25 40 79 35 74 91 89 90
97 93 72 81 46 59 28 26 62 74 0 54 52 15 96 50 21 92 60 85 45 7 56 63 0 9 52 80 31 15 91 83 21 63 31 9 59 41 66 34 53 58 65 43 82 100 57 41 52 66 53 81 40 47 82 69 36 39 40 58 13 7 54 35
63 65 15 83 8 58 61 12 53 36 54 0 55 4 94 91 18 7 28 39 76 59 38 11 74 77 17 18 15 63 47 7 17 14 51 28 81 44 2 8 5 55 53 36 26 90 54 69 36 8 12 0 77 76 52 53 31 53 13 36 51 16 36 1
67 96 92 68 91 31 58 91 23 75 52 55 0 23 25 37 76 78 32 32 85 9 93 91 69 37 40 95 26 82 48 42 94 37 45 17 83 61 1 3 44 63 6 13 79 52 73 69 89 94 59 7 60 51 81 90 73 14 16 90 76 0 36 73
28 43 54 81 57 4 61 82 97 95 15 4 23 0 88 95 70 82 81 77 24 78 12 18 46 25 32 92 50 25 90 9 31 81 69 40 17 40 90 88 94 89 52 52 1 80 85 62 79 43 2 74 89 26 68 97 66 65 5 19 61 46 58 44
41 89 45 73 72 74 19 81 40 46 96 94 25 88 0 12 55 20 47 37 95 57 68 32 4 90 87 41 29 58 46 9 22 96 27 58 89 100000 12 100000 65 76 100000 13 15 81 55 73 59 20 44 70 33 95 99 41 57 82 48 30 82 63 65 57
82 24 22 37 36 74 25 10 0 86 50 91 37 95 12 0 48 44 59 23 75 78 32 2 9 11 56 74 90 8 36 73 88 54 46 77 33 31 79 68 97 56 46 62 71 0 76 82 53 81 8 82 73 34 59 64 19 96 34 66 69 57 60 58
39 12 90 42 44 38 59 80 96 39 21 18 76 70 55 48 0 63 71 46 72 15 4 77 67 51 16 66 6 70 41 3 59 38 11 59 32 100 100 75 73 17 22 75 78 40 95 67 25 2 42 21 87 69 9 84 78 57 54 16 30 100000 54 43
35 53 13 84 48 84 25 100000 5 3 92 7 78 82 20 44 63 0 33 62 90 65 60 74 52 47 0 85 2 3 73 63 30 60 50 27 14 5 99 6 88 62 69 40 24 4 58 81 100 80 41 66 66 87 79 13 28 36 2 55 20 77 100000 52
98 44 88 95 29 37 34 35 78 19 60 28 32 81 47 59 71 33 0 73 97 8 91 29 2 14 0 28 90 26 0 76 40 69 4 59 98 3 31 66 64 1 96 87 62 55 78 55 100 24 31 11 49 7 86 74 82 48 10 11 33 74 100000 13
51 59 29 100 10 81 92 99 70 9 85 39 32 77 37 23 46 62 73 0 83 48 86 96 16 9 62 75 39 13 16 60 74 66 96 94 90 80 37 5 51 92 34 72 13 7 76 7 48 96 22 37 55 92 0 85 62 71 81 24 7 50 47 27
29 85 46 17 68 36 70 10 30 19 45 76 85 24 95 75 72 90 97 83 0 41 35 33 78 30 72 83 92 71 29 7 90 27 49 99 33 70 76 23 17 41 90 75 37 70 39 36 62 41 25 97 38 64 0 19 91 26 28 58 80 35 21 38
16 4 76 85 100000 64 17 63 86 10 7 59 9 78 57 78 15 65 8 48 41 0 62 63 27 31 76 6 82 7 50 81 77 20 30 50 14 46 22 72 16 91 74 32 63 28 94 88 49 25 42 88 53 24 51 13 87 98 51 13 16 36 67 33
99 48 81 33 11 25 7 38 10 73 56 38 93 12 68 32 4 60 91 86 35 62 0 32 16 9 2 66 53 82 28 33 100 52 66 14 84 99 65 99 10 89 99 87 74 22 44 22 80 33 26 50 98 79 60 4 100 83 33 15 2 10 3 95
54 7 79 97 81 69 76 60 51 39 63 11 91 18 32 2 77 74 29 96 33 63 32 0 56 13 26 75 0 80 74 81 52 60 14 81 16 80 80 0 17 84 54 26 76 23 0 69 9 4 58 100000 6 39 21 43 58 95 37 66 23 21 71 86
100000 47 42 35 20 71 98 79 54 74 0 74 69 46 4 9 67 52 2 16 78 27 16 56 0 30 27 82 18 23 35 16 73 18 74 88 9 64 43 7 66 36 34 20 83 20 100000 52 53 19 25 7 37 62 40 61 35 25 91 75 3 96 11 72
90 75 82 76 68 3 89 1 75 77 9 77 37 25 90 11 51 47 14 9 30 31 9 13 30 0 68 57 71 34 8 21 55 19 84 1 40 12 39 83 35 46 27 4 63 71 90 47 19 17 98 93 42 86 7 57 7 93 41 87 77 91 41 6
12 70 64 9 21 41 1 92 17 94 52 17 40 32 87 56 16 0 0 62 72 76 2 26 27 68 0 96 81 72 94 96 40 80 62 96 100 16 100 26 86 76 86 83 20 63 49 24 60 100000 33 77 55 88 14 62 33 49 36 80 78 28 98 17
50 84 50 13 12 47 90 29 100 81 80 18 95 92 41 74 66 85 28 75 83 6 66 75 82 57 96 0 84 100 60 30 54 96 32 34 30 52 92 67 76 62 47 57 8 64 37 65 34 7 41 11 5 100000 36 98 91 35 83 21 16 9 40 82
48 81 56 88 58 85 78 70 81 85 31 15 26 50 29 90 6 2 90 39 92 82 53 0 18 71 81 84 0 32 55 62 3 8 74 24 52 67 30 62 51 24 13 27 30 51 100 15 87 78 59 38 96 83 33 91 62 53 54 55 60 41 77 53
75 53 87 26 54 38 26 100 79 79 15 63 82 25 58 8 70 3 26 13 71 7 82 80 23 34 72 100 32 0 51 50 12 67 100000 42 27 74 0 46 30 65 64 23 38 15 87 47 86 50 11 55 74 90 0 95 85 52 51 96 52 57 35 25
43 71 36 1 14 21 73 87 42 57 91 47 48 90 46 36 41 73 0 16 29 50 28 74 35 8 94 60 55 51 0 56 42 26 73 91 8 38 76 2 65 79 59 12 55 92 42 53 68 48 73 0 36 26 75 40 77 24 79 37 46 16 93 14
14 32 80 33 14 95 27 90 91 11 83 7 42 9 9 73 3 63 76 60 7 81 33 81 16 21 96 30 62 50 56 0 65 83 43 32 6 50 77 78 9 29 26 68 23 43 60 36 95 37 100000 64 79 4 80 96 43 33 97 68 53 66 93 86
76 59 51 82 20 71 56 72 83 99 21 17 94 31 22 88 59 30 40 74 90 77 100 52 73 55 40 54 3 12 42 65 0 2 91 36 50 90 25 17 91 59 67 0 92 20 90 88 22 45 32 100000 2 7 39 40 80 16 43 86 53 82 56 41
82 54 99 1 9 49 8 32 96 99 63 14 37 81 96 54 38 60 69 66 27 20 52 60 18 19 80 96 8 67 26 83 2 0 71 63 27 73 49 97 47 75 17 41 16 98 18 23 35 56 87 0 64 96 60 66 21 48 86 35 41 47 5 77
89 51 59 31 7 62 32 98 67 98 31 51 45 69 27 46 11 50 4 96 49 30 66 14 74 84 62 32 74 100000 73 43 91 71 0 35 94 23 64 20 32 7 18 97 93 90 94 5 5 59 72 55 76 28 29 33 100 65 75 64 78 24 63 57
27 55 24 8 70 35 78 48 1 16 9 28 17 40 58 77 59 27 59 94 99 50 14 81 88 1 96 34 24 42 91 32 36 63 35 0 35 47 36 94 71 59 15 98 14 37 93 33 98 36 35 23 70 29 50 81 7 26 48 63 45 24 22 50
17 28 31 94 20 83 26 94 37 40 59 81 83 17 89 33 32 14 98 90 33 14 84 16 9 40 100 30 52 27 8 6 50 27 94 35 0 37 54 59 47 68 13 88 33 84 62 5 14 51 80 67 65 70 30 100000 70 1 87 29 84 21 40 57
13 3 82 39 10 36 63 42 80 54 41 44 61 40 100000 31 100 5 3 80 70 46 99 80 64 12 16 52 67 74 38 50 90 73 23 47 37 0 69 53 27 70 39 37 54 73 82 9 39 74 93 98 47 54 20 31 40 45 36 48 92 12 64 26
86 61 68 90 58 24 92 11 48 49 66 2 1 90 12 79 100 99 31 37 76 22 65 80 43 39 100 92 30 0 76 77 25 49 64 36 54 69 0 80 100 76 51 78 27 10 24 100 84 94 4 56 34 95 62 22 62 54 96 59 77 74 62 62
97 88 85 12 29 41 67 69 73 96 34 8 3 88 100000 68 75 6 66 5 23 72 99 0 7 83 26 67 62 46 2 78 17 97 20 94 59 53 80 0 23 78 98 92 66 100 62 75 24 93 25 67 48 8 21 46 56 64 23 51 67 55 21 58
69 78 60 37 52 17 8 93 51 87 53 5 44 94 65 97 73 88 64 51 17 16 10 17 66 35 86 76 51 30 65 9 91 47 32 71 47 27 100 23 0 80 95 52 72 63 29 3 21 93 65 76 59 97 91 79 91 95 49 42 84 38 15 98
58 98 23 78 76 23 18 30 66 50 58 55 63 89 76 56 17 62 1 92 41 91 89 84 36 46 76 62 24 65 79 29 59 75 7 59 68 70 76 78 80 0 66 30 63 24 58 83 45 31 91 55 53 15 64 62 63 99 11 90 91 63 81 80
9 84 39 66 11 44 45 94 84 80 65 53 6 52 100000 46 22 69 96 34 90 74 99 54 34 27 86 47 13 64 59 26 67 17 18 15 13 39 51 98 95 66 0 43 66 75 40 52 19 53 40 51 66 16 10 86 93 3 57 27 48 82 10 10
75 91 20 20 81 89 84 15 97 54 43 36 13 52 13 62 75 40 87 72 75 32 87 26 20 4 83 57 27 23 12 68 0 41 97 98 88 37 78 92 52 30 43 0 99 55 92 55 9 45 48 46 70 49 47 86 51 74 43 89 84 16 66 84
40 62 84 37 19 95 83 78 47 12 82 26 79 1 15 71 78 24 62 13 37 63 74 76 83 63 20 8 30 38 55 23 92 16 93 14 33 54 27 66 72 63 66 99 0 53 26 72 75 88 50 32 20 94 85 35 90 32 3 35 49 87 9 18
48 84 2 98 33 76 8 37 2 40 100 90 52 80 81 0 40 4 55 7 70 28 22 23 20 71 63 64 51 15 92 43 20 98 90 37 84 73 10 100 63 24 75 55 53 0 43 35 84 93 76 73 53 62 93 84 20 31 25 98 67 60 10 27
87 24 69 34 59 20 47 23 36 6 57 54 73 85 55 76 95 58 78 76 39 94 44 0 100000 90 49 37 100 87 42 60 90 18 94 93 62 82 24 62 29 58 40 92 26 43 0 36 33 36 81 6 63 73 91 47 13 46 21 52 41 87 59 90
64 93 1 35 92 65 33 67 22 65 41 69 69 62 73 82 67 81 55 7 36 88 22 69 52 47 24 65 15 47 53 36 88 23 5 33 5 9 100 75 3 83 52 55 72 35 36 0 34 11 33 76 65 19 94 84 84 6 97 37 78 37 28 91
8 69 14 91 14 20 14 90 26 58 52 36 89 79 59 53 25 100 100 48 62 49 80 9 53 19 60 34 87 86 68 95 22 35 5 98 14 39 84 24 21 45 19 9 75 84 33 34 0 97 33 23 93 44 8 61 58 100000 27 75 65 66 87 65
31 37 10 64 77 68 4 1 97 30 66 8 94 43 20 81 2 80 24 96 41 25 33 4 19 17 100000 7 78 50 48 37 45 56 59 36 51 74 94 93 93 31 53 45 88 93 36 11 97 0 25 10 12 17 49 63 24 32 45 32 95 80 93 64
6 80 39 33 91 58 83 99 59 6 53 12 59 2 44 8 42 41 31 22 25 42 26 58 25 98 33 41 59 11 73 100000 32 87 72 35 80 93 4 25 65 91 40 48 50 76 81 33 33 25 0 78 99 96 16 83 42 21 77 18 40 73 14 27
71 83 55 40 9 89 37 69 85 49 81 0 7 74 70 82 21 66 11 37 97 88 50 100000 7 93 77 11 38 55 0 64 100000 0 55 23 67 98 56 67 76 55 51 46 32 73 6 76 23 10 78 0 81 92 88 95 100 39 35 87 40 76 18 74
19 28 59 100 4 59 46 25 83 71 40 77 60 89 33 73 87 66 49 55 38 53 98 6 37 42 55 5 96 74 36 79 2 64 76 70 65 47 34 48 59 53 66 70 20 53 63 65 93 12 99 81 0 76 49 55 74 59 60 43 64 85 2 48
48 29 55 84 5 24 38 73 99 85 47 76 51 26 95 34 69 87 7 92 64 24 79 39 62 86 88 100000 83 90 26 4 7 96 28 29 70 54 95 8 97 15 16 49 94 62 73 19 44 17 96 92 76 0 27 24 9 9 7 37 88 100000 51 18
76 5 7 13 51 74 8 80 77 61 82 52 81 68 99 59 9 79 86 0 0 51 60 21 40 7 14 36 33 0 75 80 39 60 29 50 30 20 62 21 91 64 10 47 85 93 91 94 8 49 16 88 49 27 0 28 60 3 22 94 90 89 100000 72
70 31 23 31 41 86 63 62 88 91 69 53 90 97 41 64 84 13 74 85 19 13 4 43 61 57 62 98 91 95 40 96 40 66 33 81 100000 31 22 46 79 62 86 86 35 84 47 84 61 63 83 95 55 24 28 0 0 6 41 17 78 41 92 0
97 9 80 25 33 7 53 60 51 25 36 31 73 66 57 19 78 28 82 62 91 87 100 58 35 7 33 91 62 85 77 43 80 21 100 7 70 40 62 56 91 63 93 51 90 20 13 84 58 24 42 100 74 9 60 0 0 69 24 8 2 11 55 89
28 0 50 2 90 61 71 11 42 40 39 53 14 65 82 96 57 36 48 71 26 98 83 95 25 93 49 35 53 52 24 33 16 48 65 26 1 45 54 64 95 99 3 74 32 31 46 6 100000 32 21 39 59 9 3 6 69 0 31 61 96 27 87 27
44 74 95 51 5 24 3 14 79 79 40 13 16 5 48 34 54 2 10 81 28 51 33 37 91 41 36 83 54 51 79 97 43 86 75 48 87 36 96 23 49 11 57 43 3 25 21 97 27 45 77 35 60 7 22 41 24 31 0 79 93 11 95 29
36 52 77 70 89 28 3 64 61 35 58 36 90 19 30 66 16 55 11 24 58 13 15 66 75 87 80 21 55 96 37 68 86 35 64 63 29 48 59 51 42 90 27 89 35 98 52 37 75 32 18 87 43 37 94 17 8 61 79 0 81 29 4 16
31 47 24 16 26 36 79 46 81 74 13 51 76 61 82 69 30 20 33 7 80 16 2 23 3 77 78 16 60 52 46 53 53 41 78 45 84 92 77 67 84 91 48 84 49 67 41 78 65 95 40 40 64 88 90 78 2 96 93 81 0 84 21 14
6 52 34 51 20 28 91 17 44 91 7 16 0 46 63 57 100000 77 74 50 35 36 10 21 96 91 28 9 41 57 16 66 82 47 24 24 21 12 74 55 38 63 82 16 87 60 87 37 66 80 73 76 85 100000 89 41 11 27 11 29 84 0 32 25
61 34 18 18 69 30 6 98 16 89 54 36 36 58 65 60 54 100000 100000 47 21 67 3 71 11 41 98 40 77 35 93 93 56 5 63 22 40 64 62 21 15 81 10 66 9 10 59 28 87 93 14 18 2 51 100000 92 55 87 95 4 21 32 0 29
45 86 9 66 3 29 6 70 29 90 35 1 73 44 57 58 43 52 13 27 38 33 95 86 72 6 17 82 53 25 14 86 41 77 57 50 57 26 62 58 98 80 10 84 18 27 90 91 65 64 27 74 48 18 72 0 89 27 29 16 14 25 29 0
