128
0 14 61 91 15 87 79 66 66 51 99 42 37 56 73 96 56 45 71 67 15 54 90 47 50 98 94 6 89 34 70 57 74 49 62 33 3 91 98 79 39 46 49 70 74 83 11 33 87 36 46 55 26 86 78 91 98 77 0 23 25 6 31 87 88 0 61 18 70 15 75 43 93 17 12 4 70 70 32 55 66 69 45 7 49 36 33 28 4 4 73 63 1 81 36 90 11 56 41 79 11 35 31 5 82 49 52 88 64 31 41 33 72 63 12 32 72 14 87 15 85 86 71 11 45 4 9 44
14 0 25 90 31 34 16 5 48 37 11 100 88 100 39 28 73 95 82 57 77 0 77 35 39 16 76 21 13 60 62 72 98 73 21 18 34 80 30 99 46 74 90 23 46 50 56 73 2 67 74 45 53 35 2 87 5 43 36 54 64 29 89 50 48 45 100000 38 4 49 11 40 88 100 58 16 46 81 38 43 12 68 37 84 21 79 5 100 89 92 91 70 55 45 73 65 26 47 80 74 0 30 10 35 76 53 4 22 69 4 11 53 31 66 93 54 24 74 34 87 51 16 28 100 95 30 66 75
61 25 0 20 31 19 26 77 48 44 85 61 36 50 30 5 70 34 10 28 17 53 0 38 30 38 60 67 49 78 41 0 68 60 73 23 48 95 28 68 57 79 63 67 96 35 19 50 12 49 84 99 48 100 47 46 11 50 66 67 65 55 47 6 74 27 100000 63 40 65 66 54 21 25 83 20 20 88 15 35 71 12 57 77 61 14 51 57 6 22 9 77 68 100 81 30 74 99 36 73 61 72 96 30 91 82 43 55 4 42 92 75 57 11 12 7 42 78 89 18 96 48 72 62 21 36 80 19
91 90 20 0 64 89 59 74 97 28 70 12 96 46 71 23 11 27 15 43 75 94 34 26 5 8 75 68 29 9 29 7 53 89 52 84 9 45 30 5 61 67 31 38 58 96 99 43 58 47 10 40 39 13 94 1 33 63 47 23 56 96 37 58 97 88 2 58 94 85 62 58 1 14 70 96 73 77 88 60 12 55 18 55 75 85 5 7 82 65 61 27 32 42 72 43 45 85 74 32 3 40 19 42 65 37 45 64 0 21 5 76 15 60 22 45 37 49 5 42 10 61 26 93 58 41 15 76
15 31 31 64 0 26 97 8 53 73 37 89 24 33 67 97 3 64 66 60 90 14 86 33 46 46 95 98 38 5 99 100 36 42 10 39 16 87 86 72 31 83 100 60 28 35 66 52 3 31 31 19 55 78 100 9 84 14 18 93 65 35 95 44 28 9 60 15 87 88 57 35 49 55 25 48 17 48 31 38 100000 28 88 97 29 43 49 4 66 82 61 49 15 22 56 12 15 69 16 13 93 7 96 31 97 19 87 26 30 33 92 58 33 77 17 92 19 69 7 14 17 74 9 8 91 76 25 100000
87 34 19 89 26 0 100 1 50 39 43 5 19 35 35 68 66 12 42 38 58 84 11 31 27 28 68 53 1 80 86 41 18 33 29 79 75 32 23 4 57 89 57 20 59 1 85 23 59 12 81 74 7 50 54 86 46 5 60 49 60 11 71 72 47 44 74 38 87 100000 30 94 80 94 80 90 96 84 3 57 5 24 18 65 24 62 87 91 73 100000 29 28 63 65 82 41 79 94 60 9 66 66 39 46 96 57 18 75 25 100000 19 100000 52 7 8 80 88 79 16 30 68 13 77 47 22 57 96 13
79 16 26 59 97 100 0 86 47 66 19 1 35 58 83 29 44 19 51 37 12 98 69 42 89 29 7 12 73 8 72 54 21 28 36 79 68 63 34 40 43 16 15 96 55 95 73 95 93 95 45 86 55 31 84 64 8 87 63 20 21 96 51 17 88 38 61 17 87 34 19 100000 47 1 59 36 33 42 58 94 41 91 80 96 76 65 52 61 82 61 76 30 37 46 17 38 65 56 87 24 59 80 51 94 28 53 100 71 40 18 45 76 84 97 99 85 14 94 54 94 85 89 77 59 37 32 4 89
66 5 77 74 8 1 86 0 81 79 90 70 66 73 53 100 67 12 91 60 76 69 95 8 98 63 27 60 50 46 61 62 14 8 19 70 29 60 49 49 27 50 98 3 36 70 97 63 0 58 64 17 66 0 94 44 26 35 13 52 8 74 69 52 36 5 2 67 87 84 90 49 58 10 55 22 82 68 57 67 16 65 19 25 86 52 83 100 30 88 63 73 22 96 90 6 90 91 6 100 44 52 46 20 78 15 42 98 44 50 10 30 12 88 74 100000 66 70 46 22 70 63 38 79 78 97 20 13
66 48 48 97 53 50 47 81 0 0 49 54 66 93 6 21 51 19 89 29 80 78 9 23 45 14 79 2 85 46 1 9 73 0 100000 48 7 0 58 9 96 65 33 31 32 86 49 34 79 93 96 79 14 16 80 22 73 65 46 39 58 38 36 100000 84 84 0 36 10 100 72 51 52 30 93 71 32 86 91 4 93 72 34 68 67 26 81 12 9 71 45 68 64 73 59 70 23 77 7 70 4 80 9 2 7 75 58 36 41 35 24 8 94 100000 12 49 40 34 99 46 84 26 97 7 6 40 55 0
51 37 44 28 73 39 66 79 0 0 87 5 14 36 9 44 33 47 6 86 8 54 4 26 62 79 72 35 87 8 61 66 20 61 76 46 0 57 16 99 16 53 16 11 100 64 26 33 47 37 90 35 68 61 97 76 100 16 89 71 2 53 30 34 0 52 90 88 47 44 99 54 32 22 80 76 32 33 72 60 7 53 65 21 61 94 17 89 74 38 57 98 98 96 67 44 55 51 39 8 85 44 11 69 11 21 21 59 31 1 15 11 32 82 98 92 96 0 92 40 79 48 90 1 10 53 97 100
99 11 85 70 37 43 19 90 49 87 0 69 5 98 49 34 19 75 73 55 23 10 25 97 65 42 88 99 39 64 5 58 69 18 89 38 9 44 55 13 22 62 24 87 4 19 36 6 96 80 39 10 53 90 78 13 60 66 83 19 68 79 37 34 31 57 17 40 58 9 74 14 46 100 46 47 85 86 21 28 48 69 36 20 71 64 45 30 68 77 37 77 17 71 18 13 47 83 60 43 44 12 65 11 64 42 18 84 72 58 50 85 48 63 17 68 3 96 15 15 29 53 34 90 18 92 21 78
42 100 61 12 89 5 1 70 54 5 69 0 9 5 19 60 10 74 57 40 97 16 0 58 11 76 88 8 29 71 35 83 88 9 61 92 58 82 62 59 60 67 90 4 17 40 83 13 47 81 73 41 7 28 34 83 86 27 57 48 32 90 52 70 53 79 14 6 34 95 54 25 49 10 55 29 12 44 49 35 18 39 46 84 71 27 49 59 77 71 38 34 61 100 22 51 80 86 87 63 85 10 39 49 76 98 81 17 53 90 91 79 85 90 46 5 20 7 45 49 53 1 11 19 98 87 24 50
37 88 36 96 24 19 35 66 66 14 5 9 0 55 55 46 44 73 62 32 10 9 54 95 74 66 74 51 47 80 70 23 88 7 16 39 21 1 30 39 93 38 72 45 51 75 58 32 30 80 16 23 74 15 78 60 32 89 12 3 12 14 35 100000 11 100000 93 86 21 65 19 67 18 18 79 61 64 76 55 44 3 44 54 86 29 15 99 53 50 99 49 49 44 54 57 1 30 36 31 76 72 86 28 17 89 36 55 65 20 56 74 10 62 89 25 7 19 11 89 91 50 11 51 69 18 80 39 47
56 100 50 46 33 35 58 73 93 36 98 5 55 0 14 55 41 5 68 84 63 29 46 31 37 62 1 29 23 48 11 3 43 34 58 95 86 56 84 100 49 28 22 64 13 46 100000 5 48 38 62 20 91 7 81 19 39 61 19 44 95 37 56 39 69 10 30 76 72 35 52 45 57 40 5 75 62 96 89 85 82 86 69 38 61 83 25 3 41 63 53 87 46 100 79 21 57 23 34 98 92 66 68 26 33 59 47 70 66 63 56 10 84 88 51 99 66 97 63 50 60 39 7 59 60 29 34 59
73 39 30 71 67 35 83 53 6 9 49 19 55 14 0 46 63 72 24 35 55 45 80 11 42 1 100 86 96 32 15 88 52 94 54 71 53 24 82 26 73 5 100000 100000 8 59 42 22 73 7 54 42 18 23 85 87 51 91 94 96 6 22 19 99 43 1 33 36 41 92 62 7 62 77 92 10 68 62 86 6 15 50 82 2 68 52 13 28 72 15 13 76 73 68 13 33 72 25 43 57 84 88 5 64 44 63 12 88 44 20 10 54 69 20 92 72 28 76 71 70 83 11 55 53 79 13 48 10
96 28 5 23 97 68 29 100 21 44 34 60 46 55 46 0 87 64 79 74 75 40 80 68 90 18 79 98 94 5 68 50 91 99 62 85 47 20 18 35 3 53 56 63 66 27 26 66 60 1 51 87 87 86 51 43 0 60 6 19 68 87 83 97 100000 21 57 41 42 100000 23 47 57 70 82 69 38 28 73 68 39 16 39 56 26 61 44 69 93 40 35 11 10 41 14 83 93 11 83 95 36 78 73 15 59 70 47 53 3 0 28 32 30 78 55 9 19 0 4 64 3 45 62 97 23 81 53 85
56 73 70 11 3 66 44 67 51 33 19 10 44 41 63 87 0 78 45 60 0 50 86 93 53 60 71 64 70 58 1 22 80 26 9 62 58 44 56 95 83 39 47 82 51 11 66 34 91 83 4 56 65 93 26 79 25 98 87 27 47 72 70 83 0 48 87 43 28 87 63 72 55 43 93 35 53 42 96 52 68 78 71 2 8 96 88 40 63 79 76 57 78 75 100000 48 95 62 28 7 82 49 93 50 31 55 100000 60 81 57 18 68 72 71 46 97 64 72 66 13 58 0 59 100 85 33 62 10
45 95 34 27 64 12 19 12 19 47 75 74 73 5 72 64 78 0 68 9 52 48 17 72 85 88 73 45 45 64 67 98 88 37 19 91 78 4 11 56 56 92 35 56 33 31 52 17 64 35 13 43 12 13 45 88 48 100000 65 71 92 89 28 78 70 75 86 56 73 82 2 40 3 1 24 17 31 63 8 41 10 26 34 100 56 78 53 74 57 92 74 71 1 97 20 12 6 66 70 35 100 96 84 77 56 59 7 9 23 8 3 54 24 95 45 5 89 20 99 86 14 79 21 100000 93 43 77 86
71 82 10 15 66 42 51 91 89 6 73 57 62 68 24 79 45 68 0 24 35 60 9 52 42 48 70 71 58 99 96 69 100000 52 81 44 39 41 41 18 31 93 86 87 1 84 68 100000 14 4 43 46 89 30 38 54 59 6 39 23 36 26 26 67 74 41 77 18 34 36 2 22 68 51 100000 39 31 30 40 12 28 10 14 10 94 10 52 3 100000 39 38 68 59 24 73 25 25 91 17 11 97 12 88 84 29 10 88 4 22 80 34 96 33 30 25 82 27 97 10 6 35 17 65 4 22 54 98 84
67 57 28 43 60 38 37 60 29 86 55 40 32 84 35 74 60 9 24 0 44 66 100 39 90 27 27 12 74 31 94 19 17 97 47 34 91 61 44 69 24 16 52 11 53 0 56 55 58 17 91 2 47 30 52 49 42 19 25 36 30 46 60 77 95 54 4 99 19 48 51 39 58 27 13 49 77 34 0 63 7 34 77 85 35 74 36 63 53 79 79 80 85 45 24 92 21 44 68 4 4 99 72 39 56 80 43 90 82 20 44 22 32 99 86 32 68 74 79 38 27 7 5 77 92 89 15 95
15 77 17 75 90 58 12 76 80 8 23 97 10 63 55 75 0 52 35 44 0 80 17 5 67 42 77 3 82 92 87 89 25 51 92 97 66 67 74 100 95 86 54 100 96 48 18 89 46 45 68 76 5 83 65 36 73 30 20 19 31 98 42 14 85 96 32 3 37 13 8 25 45 8 38 25 27 16 95 81 49 35 60 36 76 82 47 98 80 44 52 23 62 59 51 16 84 95 26 11 58 37 34 61 67 65 40 1 96 85 43 67 61 70 37 10 61 49 40 9 8 45 69 31 2 57 72 3
54 0 53 94 14 84 98 69 78 54 10 16 9 29 45 40 50 48 60 66 80 0 1 43 0 58 94 96 77 25 44 87 94 13 98 79 43 26 43 83 13 1 26 17 32 21 70 8 35 83 60 0 89 65 100000 1 98 100 54 78 21 38 58 5 40 59 61 57 65 38 78 18 61 14 2 91 99 57 9 92 16 71 76 63 92 32 8 59 97 99 28 71 45 54 82 8 53 51 62 29 24 80 65 32 31 75 33 94 73 85 11 52 32 95 30 9 60 16 41 34 81 39 23 41 40 82 57 14
90 77 0 34 86 11 69 95 9 4 25 0 54 46 80 80 86 17 9 100 17 1 0 22 16 55 96 2 74 65 32 34 8 92 40 20 4 45 71 92 89 12 85 27 98 45 93 82 75 55 86 23 6 1 59 82 26 100000 88 22 83 64 80 45 43 24 36 59 85 60 34 7 11 34 41 48 57 75 24 78 50 2 19 68 0 7 11 21 20 68 38 34 19 82 49 10 53 8 6 66 46 23 56 94 47 61 77 90 69 88 17 41 81 94 72 55 21 24 93 74 4 97 46 97 6 95 62 73
47 35 38 26 33 31 42 8 23 26 97 58 95 31 11 68 93 72 52 39 5 43 22 0 100000 0 19 91 78 6 11 3 56 54 53 38 78 66 52 83 96 14 80 73 42 27 94 87 6 89 57 5 52 8 58 51 48 67 65 67 21 42 90 37 68 77 15 36 63 66 15 13 54 52 55 63 51 8 56 77 40 81 94 68 20 23 42 95 90 83 76 19 0 55 17 98 79 64 4 45 80 93 62 19 7 61 43 95 98 99 23 32 71 70 6 50 57 46 45 79 9 42 19 32 12 26 71 18
50 39 30 5 46 27 89 98 45 62 65 11 74 37 42 90 53 85 42 90 67 0 16 100000 0 98 43 37 82 75 75 13 85 81 78 45 64 95 31 11 89 92 78 87 47 15 60 69 71 43 96 75 43 76 85 31 23 59 93 0 68 83 22 4 25 35 11 45 48 95 17 62 84 6 45 20 82 91 100000 79 70 55 4 78 24 43 77 8 23 1 9 74 94 25 6 6 8 42 50 25 62 56 95 99 13 51 81 65 68 67 34 22 28 32 35 0 59 91 80 66 82 94 51 50 22 74 4 75
98 16 38 8 46 28 29 63 14 79 42 76 66 62 1 18 60 88 48 27 42 58 55 0 98 0 96 13 43 54 94 16 40 100000 77 33 27 83 46 25 15 86 63 94 21 4 22 59 53 11 30 41 93 55 98 67 1 39 37 65 89 82 90 77 0 75 70 98 99 23 82 62 54 24 98 99 93 89 87 69 89 40 38 19 26 8 76 39 19 13 38 97 9 100 39 58 64 61 36 43 38 45 53 46 78 91 94 92 76 85 11 40 66 5 42 55 12 31 100000 23 12 57 30 64 3 44 52 2
94 76 60 75 95 68 7 27 79 72 88 88 74 1 100 79 71 73 70 27 77 94 96 19 43 96 0 77 25 51 93 53 34 75 47 55 73 2 67 42 95 19 55 27 54 0 9 92 83 89 79 95 100000 61 59 8 86 0 39 13 37 73 35 38 87 32 5 43 34 47 57 45 61 46 36 71 64 88 84 43 8 33 69 88 28 89 57 99 97 63 65 11 41 99 17 47 42 69 60 84 52 25 26 26 41 39 20 16 73 4 28 25 1 73 34 34 43 43 9 45 68 48 57 8 12 11 31 77
6 21 67 68 98 53 12 60 2 35 99 8 51 29 86 98 64 45 71 12 3 96 2 91 37 13 77 0 46 35 66 29 26 43 63 83 50 95 88 98 63 88 64 79 61 100000 7 56 55 23 19 99 35 41 37 28 90 92 10 37 62 6 63 65 39 67 4 27 4 1 39 26 19 60 52 52 39 3 15 44 2 6 85 48 21 32 44 22 91 64 96 24 4 79 73 59 51 32 61 73 66 19 47 94 54 10 65 72 16 67 52 51 11 75 10 86 100000 29 23 75 56 41 10 74 52 32 72 55
89 13 49 29 38 1 73 50 85 87 39 29 47 23 96 94 70 45 58 74 82 77 74 78 82 43 25 46 0 22 38 74 1 20 77 97 100000 93 58 26 23 80 63 60 46 34 62 36 80 52 5 83 72 11 9 11 43 100 48 91 95 28 17 22 47 58 94 31 4 59 58 81 28 30 85 70 13 95 22 84 24 91 55 92 86 16 96 16 49 14 37 23 10 70 92 49 50 48 21 57 84 65 20 100000 92 59 4 23 54 26 27 77 23 50 90 96 78 13 59 45 92 52 83 86 11 72 70 20
34 60 78 9 5 80 8 46 46 8 64 71 80 48 32 5 58 64 99 31 92 25 65 6 75 54 51 35 22 0 73 36 82 66 87 20 25 86 25 58 75 31 77 69 96 41 67 55 45 82 68 11 69 85 58 65 41 30 35 67 65 25 13 39 96 85 2 26 11 59 44 0 20 54 45 53 90 17 48 17 44 87 54 77 10 24 37 20 13 83 99 20 38 9 82 76 51 48 75 62 51 46 19 20 21 86 53 9 78 24 55 19 36 31 39 32 12 19 76 97 28 28 85 8 47 76 18 21
70 62 41 29 99 86 72 61 1 61 5 35 70 11 15 68 1 67 96 94 87 44 32 11 75 94 93 66 38 73 0 97 62 54 55 12 96 98 68 3 47 100000 64 8 13 16 52 60 9 80 30 63 52 71 100 52 10 82 12 82 65 60 86 82 43 44 21 9 84 99 84 45 92 93 80 1 79 82 59 66 80 83 97 65 60 70 3 81 16 81 64 85 61 4 0 57 21 46 92 35 35 43 25 32 67 93 60 52 67 10 19 86 89 95 29 67 11 55 84 44 95 55 84 65 82 11 87 42
57 72 0 7 100 41 54 62 9 66 58 83 23 3 88 50 22 98 69 19 89 87 34 3 13 16 53 29 74 36 97 0 37 26 56 87 84 62 4 6 20 4 66 31 62 31 99 65 0 76 44 4 84 23 11 13 57 74 90 63 48 20 3 95 3 22 37 20 2 77 28 25 88 51 46 91 79 19 42 38 35 41 92 14 100 18 82 41 99 61 31 43 29 86 59 58 53 39 25 12 91 9 71 68 55 39 53 19 6 45 37 70 80 35 4 79 77 23 71 42 11 52 17 14 23 21 58 53
74 98 68 53 36 18 21 14 73 20 69 88 88 43 52 91 80 88 100000 17 25 94 8 56 85 40 34 26 1 82 62 37 0 33 12 17 83 95 30 14 26 55 22 93 42 18 20 100 32 0 77 66 13 29 16 18 86 59 42 54 53 72 100 16 41 61 58 51 53 77 13 100 51 79 24 81 78 78 56 46 85 19 65 81 88 8 84 35 69 20 96 2 36 70 71 62 50 31 60 98 68 65 84 97 11 29 48 71 66 18 72 41 20 8 97 28 54 30 2 89 30 64 10 22 55 54 27 50
49 73 60 89 42 33 28 8 0 61 18 9 7 34 94 99 26 37 52 97 51 13 92 54 81 100000 75 43 20 66 54 26 33 0 29 95 6 88 83 2 69 59 51 39 36 76 59 84 47 77 34 27 84 81 89 29 65 17 23 41 17 84 6 26 55 23 58 12 100 98 40 83 90 100000 28 55 17 82 19 49 6 48 12 30 33 13 12 96 46 74 100 57 16 93 78 12 97 89 62 19 62 99 60 17 25 18 49 86 62 41 94 24 47 79 93 57 68 69 88 79 73 76 75 83 1 76 74 93
62 21 73 52 10 29 36 19 100000 76 89 61 16 58 54 62 9 19 81 47 92 98 40 53 78 77 47 63 77 87 55 56 12 29 0 33 62 93 40 83 9 37 68 9 69 26 97 83 31 18 74 67 94 52 64 1 45 36 50 26 20 51 98 45 22 14 34 67 43 43 6 93 88 47 36 87 75 65 55 82 98 68 45 79 23 77 73 29 57 27 8 26 77 59 95 42 18 75 37 29 1 0 93 12 50 68 97 6 6 82 25 32 60 58 43 9 75 79 18 24 89 41 70 9 15 95 26 35
33 18 23 84 39 79 79 70 48 46 38 92 39 95 71 85 62 91 44 34 97 79 20 38 45 33 55 83 97 20 12 87 17 95 33 0 12 18 16 58 94 23 54 91 60 43 83 22 8 18 51 9 61 77 4 5 79 97 90 80 81 96 87 22 67 66 59 71 82 25 25 28 33 92 71 23 68 54 25 53 92 17 68 84 0 32 13 77 87 78 42 40 7 60 17 33 74 62 79 24 80 8 61 26 46 75 53 30 40 20 16 61 51 73 43 18 42 14 59 2 45 53 73 76 87 86 37 71
3 34 48 9 16 75 68 29 7 0 9 58 21 86 53 47 58 78 39 91 66 43 4 78 64 27 73 50 100000 25 96 84 83 6 62 12 0 45 46 10 54 90 96 64 80 86 42 37 66 66 100000 68 88 84 21 72 39 23 68 9 11 2 57 1 90 32 63 66 84 61 48 31 56 75 44 46 49 24 56 41 72 64 65 16 72 83 78 58 5 44 3 100000 78 76 90 1 12 16 48 8 69 65 5 60 32 0 79 36 17 50 30 4 100 19 89 37 41 21 48 42 16 53 24 70 21 75 16 35
91 80 95 45 87 32 63 60 0 57 44 82 1 56 24 20 44 4 41 61 67 26 45 66 95 83 2 95 93 86 98 62 95 88 93 18 45 0 10 86 14 75 33 74 16 37 93 16 47 51 86 70 16 71 19 36 14 83 96 2 7 43 27 24 49 29 31 40 59 66 84 42 47 17 68 35 40 71 11 69 76 67 44 33 94 97 71 15 83 82 57 41 67 35 76 74 57 34 42 43 9 98 62 92 45 13 56 18 56 42 65 46 88 59 11 97 45 40 66 34 30 98 63 49 53 84 27 59
98 30 28 30 86 23 34 49 58 16 55 62 30 84 82 18 56 11 41 44 74 43 71 52 31 46 67 88 58 25 68 4 30 83 40 16 46 10 0 47 85 47 5 39 42 100 55 55 12 60 100000 61 77 85 17 40 27 87 38 79 94 32 96 31 93 34 22 40 68 52 27 46 54 67 26 7 93 82 30 51 39 73 51 77 3 58 59 21 4 34 56 59 1 67 74 49 83 61 21 44 4 95 8 6 57 85 31 8 32 39 42 13 43 14 52 8 81 16 7 93 21 11 18 50 81 59 9 36
79 99 68 5 72 4 40 49 9 99 13 59 39 100 26 35 95 56 18 69 100 83 92 83 11 25 42 98 26 58 3 6 14 2 83 58 10 86 47 0 25 65 71 94 38 3 38 86 71 39 39 44 6 58 68 15 14 52 64 47 27 85 3 63 83 18 86 47 64 43 55 35 88 49 70 14 47 12 49 75 47 20 77 55 40 22 39 52 88 76 36 14 7 6 48 98 11 90 11 78 17 58 14 30 43 94 41 66 48 7 18 60 32 31 5 95 19 69 20 98 90 14 63 80 24 41 65 31
39 46 57 61 31 57 43 27 96 16 22 60 93 49 73 3 83 56 31 24 95 13 89 96 89 15 95 63 23 75 47 20 26 69 9 94 54 14 85 25 0 55 63 40 75 90 26 86 98 59 7 96 11 10 4 39 50 95 65 80 80 47 17 100 10 42 62 49 22 64 88 6 82 39 100000 89 87 69 100 75 27 44 91 59 24 35 51 95 61 2 76 21 47 76 70 98 78 51 58 60 5 81 41 55 78 77 64 85 55 20 14 75 81 39 52 38 12 44 56 38 35 4 72 62 99 78 65 7
46 74 79 67 83 89 16 50 65 53 62 67 38 28 5 53 39 92 93 16 86 1 12 14 92 86 19 88 80 31 100000 4 55 59 37 23 90 75 47 65 55 0 97 50 69 58 67 44 100000 48 23 87 58 100 39 60 67 78 96 38 1 27 16 18 71 74 50 100000 50 7 26 47 84 84 62 66 85 52 41 8 5 62 10 21 96 11 44 19 53 11 74 87 64 99 63 13 24 37 100 62 39 42 54 51 34 78 38 4 59 52 27 92 8 63 83 56 31 77 18 14 53 81 63 21 91 72 76 97
49 90 63 31 100 57 15 98 33 16 24 90 72 22 100000 56 47 35 86 52 54 26 85 80 78 63 55 64 63 77 64 66 22 51 68 54 96 33 5 71 63 97 0 7 60 76 24 11 64 27 95 68 39 95 58 57 66 15 100000 86 84 43 69 16 37 60 6 70 31 10 81 15 25 39 24 97 85 91 76 46 28 85 48 89 2 66 74 73 12 90 54 32 96 30 36 81 74 16 75 90 79 97 84 99 73 44 6 56 34 80 65 94 37 18 63 83 20 66 71 43 86 90 76 45 47 62 39 79
70 23 67 38 60 20 96 3 31 11 87 4 45 64 100000 63 82 56 87 11 100 17 27 73 87 94 27 79 60 69 8 31 93 39 9 91 64 74 39 94 40 50 7 0 97 96 27 2 74 32 45 12 15 19 31 46 16 90 66 71 6 28 49 92 97 64 100000 68 30 67 6 73 24 77 30 46 91 10 17 6 94 56 10 95 83 70 80 86 81 59 80 100000 41 84 39 82 94 51 75 84 20 39 48 6 93 18 62 75 21 25 10 13 29 27 47 14 64 30 45 66 85 79 80 51 40 39 93 100
74 46 96 58 28 59 55 36 32 100 4 17 51 13 8 66 51 33 1 53 96 32 98 42 47 21 54 61 46 96 13 62 42 36 69 60 80 16 42 38 75 69 60 97 0 8 2 80 34 45 94 59 40 98 30 71 100000 55 73 71 81 63 50 47 42 14 55 9 66 88 62 91 91 87 45 13 34 53 43 77 12 17 89 6 9 43 67 57 77 69 89 85 63 73 14 71 60 54 13 14 84 58 41 78 17 49 55 19 64 70 62 93 22 78 84 40 41 95 34 40 73 7 13 51 12 63 89 0
83 50 35 96 35 1 95 70 86 64 19 40 75 46 59 27 11 31 84 0 48 21 45 27 15 4 0 100000 34 41 16 31 18 76 26 43 86 37 100 3 90 58 76 96 8 0 54 48 87 1 8 8 39 29 15 60 33 26 11 12 15 84 19 80 68 37 13 11 32 16 60 80 93 88 60 100000 19 21 69 10 79 52 93 44 3 92 61 73 88 74 41 46 70 65 41 23 41 35 40 93 44 23 23 30 97 51 34 90 4 63 18 46 54 0 65 86 17 86 38 31 97 84 15 11 76 90 86 89
11 56 19 99 66 85 73 97 49 26 36 83 58 100000 42 26 66 52 68 56 18 70 93 94 60 22 9 7 62 67 52 99 20 59 97 83 42 93 55 38 26 67 24 27 2 54 0 14 30 45 27 40 93 75 55 46 32 97 19 93 81 58 82 30 78 62 21 80 67 38 74 82 9 99 37 91 14 54 20 23 79 28 13 91 33 93 30 45 38 31 41 2 8 24 5 36 83 29 54 32 73 25 25 16 52 80 48 70 96 60 2 61 78 30 46 76 95 70 55 30 6 88 96 80 93 50 40 51
33 73 50 43 52 23 95 63 34 33 6 13 32 5 22 66 34 17 100000 55 89 8 82 87 69 59 92 56 36 55 60 65 100 84 83 22 37 16 55 86 86 44 11 2 80 48 14 0 63 92 11 61 50 100000 36 78 99 80 3 63 28 3 87 36 28 42 6 37 85 86 100 13 63 11 98 99 81 2 71 11 54 27 10 93 97 95 42 56 66 48 90 24 5 10 79 1 100000 100000 46 30 15 3 91 85 84 49 3 40 17 78 72 30 90 7 43 85 82 95 76 32 99 95 54 7 59 63 11 15
87 2 12 58 3 59 93 0 79 47 96 47 30 48 73 60 91 64 14 58 46 35 75 6 71 53 83 55 80 45 9 0 32 47 31 8 66 47 12 71 98 100000 64 74 34 87 30 63 0 40 32 89 32 15 70 53 87 97 14 86 97 26 25 84 6 2 21 78 94 54 19 54 83 96 96 25 2 97 53 13 6 47 4 73 58 49 20 39 22 36 76 19 51 15 34 1 5 17 55 46 62 42 89 11 17 15 15 46 92 88 58 67 59 25 87 50 41 94 46 54 61 17 83 46 20 75 21 79
36 67 49 47 31 12 95 58 93 37 80 81 80 38 7 1 83 35 4 17 45 83 55 89 43 11 89 23 52 82 80 76 0 77 18 18 66 51 60 39 59 48 27 32 45 1 45 92 40 0 60 28 41 32 12 98 48 55 20 59 99 53 62 14 86 56 44 38 35 58 94 11 61 94 96 40 29 76 49 15 58 13 69 50 45 80 57 27 83 31 70 48 90 42 17 67 10 30 58 24 37 6 71 94 40 36 64 69 72 20 23 47 96 66 24 25 30 60 20 17 8 34 48 22 41 75 46 21
46 74 84 10 31 81 45 64 96 90 39 73 16 62 54 51 4 13 43 91 68 60 86 57 96 30 79 19 5 68 30 44 77 34 74 51 100000 86 100000 39 7 23 95 45 94 8 27 11 32 60 0 80 60 81 73 39 87 63 90 82 82 93 94 92 99 96 43 42 87 70 21 95 15 94 46 69 80 59 4 98 31 46 76 71 47 97 68 65 70 29 21 67 22 98 42 94 91 18 34 98 71 67 22 72 83 39 78 0 49 32 84 5 86 47 49 44 36 26 31 13 74 5 55 22 73 48 38 64
55 45 99 40 19 74 86 17 79 35 10 41 23 20 42 87 56 43 46 2 76 0 23 5 75 41 95 99 83 11 63 4 66 27 67 9 68 70 61 44 96 87 68 12 59 8 40 61 89 28 80 0 49 42 42 2 57 6 7 77 25 77 89 75 94 26 20 6 75 44 77 78 4 15 35 83 35 91 50 62 74 75 72 34 6 99 34 55 87 4 43 24 65 93 73 32 44 64 74 17 58 98 74 45 57 73 58 68 13 2 47 3 32 10 87 34 53 39 71 44 17 88 54 14 25 46 72 54
26 53 48 39 55 7 55 66 14 68 53 7 74 91 18 87 65 12 89 47 5 89 6 52 43 93 100000 35 72 69 52 84 13 84 94 61 88 16 77 6 11 58 39 15 40 39 93 50 32 41 60 49 0 52 11 3 21 86 34 64 1 100000 95 60 65 66 31 35 77 63 77 45 73 53 86 52 15 99 95 76 63 80 50 1 10 47 60 73 78 36 44 25 91 53 51 55 91 83 59 77 39 87 20 81 20 88 88 16 47 5 100 65 21 99 81 33 39 60 20 58 85 15 3 100 71 35 54 6
86 35 100 13 78 50 31 0 16 61 90 28 15 7 23 86 93 13 30 30 83 65 1 8 76 55 61 41 11 85 71 23 29 81 52 77 84 71 85 58 10 100 95 19 98 29 75 100000 15 32 81 42 52 0 93 62 81 46 99 38 23 81 0 48 94 100000 78 80 18 92 25 22 41 35 85 42 25 39 80 62 82 68 34 71 2 44 79 94 52 43 20 10 38 83 2 71 58 2 67 63 91 3 79 36 27 35 62 5 42 57 31 27 65 50 61 60 41 78 9 48 81 83 100000 66 23 36 82 37
78 2 47 94 100 54 84 94 80 97 78 34 78 81 85 51 26 45 38 52 65 100000 59 58 85 98 59 37 9 58 100 11 16 89 64 4 21 19 17 68 4 39 58 31 30 15 55 36 70 12 73 42 11 93 0 60 66 17 0 32 68 29 26 93 36 1 33 35 51 74 29 81 1 11 44 27 74 48 66 66 34 86 2 75 49 27 51 46 3 93 4 48 52 98 38 68 17 25 91 86 26 11 14 21 56 67 24 57 82 87 47 25 26 98 48 6 34 67 70 62 36 58 10 51 27 51 6 88
91 87 46 1 9 86 64 44 22 76 13 83 60 19 87 43 79 88 54 49 36 1 82 51 31 67 8 28 11 65 52 13 18 29 1 5 72 36 40 15 39 60 57 46 71 60 46 78 53 98 39 2 3 62 60 0 49 98 73 28 55 12 38 54 63 6 28 1 53 13 13 82 56 10 64 87 15 85 21 60 73 98 81 67 96 42 28 51 91 90 48 0 50 96 34 86 4 62 9 44 8 27 100 82 87 85 7 32 28 43 47 64 32 78 100000 15 100000 33 59 88 47 28 77 26 94 52 90 22
98 5 11 33 84 46 8 26 73 100 60 86 32 39 51 0 25 48 59 42 73 98 26 48 23 1 86 90 43 41 10 57 86 65 45 79 39 14 27 14 50 67 66 16 100000 33 32 99 87 48 87 57 21 81 66 49 0 44 88 55 18 47 12 13 43 79 23 9 75 95 54 41 38 71 5 69 47 27 66 55 0 87 14 40 66 18 26 26 87 78 41 77 6 52 15 10 76 3 20 69 71 84 84 31 75 74 50 88 88 100000 79 77 20 55 26 95 16 65 79 74 27 40 47 93 15 43 72 61
77 43 50 63 14 5 87 35 65 16 66 27 89 61 91 60 98 100000 6 19 30 100 100000 67 59 39 0 92 100 30 82 74 59 17 36 97 23 83 87 52 95 78 15 90 55 26 97 80 97 55 63 6 86 46 17 98 44 0 69 12 57 21 86 44 88 13 64 91 22 71 99 48 55 57 96 92 73 17 45 3 40 16 38 79 66 32 88 8 42 26 30 41 76 24 88 24 87 4 82 99 19 87 68 45 41 93 59 23 58 19 6 39 42 42 19 87 1 44 50 14 84 98 34 54 38 64 95 5
0 36 66 47 18 60 63 13 46 89 83 57 12 19 94 6 87 65 39 25 20 54 88 65 93 37 39 10 48 35 12 90 42 23 50 90 68 96 38 64 65 96 100000 66 73 11 19 3 14 20 90 7 34 99 0 73 88 69 0 43 53 88 41 84 37 100 64 23 2 65 65 85 35 100 37 2 100000 56 7 27 76 89 54 54 75 54 54 62 51 38 55 39 100000 25 0 67 5 18 15 71 70 47 17 75 29 54 75 65 66 68 92 4 15 62 36 21 36 68 62 18 93 99 78 4 100 72 44 35
23 54 67 23 93 49 20 52 39 71 19 48 3 44 96 19 27 71 23 36 19 78 22 67 0 65 13 37 91 67 82 63 54 41 26 80 9 2 79 47 80 38 86 71 71 12 93 63 86 59 82 77 64 38 32 28 55 12 43 0 44 17 33 39 34 54 15 90 64 98 55 98 11 61 100000 6 33 93 28 42 9 99 11 22 55 16 63 95 62 45 94 78 9 8 22 13 68 84 22 52 17 2 84 37 94 28 71 20 57 65 82 39 3 52 3 12 89 64 59 38 11 78 1 44 33 44 59 13
25 64 65 56 65 60 21 8 58 2 68 32 12 95 6 68 47 92 36 30 31 21 83 21 68 89 37 62 95 65 65 48 53 17 20 81 11 7 94 27 80 1 84 6 81 15 81 28 97 99 82 25 1 23 68 55 18 57 53 44 0 65 54 96 18 17 71 78 42 73 46 94 10 49 70 12 22 31 45 2 36 0 30 52 56 41 81 38 74 98 38 20 17 1 35 16 21 20 72 64 47 66 54 39 39 73 86 23 17 28 0 92 51 74 49 72 49 48 100000 63 5 33 29 93 16 84 73 21
6 29 55 96 35 11 96 74 38 53 79 90 14 37 22 87 72 89 26 46 98 38 64 42 83 82 73 6 28 25 60 20 72 84 51 96 2 43 32 85 47 27 43 28 63 84 58 3 26 53 93 77 100000 81 29 12 47 21 88 17 65 0 41 23 34 10 56 24 26 98 29 15 75 11 55 89 37 8 29 53 79 100 81 37 70 91 22 67 44 95 37 49 2 88 34 15 31 5 68 9 74 42 22 9 26 83 2 50 82 71 9 94 94 84 20 53 11 11 73 23 17 1 59 35 20 29 24 33
31 89 47 37 95 71 51 69 36 30 37 52 35 56 19 83 70 28 26 60 42 58 80 90 22 90 35 63 17 13 86 3 100 6 98 87 57 27 96 3 17 16 69 49 50 19 82 87 25 62 94 89 95 0 26 38 12 86 41 33 54 41 0 61 75 18 59 39 79 10 84 100 47 93 23 56 60 40 73 94 30 11 35 33 30 97 85 62 67 72 3 0 69 7 19 99 56 10 56 72 70 45 96 51 88 87 69 87 76 49 55 86 4 71 53 85 4 60 43 52 9 80 81 99 42 71 44 8
87 50 6 58 44 72 17 52 100000 34 34 70 100000 39 99 97 83 78 67 77 14 5 45 37 4 77 38 65 22 39 82 95 16 26 45 22 1 24 31 63 100 18 16 92 47 80 30 36 84 14 92 75 60 48 93 54 13 44 84 39 96 23 61 0 83 38 0 3 44 14 88 50 34 64 3 100000 86 98 60 56 89 86 100 73 34 87 50 92 10 32 2 55 56 76 94 79 32 92 92 75 52 67 69 93 25 82 44 83 97 83 100000 85 14 26 35 60 70 51 61 9 92 95 10 50 54 13 100000 32
88 48 74 97 28 47 88 36 84 0 31 53 11 69 43 100000 0 70 74 95 85 40 43 68 25 0 87 39 47 96 43 3 41 55 22 67 90 49 93 83 10 71 37 97 42 68 78 28 6 86 99 94 65 94 36 63 43 88 37 34 18 34 75 83 0 12 55 19 46 60 31 11 47 76 66 6 28 56 13 35 2 74 42 10 54 45 78 47 65 20 42 32 33 2 46 31 13 17 63 16 36 66 2 4 17 56 35 12 60 43 35 83 32 99 42 24 74 9 95 24 22 26 5 4 65 74 84 50
0 45 27 88 9 44 38 5 84 52 57 79 100000 10 1 21 48 75 41 54 96 59 24 77 35 75 32 67 58 85 44 22 61 23 14 66 32 29 34 18 42 74 60 64 14 37 62 42 2 56 96 26 66 100000 1 6 79 13 100 54 17 10 18 38 12 0 54 69 32 14 8 17 31 2 6 16 34 86 94 36 45 14 36 32 59 91 76 20 28 74 80 25 100000 37 99 92 37 10 67 82 16 97 94 23 40 69 80 75 60 9 3 88 100000 33 85 81 20 23 40 90 10 94 4 5 7 41 48 75
61 100000 100000 2 60 74 61 2 0 90 17 14 93 30 33 57 87 86 77 4 32 61 36 15 11 70 5 4 94 2 21 37 58 58 34 59 63 31 22 86 62 50 6 100000 55 13 21 6 21 44 43 20 31 78 33 28 23 64 64 15 71 56 59 0 55 54 0 65 82 52 68 71 44 79 46 3 51 96 92 54 12 0 13 38 27 74 34 94 10 96 92 36 85 56 23 93 63 66 28 51 33 6 15 44 62 28 72 99 65 66 51 37 25 65 32 98 8 85 40 42 32 72 51 35 54 47 4 0
18 38 63 58 15 38 17 67 36 88 40 6 86 76 36 41 43 56 18 99 3 57 59 36 45 98 43 27 31 26 9 20 51 12 67 71 66 40 40 47 49 100000 70 68 9 11 80 37 78 38 42 6 35 80 35 1 9 91 23 90 78 24 39 3 19 69 65 0 19 60 5 2 83 77 77 40 15 40 29 97 19 30 20 50 47 9 5 11 1 75 30 83 4 88 76 14 83 53 57 38 32 0 39 100 85 29 98 91 34 17 63 99 68 89 100000 5 67 61 35 76 71 65 55 13 83 44 28 8
70 4 40 94 87 87 87 87 10 47 58 34 21 72 41 42 28 73 34 19 37 65 85 63 48 99 34 4 4 11 84 2 53 100 43 82 84 59 68 64 22 50 31 30 66 32 67 85 94 35 87 75 77 18 51 53 75 22 2 64 42 26 79 44 46 32 82 19 0 100 32 45 11 91 20 24 33 82 25 52 71 33 9 38 70 75 26 32 49 100000 25 22 100 96 40 16 60 89 71 94 20 84 58 73 81 18 51 94 53 4 28 39 39 72 98 75 97 72 62 94 63 10 57 56 45 28 86 69
15 49 65 85 88 100000 34 84 100 44 9 95 65 35 92 100000 87 82 36 48 13 38 60 66 95 23 47 1 59 59 99 77 77 98 43 25 61 66 52 43 64 7 10 67 88 16 38 86 54 58 70 44 63 92 74 13 95 71 65 98 73 98 10 14 60 14 52 60 100 0 85 62 4 78 0 44 67 44 49 41 63 78 84 20 15 14 79 29 57 84 60 64 11 98 7 18 6 47 16 83 53 36 70 16 57 68 77 77 20 11 30 42 45 9 80 50 87 10 38 21 46 30 21 51 56 33 43 98
75 11 66 62 57 30 19 90 72 99 74 54 19 52 62 23 63 2 2 51 8 78 34 15 17 82 57 39 58 44 84 28 13 40 6 25 48 84 27 55 88 26 81 6 62 60 74 100 19 94 21 77 77 25 29 13 54 99 65 55 46 29 84 88 31 8 68 5 32 85 0 72 53 89 13 96 37 38 6 86 0 86 85 10 31 43 72 42 83 9 39 29 32 30 80 7 87 34 61 67 70 77 3 41 37 32 10 25 50 75 42 100 26 97 80 97 53 32 95 7 2 20 70 58 70 62 76 71
43 40 54 58 35 94 100000 49 51 54 14 25 67 45 7 47 72 40 22 39 25 18 7 13 62 62 45 26 81 0 45 25 100 83 93 28 31 42 46 35 6 47 15 73 91 80 82 13 54 11 95 78 45 22 81 82 41 48 85 98 94 15 100 50 11 17 71 2 45 62 72 0 94 62 89 61 82 8 89 66 93 93 69 57 0 43 25 10 42 37 47 34 69 72 79 54 70 82 53 48 46 3 23 56 26 14 11 9 70 93 62 72 56 45 89 92 64 94 4 39 17 34 67 71 50 20 34 91
93 88 21 1 49 80 47 58 52 32 46 49 18 57 62 57 55 3 68 58 45 61 11 54 84 54 61 19 28 20 92 88 51 90 88 33 56 47 54 88 82 84 25 24 91 93 9 63 83 61 15 4 73 41 1 56 38 55 35 11 10 75 47 34 47 31 44 83 11 4 53 94 0 34 47 80 49 30 87 65 95 39 19 69 73 92 17 1 71 92 7 81 51 70 92 63 19 56 47 26 59 51 50 97 77 23 48 71 70 25 88 68 65 39 14 93 18 28 57 41 71 37 0 81 64 85 37 99
17 100 25 14 55 94 1 10 30 22 100 10 18 40 77 70 43 1 51 27 8 14 34 52 6 24 46 60 30 54 93 51 79 100000 47 92 75 17 67 49 39 84 39 77 87 88 99 11 96 94 94 15 53 35 11 10 71 57 100 61 49 11 93 64 76 2 79 77 91 78 89 62 34 0 4 21 25 67 35 20 50 91 17 84 41 88 57 81 31 61 19 62 94 100 50 49 74 5 19 19 90 87 75 72 47 17 33 30 15 64 6 100 51 18 10 77 76 28 33 16 1 60 61 99 98 70 62 44
12 58 83 70 25 80 59 55 93 80 46 55 79 5 92 82 93 24 100000 13 38 2 41 55 45 98 36 52 85 45 80 46 24 28 36 71 44 68 26 70 100000 62 24 30 45 60 37 98 96 96 46 35 86 85 44 64 5 96 37 100000 70 55 23 3 66 6 46 77 20 0 13 89 47 4 0 56 11 34 68 68 6 37 5 88 99 29 48 47 98 24 84 78 61 81 65 3 90 69 52 5 13 75 79 38 90 92 0 44 30 42 61 48 51 23 24 12 37 61 39 3 17 55 100 58 65 98 55 86
4 16 20 96 48 90 36 22 71 76 47 29 61 75 10 69 35 17 39 49 25 91 48 63 20 99 71 52 70 53 1 91 81 55 87 23 46 35 7 14 89 66 97 46 13 100000 91 99 25 40 69 83 52 42 27 87 69 92 2 6 12 89 56 100000 6 16 3 40 24 44 96 61 80 21 56 0 17 93 93 2 52 65 87 57 13 87 48 22 33 61 4 71 47 83 42 55 81 52 49 2 11 90 96 10 54 89 60 10 77 46 31 74 95 40 55 64 70 28 85 26 13 36 82 90 56 88 34 42
70 46 20 73 17 96 33 82 32 32 85 12 64 62 68 38 53 31 31 77 27 99 57 51 82 93 64 39 13 90 79 79 78 17 75 68 49 40 93 47 87 85 85 91 34 19 14 81 2 29 80 35 15 25 74 15 47 73 100000 33 22 37 60 86 28 34 51 15 33 67 37 82 49 25 11 17 0 48 96 76 77 17 66 92 50 68 38 53 87 49 64 77 54 27 74 72 64 17 20 90 100000 29 87 30 21 21 36 21 100000 17 66 33 36 2 21 16 72 84 73 75 23 59 59 46 27 15 7 92
70 81 88 77 48 84 42 68 86 33 86 44 76 96 62 28 42 63 30 34 16 57 75 8 91 89 88 3 95 17 82 19 78 82 65 54 24 71 82 12 69 52 91 10 53 21 54 2 97 76 59 91 99 39 48 85 27 17 56 93 31 8 40 98 56 86 96 40 82 44 38 8 30 67 34 93 48 0 34 20 2 42 70 94 5 19 96 80 45 74 26 43 58 50 20 89 76 78 100000 13 98 60 71 84 15 81 67 18 33 59 10 41 83 74 99 81 73 22 23 10 13 20 30 58 3 69 34 19
32 38 15 88 31 3 58 57 91 72 21 49 55 89 86 73 96 8 40 0 95 9 24 56 100000 87 84 15 22 48 59 42 56 19 55 25 56 11 30 49 100 41 76 17 43 69 20 71 53 49 4 50 95 80 66 21 66 45 7 28 45 29 73 60 13 94 92 29 25 49 6 89 87 35 68 93 96 34 0 65 45 59 29 28 72 84 57 70 76 87 52 63 16 79 87 91 33 61 62 19 77 69 85 8 8 11 38 32 25 42 77 50 88 39 50 4 7 34 60 59 25 69 38 81 91 46 83 51
55 43 35 60 38 57 94 67 4 60 28 35 44 85 6 68 52 41 12 63 81 92 78 77 79 69 43 44 84 17 66 38 46 49 82 53 41 69 51 75 75 8 46 6 77 10 23 11 13 15 98 62 76 62 66 60 55 3 27 42 2 53 94 56 35 36 54 97 52 41 86 66 65 20 68 2 76 20 65 0 90 19 85 50 0 38 10 47 69 31 31 52 44 83 64 72 52 100 12 47 4 58 0 57 14 23 35 48 25 30 82 51 46 81 18 47 45 88 59 46 16 29 78 80 57 80 54 80
66 12 71 12 100000 5 41 16 93 7 48 18 3 82 15 39 68 10 28 7 49 16 50 40 70 89 8 2 24 44 80 35 85 6 98 92 72 76 39 47 27 5 28 94 12 79 79 54 6 58 31 74 63 82 34 73 0 40 76 9 36 79 30 89 2 45 12 19 71 63 0 93 95 50 6 52 77 2 45 90 0 72 92 50 98 19 30 65 60 97 3 45 40 1 26 47 70 27 63 38 30 85 37 29 46 55 38 2 16 77 83 15 97 69 100000 30 91 84 73 31 86 55 65 45 24 7 67 8
69 68 12 55 28 24 91 65 72 53 69 39 44 86 50 16 78 26 10 34 35 71 2 81 55 40 33 6 91 87 83 41 19 48 68 17 64 67 73 20 44 62 85 56 17 52 28 27 47 13 46 75 80 68 86 98 87 16 89 99 0 100 11 86 74 14 0 30 33 78 86 93 39 91 37 65 17 42 59 19 72 0 71 89 87 51 41 53 43 54 98 74 56 81 28 60 55 58 69 3 46 89 6 52 78 1 59 6 18 38 94 28 2 45 100 2 87 28 8 60 25 91 91 84 75 2 24 54
45 37 57 18 88 18 80 19 34 65 36 46 54 69 82 39 71 34 14 77 60 76 19 94 4 38 69 85 55 54 97 92 65 12 45 68 65 44 51 77 91 10 48 10 89 93 13 10 4 69 76 72 50 34 2 81 14 38 54 11 30 81 35 100 42 36 13 20 9 84 85 69 19 17 5 87 66 70 29 85 92 71 0 68 45 32 62 46 79 58 89 45 64 85 16 86 85 63 30 47 40 96 71 15 65 67 2 61 1 42 29 68 94 30 72 49 60 41 53 96 12 22 68 100 79 44 28 27
7 84 77 55 97 65 96 25 68 21 20 84 86 38 2 56 2 100 10 85 36 63 68 68 78 19 88 48 92 77 65 14 81 30 79 84 16 33 77 55 59 21 89 95 6 44 91 93 73 50 71 34 1 71 75 67 40 79 54 22 52 37 33 73 10 32 38 50 38 20 10 57 69 84 88 57 92 94 28 50 50 89 68 0 88 20 47 72 75 58 61 14 0 37 28 41 76 35 10 73 39 90 17 48 44 19 8 23 40 68 19 21 2 76 85 73 21 40 55 70 51 70 53 13 51 38 43 23
49 21 61 75 29 24 76 86 67 61 71 71 29 61 68 26 8 56 94 35 76 92 0 20 24 26 28 21 86 10 60 100 88 33 23 0 72 94 3 40 24 96 2 83 9 3 33 97 58 45 47 6 10 2 49 96 66 66 75 55 56 70 30 34 54 59 27 47 70 15 31 0 73 41 99 13 50 5 72 0 98 87 45 88 0 4 95 42 3 30 100000 60 91 73 68 11 17 17 9 93 37 100000 2 13 52 99 8 77 99 4 73 69 38 30 33 51 84 99 3 55 41 37 61 30 58 66 63 49
36 79 14 85 43 62 65 52 26 94 64 27 15 83 52 61 96 78 10 74 82 32 7 23 43 8 89 32 16 24 70 18 8 13 77 32 83 97 58 22 35 11 66 70 43 92 93 95 49 80 97 99 47 44 27 42 18 32 54 16 41 91 97 87 45 91 74 9 75 14 43 43 92 88 29 87 68 19 84 38 19 51 32 20 4 0 82 6 28 46 92 9 29 33 32 2 35 99 56 75 79 64 35 14 8 61 42 24 17 56 66 73 21 59 12 65 77 22 39 27 14 2 86 52 69 64 45 86
33 5 51 5 49 87 52 83 81 17 45 49 99 25 13 44 88 53 52 36 47 8 11 42 77 76 57 44 96 37 3 82 84 12 73 13 78 71 59 39 51 44 74 80 67 61 30 42 20 57 68 34 60 79 51 28 26 88 54 63 81 22 85 50 78 76 34 5 26 79 72 25 17 57 48 48 38 96 57 10 30 41 62 47 95 82 0 33 11 79 71 82 55 21 26 76 51 92 95 59 73 81 60 85 90 3 69 38 5 43 43 87 57 31 2 9 60 33 28 56 23 26 97 94 35 48 28 87
28 100 57 7 4 91 61 100 12 89 30 59 53 3 28 69 40 74 3 63 98 59 21 95 8 39 99 22 16 20 81 41 35 96 29 77 58 15 21 52 95 19 73 86 57 73 45 56 39 27 65 55 73 94 46 51 26 8 62 95 38 67 62 92 47 20 94 11 32 29 42 10 1 81 47 22 53 80 70 47 65 53 46 72 42 6 33 0 63 90 30 19 86 41 61 81 32 100 95 41 0 41 97 16 98 34 81 73 18 62 40 1 50 15 20 41 57 5 46 76 27 79 53 50 71 97 79 0
4 89 6 82 66 73 82 30 9 74 68 77 50 41 72 93 63 57 100000 53 80 97 20 90 23 19 97 91 49 13 16 99 69 46 57 87 5 83 4 88 61 53 12 81 77 88 38 66 22 83 70 87 78 52 3 91 87 42 51 62 74 44 67 10 65 28 10 1 49 57 83 42 71 31 98 33 87 45 76 69 60 43 79 75 3 28 11 63 0 89 35 8 52 71 87 57 21 52 100000 7 66 93 84 66 47 0 21 25 73 59 54 76 45 36 25 13 51 50 74 7 47 72 34 1 73 67 76 62
4 92 22 65 82 100000 61 88 71 38 77 71 99 63 15 40 79 92 39 79 44 99 68 83 1 13 63 64 14 83 81 61 20 74 27 78 44 82 34 76 2 11 90 59 69 74 31 48 36 31 29 4 36 43 93 90 78 26 38 45 98 95 72 32 20 74 96 75 100000 84 9 37 92 61 24 61 49 74 87 31 97 54 58 58 30 46 79 90 89 0 15 88 63 17 25 65 57 70 86 100 49 52 99 78 12 26 49 93 55 55 23 65 54 100 7 71 68 30 68 59 62 98 96 88 65 100000 84 7
73 91 9 61 61 29 76 63 45 57 37 38 49 53 13 35 76 74 38 79 52 28 38 76 9 38 65 96 37 99 64 31 96 100 8 42 3 57 56 36 76 74 54 80 89 41 41 90 76 70 21 43 44 20 4 48 41 30 55 94 38 37 3 2 42 80 92 30 25 60 39 47 7 19 84 4 64 26 52 31 3 98 89 61 100000 92 71 30 35 15 0 53 86 91 95 15 16 30 39 55 67 53 76 92 54 45 69 53 41 39 88 87 45 77 4 4 48 84 17 64 72 27 9 31 81 55 39 62
63 70 77 27 49 28 30 73 68 98 77 34 49 87 76 11 57 71 68 80 23 71 34 19 74 97 11 24 23 20 85 43 2 57 26 40 100000 41 59 14 21 87 32 100000 85 46 2 24 19 48 67 24 25 10 48 0 77 41 39 78 20 49 0 55 32 25 36 83 22 64 29 34 81 62 78 71 77 43 63 52 45 74 45 14 60 9 82 19 8 88 53 0 59 100 63 80 100000 66 57 31 30 84 85 3 11 20 5 49 65 92 29 24 30 1 86 72 19 20 41 90 90 10 46 91 77 24 81 60
1 55 68 32 15 63 37 22 64 98 17 61 44 46 73 10 78 1 59 85 62 45 19 0 94 9 41 4 10 38 61 29 36 16 77 7 78 67 1 7 47 64 96 41 63 70 8 5 51 90 22 65 91 38 52 50 6 76 100000 9 17 2 69 56 33 100000 85 4 100 11 32 69 51 94 61 47 54 58 16 44 40 56 64 0 91 29 55 86 52 63 86 59 0 63 34 85 38 83 17 59 50 77 95 54 58 67 65 30 63 56 56 19 87 42 53 62 88 75 64 22 93 51 35 80 23 80 93 52
81 45 100 42 22 65 46 96 73 96 71 100 54 100 68 41 75 97 24 45 59 54 82 55 25 100 99 79 70 9 4 86 70 93 59 60 76 35 67 6 76 99 30 84 73 65 24 10 15 42 98 93 53 83 98 96 52 24 25 8 1 88 7 76 2 37 56 88 96 98 30 72 70 100 81 83 27 50 79 83 1 81 85 37 73 33 21 41 71 17 91 100 63 0 52 37 13 46 13 3 69 56 73 53 91 37 47 98 20 0 38 72 53 16 27 20 100000 1 51 98 71 65 63 27 42 100000 89 10
36 73 81 72 56 82 17 90 59 67 18 22 57 79 13 14 100000 20 73 24 51 82 49 17 6 39 17 73 92 82 0 59 71 78 95 17 90 76 74 48 70 63 36 39 14 41 5 79 34 17 42 73 51 2 38 34 15 88 0 22 35 34 19 94 46 99 23 76 40 7 80 79 92 50 65 42 74 20 87 64 26 28 16 28 68 32 26 61 87 25 95 63 34 52 0 11 30 59 3 87 25 98 79 32 54 100000 18 64 76 31 62 22 34 95 10 78 100000 15 12 13 44 1 99 73 95 11 47 0
90 65 30 43 12 41 38 6 70 44 13 51 1 21 33 83 48 12 25 92 16 8 10 98 6 58 47 59 49 76 57 58 62 12 42 33 1 74 49 98 98 13 81 82 71 23 36 1 1 67 94 32 55 71 68 86 10 24 67 13 16 15 99 79 31 92 93 14 16 18 7 54 63 49 3 55 72 89 91 72 47 60 86 41 11 2 76 81 57 65 15 80 85 37 11 0 78 0 34 60 13 96 99 13 35 64 55 55 36 35 83 14 75 54 54 88 46 45 54 17 42 5 79 12 38 39 57 75
11 26 74 45 15 79 65 90 23 55 47 80 30 57 72 93 95 6 25 21 84 53 53 79 8 64 42 51 50 51 21 53 50 97 18 74 12 57 83 11 78 24 74 94 60 41 83 100000 5 10 91 44 91 58 17 4 76 87 5 68 21 31 56 32 13 37 63 83 60 6 87 70 19 74 90 81 64 76 33 52 70 55 85 76 17 35 51 32 21 57 16 100000 38 13 30 78 0 64 48 82 66 93 85 99 67 70 96 20 66 78 79 95 32 46 39 75 84 2 96 9 88 92 28 75 30 50 64 38
56 47 99 85 69 94 56 91 77 51 83 86 36 23 25 11 62 66 91 44 95 51 8 64 42 61 69 32 48 48 46 39 31 89 75 62 16 34 61 90 51 37 16 51 54 35 29 100000 17 30 18 64 83 2 25 62 3 4 18 84 20 5 10 92 17 10 66 53 89 47 34 82 56 5 69 52 17 78 61 100 27 58 63 35 17 99 92 100 52 70 30 66 83 46 59 0 64 0 49 47 32 81 76 24 62 79 20 78 100000 40 53 16 88 27 88 69 1 16 56 84 52 67 94 85 6 58 47 92
41 80 36 74 16 60 87 6 7 39 60 87 31 34 43 83 28 70 17 68 26 62 6 4 50 36 60 61 21 75 92 25 60 62 37 79 48 42 21 11 58 100 75 75 13 40 54 46 55 58 34 74 59 67 91 9 20 82 15 22 72 68 56 92 63 67 28 57 71 16 61 53 47 19 52 49 20 100000 62 12 63 69 30 10 9 56 95 95 100000 86 39 57 17 13 3 34 48 49 0 71 78 33 25 8 55 24 85 84 85 21 60 74 31 66 67 27 12 30 65 14 87 22 13 3 84 16 16 25
79 74 73 32 13 9 24 100 70 8 43 63 76 98 57 95 7 35 11 4 11 29 66 45 25 43 84 73 57 62 35 12 98 19 29 24 8 43 44 78 60 62 90 84 14 93 32 30 46 24 98 17 77 63 86 44 69 99 71 52 64 9 72 75 16 82 51 38 94 83 67 48 26 19 5 2 90 13 19 47 38 3 47 73 93 75 59 41 7 100 55 31 59 3 87 60 82 47 71 0 55 62 4 42 31 92 93 6 2 65 28 33 77 94 100000 32 29 15 75 61 3 81 4 43 1 100000 100000 55
11 0 61 3 93 66 59 44 4 85 44 85 72 92 84 36 82 100 97 4 58 24 46 80 62 38 52 66 84 51 35 91 68 62 1 80 69 9 4 17 5 39 79 20 84 44 73 15 62 37 71 58 39 91 26 8 71 19 70 17 47 74 70 52 36 16 33 32 20 53 70 46 59 90 13 11 100000 98 77 4 30 46 40 39 37 79 73 0 66 49 67 30 50 69 25 13 66 32 78 55 0 52 52 31 81 29 86 51 70 15 15 21 78 53 96 3 95 85 100 41 90 77 73 32 69 82 45 97
35 30 72 40 7 66 80 52 80 44 12 10 86 66 88 78 49 96 12 99 37 80 23 93 56 45 25 19 65 46 43 9 65 99 0 8 65 98 95 58 81 42 97 39 58 23 25 3 42 6 67 98 87 3 11 27 84 87 47 2 66 42 45 67 66 97 6 0 84 36 77 3 51 87 75 90 29 60 69 58 85 89 96 90 100000 64 81 41 93 52 53 84 77 56 98 96 93 81 33 62 52 0 21 97 19 64 52 47 51 10 33 88 37 49 67 32 86 36 43 80 11 76 66 33 63 81 11 0
31 10 96 19 96 39 51 46 9 11 65 39 28 68 5 73 93 84 88 72 34 65 56 62 95 53 26 47 20 19 25 71 84 60 93 61 5 62 8 14 41 54 84 48 41 23 25 91 89 71 22 74 20 79 14 100 84 68 17 84 54 22 96 69 2 94 15 39 58 70 3 23 50 75 79 96 87 71 85 0 37 6 71 17 2 35 60 97 84 99 76 85 95 73 79 99 85 76 25 4 52 21 0 99 0 84 63 93 27 90 6 18 100 51 60 74 88 49 62 37 41 95 27 96 6 39 59 55
5 35 30 42 31 46 94 20 2 69 11 49 17 26 64 15 50 77 84 39 61 32 94 19 99 46 26 94 100000 20 32 68 97 17 12 26 60 92 6 30 55 51 99 6 78 30 16 85 11 94 72 45 81 36 21 82 31 45 75 37 39 9 51 93 4 23 44 100 73 16 41 56 97 72 38 10 30 84 8 57 29 52 15 48 13 14 85 16 66 78 92 3 54 53 32 13 99 24 8 42 31 97 99 0 7 2 6 50 60 40 87 63 4 29 38 18 31 57 12 22 35 74 16 68 7 55 26 19
82 76 91 65 97 96 28 78 7 11 64 76 89 33 44 59 31 56 29 56 67 31 47 7 13 78 41 54 92 21 67 55 11 25 50 46 32 45 57 43 78 34 73 93 17 97 52 84 17 40 83 57 20 27 56 87 75 41 29 94 39 26 88 25 17 40 62 85 81 57 37 26 77 47 90 54 21 15 8 14 46 78 65 44 52 8 90 98 47 12 54 11 58 91 54 35 67 62 55 31 81 19 0 7 0 7 30 9 68 96 95 39 42 71 100000 87 0 95 83 66 53 77 19 29 45 58 78 47
49 53 82 37 19 57 53 15 75 21 42 98 36 59 63 70 55 59 10 80 65 75 61 61 51 91 39 10 59 86 93 39 29 18 68 75 0 13 85 94 77 78 44 18 49 51 80 49 15 36 39 73 88 35 67 85 74 93 54 28 73 83 87 82 56 69 28 29 18 68 32 14 23 17 92 89 21 81 11 23 55 1 67 19 99 61 3 34 0 26 45 20 67 37 100000 64 70 79 24 92 29 64 84 2 7 0 86 74 4 85 45 54 85 51 92 64 35 4 81 63 65 26 75 56 39 25 35 31
52 4 43 45 87 18 100 42 58 21 18 81 55 47 12 47 100000 7 88 43 40 33 77 43 81 94 20 65 4 53 60 53 48 49 97 53 79 56 31 41 64 38 6 62 55 34 48 3 15 64 78 58 88 62 24 7 50 59 75 71 86 2 69 44 35 80 72 98 51 77 10 11 48 33 0 60 36 67 38 35 38 59 2 8 8 42 69 81 21 49 69 5 65 47 18 55 96 20 85 93 86 52 63 6 30 86 0 63 96 25 14 30 33 55 27 94 3 68 30 65 43 94 37 48 59 60 87 80
88 22 55 64 26 75 71 98 36 59 84 17 65 70 88 53 60 9 4 90 1 94 90 95 65 92 16 72 23 9 52 19 71 86 6 30 36 18 8 66 85 4 56 75 19 90 70 40 46 69 0 68 16 5 57 32 88 23 65 20 23 50 87 83 12 75 99 91 94 77 25 9 71 30 44 10 21 18 32 48 2 6 61 23 77 24 38 73 25 93 53 49 30 98 64 55 20 78 84 6 51 47 93 50 9 74 63 0 72 53 18 15 20 6 21 38 37 76 48 15 24 49 62 77 48 69 33 65
64 69 4 0 30 25 40 44 41 31 72 53 20 66 44 3 81 23 22 82 96 73 69 98 68 76 73 16 54 78 67 6 66 62 6 40 17 56 32 48 55 59 34 21 64 4 96 17 92 72 49 13 47 42 82 28 88 58 66 57 17 82 76 97 60 60 65 34 53 20 50 70 70 15 30 77 100000 33 25 25 16 18 1 40 99 17 5 18 73 55 41 65 63 20 76 36 66 100000 85 2 70 51 27 60 68 4 96 72 0 97 49 48 49 6 53 59 96 80 79 73 60 4 69 2 42 40 67 23
31 4 42 21 33 100000 18 50 35 1 58 90 56 63 20 0 57 8 80 20 85 85 88 99 67 85 4 67 26 24 10 45 18 41 82 20 50 42 39 7 20 52 80 25 70 63 60 78 88 20 32 2 5 57 87 43 100000 19 68 65 28 71 49 83 43 9 66 17 4 11 75 93 25 64 42 46 17 59 42 30 77 38 42 68 4 56 43 62 59 55 39 92 56 0 31 35 78 40 21 65 15 10 90 40 96 85 25 53 97 0 17 16 73 78 84 44 62 98 46 30 92 11 5 54 89 3 20 0
41 11 92 5 92 19 45 10 24 15 50 91 74 56 10 28 18 3 34 44 43 11 17 23 34 11 28 52 27 55 19 37 72 94 25 16 30 65 42 18 14 27 65 10 62 18 2 72 58 23 84 47 100 31 47 47 79 6 92 82 0 9 55 100000 35 3 51 63 28 30 42 62 88 6 61 31 66 10 77 82 83 94 29 19 73 66 43 40 54 23 88 29 56 38 62 83 79 53 60 28 15 33 6 87 95 45 14 18 49 17 0 96 24 23 66 11 15 53 100000 56 25 48 0 57 22 15 100 25
33 53 75 76 58 100000 76 30 8 11 85 79 10 10 54 32 68 54 96 22 67 52 41 32 22 40 25 51 77 19 86 70 41 24 32 61 4 46 13 60 75 92 94 13 93 46 61 30 67 47 5 3 65 27 25 64 77 39 4 39 92 94 86 85 83 88 37 99 39 42 100 72 68 100 48 74 33 41 50 51 15 28 68 21 69 73 87 1 76 65 87 24 19 72 22 14 95 16 74 33 21 88 18 63 39 54 30 15 48 16 96 0 69 54 92 43 0 26 96 91 24 90 77 30 20 46 64 51
72 31 57 15 33 52 84 12 94 32 48 85 62 84 69 30 72 24 33 32 61 32 81 71 28 66 1 11 23 36 89 80 20 47 60 51 100 88 43 32 81 8 37 29 22 54 78 90 59 96 86 32 21 65 26 32 20 42 15 3 51 94 4 14 32 100000 25 68 39 45 26 56 65 51 51 95 36 83 88 46 97 2 94 2 38 21 57 50 45 54 45 30 87 53 34 75 32 88 31 77 78 37 100 4 42 85 33 20 49 73 24 69 0 43 80 86 56 33 12 100 71 98 76 1 57 21 10 23
63 66 11 60 77 7 97 88 100000 82 63 90 89 88 20 78 71 95 30 99 70 95 94 70 32 5 73 75 50 31 95 35 8 79 58 73 19 59 14 31 39 63 18 27 78 0 30 7 25 66 47 10 99 50 98 78 55 42 62 52 74 84 71 26 99 33 65 89 72 9 97 45 39 18 23 40 2 74 39 81 69 45 30 76 30 59 31 15 36 100 77 1 42 16 95 54 46 27 66 94 53 49 51 29 71 51 55 6 6 78 23 54 43 0 47 47 15 72 88 87 95 43 52 33 67 83 6 1
12 93 12 22 17 8 99 74 12 98 17 46 25 51 92 55 46 45 25 86 37 30 72 6 35 42 34 10 90 39 29 4 97 93 43 43 89 11 52 5 52 83 63 47 84 65 46 43 87 24 49 87 81 61 48 100000 26 19 36 3 49 20 53 35 42 85 32 100000 98 80 80 89 14 10 24 55 21 99 50 18 100000 100 72 85 33 12 2 20 25 7 4 86 53 27 10 54 39 88 67 100000 96 67 60 38 100000 92 27 21 53 84 66 92 80 47 0 37 56 64 4 54 95 10 42 7 70 67 87 9
32 54 7 45 92 80 85 100000 49 92 68 5 7 99 72 9 97 5 82 32 10 9 55 50 0 55 34 86 96 32 67 79 28 57 9 18 37 97 8 95 38 56 83 14 40 86 76 85 50 25 44 34 33 60 6 15 95 87 21 12 72 53 85 60 24 81 98 5 75 50 97 92 93 77 12 64 16 81 4 47 30 2 49 73 51 65 9 41 13 71 4 72 62 20 78 88 75 69 27 32 3 32 74 18 87 64 94 38 59 44 11 43 86 47 37 0 71 25 75 21 5 79 70 31 51 96 1 47
72 24 42 37 19 88 14 66 40 96 3 20 19 66 28 19 64 89 27 68 61 60 21 57 59 12 43 100000 78 12 11 77 54 68 75 42 41 45 81 19 12 31 20 64 41 17 95 82 41 30 36 53 39 41 34 100000 16 1 36 89 49 11 4 70 74 20 8 67 97 87 53 64 18 76 37 70 72 73 7 45 91 87 60 21 84 77 60 57 51 68 48 19 88 100000 100000 46 84 1 12 29 95 86 88 31 0 35 3 37 96 62 15 0 56 15 56 71 0 25 48 14 76 31 96 17 57 19 74 93
14 74 78 49 69 79 94 70 34 0 96 7 11 97 76 0 72 20 97 74 49 16 24 46 91 31 43 29 13 19 55 23 30 69 79 14 21 40 16 69 44 77 66 30 95 86 70 95 94 60 26 39 60 78 67 33 65 44 68 64 48 11 60 51 9 23 85 61 72 10 32 94 28 28 61 28 84 22 34 88 84 28 41 40 99 22 33 5 50 30 84 20 75 1 15 45 2 16 30 15 85 36 49 57 95 4 68 76 80 98 53 26 33 72 64 25 25 0 84 25 56 84 90 26 4 33 38 29
87 34 89 5 7 16 54 46 99 92 15 45 89 63 71 4 66 99 10 79 40 41 93 45 80 100000 9 23 59 76 84 71 2 88 18 59 48 66 7 20 56 18 71 45 34 38 55 76 46 20 31 71 20 9 70 59 79 50 62 59 100000 73 43 61 95 40 40 35 62 38 95 4 57 33 39 85 73 23 60 59 73 8 53 55 3 39 28 46 74 68 17 41 64 51 12 54 96 56 65 75 100 43 62 12 83 81 30 48 79 46 100000 96 12 88 4 75 48 84 0 12 100000 81 55 2 59 68 27 6
15 87 18 42 14 30 94 22 46 40 15 49 91 50 70 64 13 86 6 38 9 34 74 79 66 23 45 75 45 97 44 42 89 79 24 2 42 34 93 98 38 14 43 66 40 31 30 32 54 17 13 44 58 48 62 88 74 14 18 38 63 23 52 9 24 90 42 76 94 21 7 39 41 16 3 26 75 10 59 46 31 60 96 70 55 27 56 76 7 59 64 90 22 98 13 17 9 84 14 61 41 80 37 22 66 63 65 15 73 30 56 91 100 87 54 21 14 25 12 0 76 28 48 91 38 47 76 22
85 51 96 10 17 68 85 70 84 79 29 53 50 60 83 3 58 14 35 27 8 81 4 9 82 12 68 56 92 28 95 11 30 73 89 45 16 30 21 90 35 53 86 85 73 97 6 99 61 8 74 17 85 81 36 47 27 84 93 11 5 17 9 92 22 10 32 71 63 46 2 17 71 1 17 13 23 13 25 16 86 25 12 51 41 14 23 27 47 62 72 90 93 71 44 42 88 52 87 3 90 11 41 35 53 65 43 24 60 92 25 24 71 95 95 5 76 56 100000 76 0 66 64 5 91 2 24 96
86 16 48 61 74 13 89 63 26 48 53 1 11 39 11 45 0 79 17 7 45 39 97 42 94 57 48 41 52 28 55 52 64 76 41 53 53 98 11 14 4 81 90 79 7 84 88 95 17 34 5 88 15 83 58 28 40 98 99 78 33 1 80 95 26 94 72 65 10 30 20 34 37 60 55 36 59 20 69 29 55 91 22 70 37 2 26 79 72 98 27 10 51 65 1 5 92 67 22 81 77 76 95 74 77 26 94 49 4 11 48 90 98 43 10 79 31 84 81 28 66 0 86 2 63 15 43 100
71 28 72 26 9 77 77 38 97 90 34 11 51 7 55 62 59 21 65 5 69 23 46 19 51 30 57 10 83 85 84 17 10 75 70 73 24 63 18 63 72 63 76 80 13 15 96 54 83 48 55 54 3 100000 10 77 47 34 78 1 29 59 81 10 5 4 51 55 57 21 70 67 0 61 100 82 59 30 38 78 65 91 68 53 61 86 97 53 34 96 9 46 35 63 99 79 28 94 13 4 73 66 27 16 19 75 37 62 69 5 0 77 76 52 42 70 96 90 55 48 64 86 0 57 83 2 72 16
11 100 62 93 8 47 59 79 7 1 90 19 69 59 53 97 100 100000 4 77 31 41 97 32 50 64 8 74 86 8 65 14 22 83 9 76 70 49 50 80 62 21 45 51 51 11 80 7 46 22 22 14 100 66 51 26 93 54 4 44 93 35 99 50 4 5 35 13 56 51 58 71 81 99 58 90 46 58 81 80 45 84 100 13 30 52 94 50 1 88 31 91 80 27 73 12 75 85 3 43 32 33 96 68 29 56 48 77 2 54 57 30 1 33 7 31 17 26 2 91 5 2 57 0 85 25 66 98
45 95 21 58 91 22 37 78 6 10 18 98 18 60 79 23 85 93 22 92 2 40 6 12 22 3 12 52 11 47 82 23 55 1 15 87 21 53 81 24 99 91 47 40 12 76 93 59 20 41 73 25 71 23 27 94 15 38 100 33 16 20 42 54 65 7 54 83 45 56 70 50 64 98 65 56 27 3 91 57 24 75 79 51 58 69 35 71 73 65 81 77 23 42 95 38 30 6 84 1 69 63 6 7 45 39 59 48 42 89 22 20 57 67 70 51 57 4 59 38 91 63 83 85 0 91 75 85
4 30 36 41 76 57 32 97 40 53 92 87 80 29 13 81 33 43 54 89 57 82 95 26 74 44 11 32 72 76 11 21 54 76 95 86 75 84 59 41 78 72 62 39 63 90 50 63 75 75 48 46 35 36 51 52 43 64 72 44 84 29 71 13 74 41 47 44 28 33 62 20 85 70 98 88 15 69 46 80 7 2 44 38 66 64 48 97 67 100000 55 24 80 100000 11 39 50 58 16 100000 82 81 39 55 58 25 60 69 40 3 15 46 21 83 67 96 19 33 68 47 2 15 2 25 91 0 72 23
9 66 80 15 25 96 4 20 55 97 21 24 39 34 48 53 62 77 98 15 72 57 62 71 4 52 31 72 70 18 87 58 27 74 26 37 16 27 9 65 65 76 39 93 89 86 40 11 21 46 38 72 54 82 6 90 72 95 44 59 73 24 44 100000 84 48 4 28 86 43 76 34 37 62 55 34 7 34 83 54 67 24 28 43 63 45 28 79 76 84 39 81 93 89 47 57 64 47 16 100000 45 11 59 26 78 35 87 33 67 20 100 64 10 6 87 1 74 38 27 76 24 43 72 66 75 72 0 90
44 75 19 76 100000 13 89 13 0 100 78 50 47 59 10 85 10 86 84 95 3 14 73 18 75 2 77 55 20 21 42 53 50 93 35 71 35 59 36 31 7 97 79 100 0 89 51 15 79 21 64 54 6 37 88 22 61 5 35 13 21 33 8 32 50 75 0 8 69 98 71 91 99 44 86 42 92 19 51 80 8 54 27 23 49 86 87 0 62 7 62 60 52 10 0 75 38 92 25 55 97 0 55 19 47 31 80 65 23 0 25 51 23 1 9 47 93 29 6 22 96 100 16 98 85 23 90 0
