64
0 50 100000 67 76 100000 23 19 67 2 76 100000 70 90 83 83 78 3 48 20 44 57 99 88 62 87 43 95 32 100000 27 12 52 27 1 63 47 21 34 100 87 69 13 34 71 75 88 93 45 98 84 64 60 0 5 74 60 82 7 83 44 54 77 32
50 0 70 57 100 82 20 38 76 77 29 39 39 97 87 67 37 21 16 88 30 55 4 31 78 32 48 71 75 70 20 49 40 69 84 37 66 77 68 12 80 9 4 46 18 22 100 47 91 25 28 53 66 19 77 18 13 86 83 92 55 14 12 69
100000 70 0 40 66 35 86 97 30 31 92 78 31 74 10 28 6 11 57 88 43 43 100000 62 76 25 70 47 59 44 0 79 56 37 40 53 91 23 37 2 10 54 9 36 20 13 46 84 86 76 37 88 76 31 39 25 3 97 97 69 48 71 92 56
67 57 40 0 79 5 65 4 93 26 61 72 57 33 83 76 59 45 19 54 11 9 20 95 18 72 4 77 56 63 24 16 1 48 90 65 21 4 66 53 28 95 50 81 51 2 61 94 45 17 43 39 43 32 54 45 20 46 97 1 62 10 89 42
76 100 66 79 0 42 77 38 25 33 54 90 25 75 14 34 71 4 26 41 94 85 87 65 26 1 90 72 8 89 73 30 76 16 24 58 49 47 89 3 7 10 57 85 27 74 61 31 93 31 98 40 53 74 70 59 81 88 32 29 10 56 58 68
100000 82 35 5 42 0 53 49 7 90 23 49 77 18 3 13 87 100 21 81 16 38 70 49 90 6 17 28 54 93 4 4 19 60 57 56 22 35 13 99 85 57 0 48 14 37 19 2 92 35 37 23 91 93 89 47 61 69 16 9 50 8 14 95
23 20 86 65 77 53 0 30 9 83 87 63 37 66 63 62 76 9 23 51 30 30 57 58 40 9 87 64 16 69 12 59 95 64 21 15 8 67 12 37 25 16 76 51 30 58 57 93 72 30 91 31 25 15 35 20 1 9 42 47 40 36 1 50
19 38 97 4 38 49 30 0 9 35 57 37 59 86 48 14 11 57 81 97 30 45 61 14 33 43 24 77 35 38 34 36 12 79 33 74 95 72 6 51 94 62 44 55 11 99 90 54 28 62 26 77 46 32 80 76 53 100000 19 99 19 13 22 95
67 76 30 93 25 7 9 9 0 98 77 31 7 92 76 83 54 89 48 8 7 95 54 75 37 100000 36 42 88 12 94 15 75 74 94 48 90 20 15 43 18 54 68 19 48 87 15 15 63 7 10 28 57 24 70 45 55 15 6 18 100000 65 92 7
2 77 31 26 33 90 83 35 98 0 80 69 82 83 9 5 45 35 66 38 47 27 100 53 55 97 35 36 17 91 88 1 63 4 61 47 38 89 70 63 60 74 99 13 38 77 71 0 1 95 22 85 39 53 44 94 20 42 28 3 33 75 2 7
76 29 92 61 54 23 87 57 77 80 0 33 32 88 27 23 13 55 12 99 13 22 25 55 44 59 26 93 74 63 54 32 56 9 3 33 46 80 61 12 94 9 62 76 4 85 47 39 97 19 79 7 81 23 94 100000 25 97 45 90 62 100000 71 54
100000 39 78 72 90 49 63 37 31 69 33 0 86 38 56 63 11 40 11 72 34 66 45 26 8 2 0 6 25 34 14 70 47 64 7 60 81 63 57 50 95 48 77 34 96 99 48 84 19 1 57 27 23 91 42 94 82 87 49 72 20 87 45 66
70 39 31 57 25 77 37 59 7 82 32 86 0 22 18 34 68 50 62 36 92 73 10 98 81 49 26 17 70 52 61 50 87 79 60 52 0 83 14 93 54 72 91 51 49 48 96 98 76 98 36 50 28 91 92 29 11 25 47 17 98 98 35 18
90 97 74 33 75 18 66 86 92 83 88 38 22 0 21 71 3 32 45 2 63 40 23 77 29 92 27 27 1 56 30 98 80 60 33 67 19 42 54 100000 23 65 75 42 71 35 0 91 21 49 50 65 65 77 52 0 14 99 50 12 95 75 53 93
83 87 10 83 14 3 63 48 76 9 27 56 18 21 0 46 40 38 6 10 58 69 29 95 42 59 75 95 74 18 69 50 84 92 91 32 17 94 50 81 81 9 7 51 85 31 41 98 60 60 76 39 47 67 78 13 1 75 46 33 95 5 19 90
83 67 28 76 34 13 62 14 83 5 23 63 34 71 46 0 69 81 59 73 78 49 22 18 60 35 80 72 46 6 39 35 22 17 24 18 0 49 76 40 77 48 86 0 53 38 1 43 82 88 56 67 50 18 100000 17 74 21 59 56 96 47 54 35
78 37 6 59 71 87 76 11 54 45 13 11 68 3 40 69 0 29 80 54 15 45 61 55 74 60 62 26 88 52 4 91 94 30 66 38 47 58 94 68 33 82 68 35 47 77 11 19 19 51 71 36 17 34 28 17 87 23 91 44 89 47 17 67
3 21 11 45 4 100 9 57 89 35 55 40 50 32 38 81 29 0 37 53 84 11 89 39 14 77 95 13 93 8 76 35 10 46 71 92 52 47 87 49 25 23 98 56 86 70 75 46 25 63 56 21 9 20 99 52 66 66 14 53 48 89 20 76
48 16 57 19 26 21 23 81 48 66 12 11 62 45 6 59 80 37 0 87 30 59 27 9 91 87 97 35 85 79 75 54 80 98 50 79 10 93 38 75 92 42 0 84 60 12 72 21 64 15 69 42 56 50 94 26 7 12 61 62 89 100 76 82
20 88 88 54 41 81 51 97 8 38 99 72 36 2 10 73 54 53 87 0 82 14 11 94 32 1 44 19 54 74 24 85 53 3 29 57 6 47 80 99 6 61 34 38 97 72 50 98 0 86 67 0 21 56 0 26 38 65 59 35 61 55 59 33
44 30 43 11 94 16 30 30 7 47 13 34 92 63 58 78 15 84 30 82 0 58 42 72 48 19 92 86 23 62 8 53 90 77 29 29 95 90 36 86 63 8 89 52 32 88 16 56 18 11 92 92 80 83 4 86 67 44 64 56 47 94 80 0
57 55 43 9 85 38 30 45 95 27 22 66 73 40 69 49 45 11 59 14 58 0 1 4 7 99 79 54 73 46 16 15 14 81 44 37 77 10 43 2 99 12 51 90 83 32 60 74 81 96 81 23 35 53 8 95 27 74 61 63 1 58 98 15
99 4 100000 20 87 70 57 61 54 100 25 45 10 23 29 22 61 89 27 11 42 1 0 7 50 94 42 40 15 96 79 71 72 46 12 43 47 35 26 96 22 53 8 93 99 16 90 14 49 80 27 13 19 2 88 89 36 23 70 92 4 13 20 19
88 31 62 95 65 49 58 14 75 53 55 26 98 77 95 18 55 39 9 94 72 4 7 0 7 51 44 97 49 16 36 58 100 51 12 4 58 6 55 55 41 97 25 38 1 54 76 27 79 2 42 54 0 99 89 14 45 77 88 28 63 14 46 6
62 78 76 18 26 90 40 33 37 55 44 8 81 29 42 60 74 14 91 32 48 7 50 7 0 18 20 92 50 52 15 13 100000 58 86 9 32 15 9 99 97 7 14 17 10 70 29 77 97 48 100000 97 100 42 11 42 12 31 31 74 16 86 6 46
87 32 25 72 1 6 9 43 100000 97 59 2 49 92 59 35 60 77 87 1 19 99 94 51 18 0 93 74 90 61 92 76 2 17 23 61 84 22 33 29 38 14 56 45 90 10 0 76 0 7 21 49 39 100000 8 9 85 66 46 61 59 5 29 8
43 48 70 4 90 17 87 24 36 35 26 0 26 27 75 80 62 95 97 44 92 79 42 44 20 93 0 45 70 34 4 21 57 4 24 100 62 58 28 28 11 54 72 79 54 56 70 8 35 15 27 35 55 30 63 8 6 37 36 2 31 9 78 37
95 71 47 77 72 28 64 77 42 36 93 6 17 27 95 72 26 13 35 19 86 54 40 97 92 74 45 0 67 2 29 73 43 30 32 47 87 57 5 85 53 22 2 69 49 48 73 99 38 48 33 96 35 47 36 64 52 7 45 29 3 41 32 21
32 75 59 56 8 54 16 35 88 17 74 25 70 1 74 46 88 93 85 54 23 73 15 49 50 90 70 67 0 57 14 30 50 100000 51 34 94 95 56 13 30 21 62 50 55 62 59 75 51 43 79 0 77 26 15 27 18 36 24 32 39 88 20 51
100000 70 44 63 89 93 69 38 12 91 63 34 52 56 18 6 52 8 79 74 62 46 96 16 52 61 34 2 57 0 8 68 6 16 100 100000 9 94 45 46 10 10 84 45 98 51 37 89 39 9 45 3 91 29 26 94 41 86 76 76 53 37 89 11
27 20 0 24 73 4 12 34 94 88 54 14 61 30 69 39 4 76 75 24 8 16 79 36 15 92 4 29 14 8 0 66 95 24 63 97 77 8 66 90 41 30 37 83 38 7 99 61 34 100000 44 80 87 94 89 79 16 53 44 86 20 84 40 35
12 49 79 16 30 4 59 36 15 1 32 70 50 98 50 35 91 35 54 85 53 15 71 58 13 76 21 73 30 68 66 0 0 98 54 64 66 83 15 38 88 87 82 89 63 50 78 67 8 72 41 89 27 100000 48 68 19 3 75 26 24 100 63 2
52 40 56 1 76 19 95 12 75 63 56 47 87 80 84 22 94 10 80 53 90 14 72 100 100000 2 57 43 50 6 95 0 0 99 95 68 81 31 89 2 32 42 4 60 90 25 49 36 38 94 34 39 27 9 30 51 41 81 22 13 31 94 97 70
27 69 37 48 16 60 64 79 74 4 9 64 79 60 92 17 30 46 98 3 77 81 46 51 58 17 4 30 100000 16 24 98 99 0 19 39 47 11 11 13 19 63 77 78 68 15 94 53 78 53 99 79 60 1 60 52 40 16 38 7 88 29 13 95
1 84 40 90 24 57 21 33 94 61 3 7 60 33 91 24 66 71 50 29 29 44 12 12 86 23 24 32 51 100 63 54 95 19 0 47 30 14 55 34 97 20 66 65 19 37 26 48 54 72 71 5 37 8 3 63 92 40 52 95 52 18 51 37
63 37 53 65 58 56 15 74 48 47 33 60 52 67 32 18 38 92 79 57 29 37 43 4 9 61 100 47 34 100000 97 64 68 39 47 0 15 66 62 14 34 69 17 77 95 14 63 56 44 60 76 52 25 35 14 33 38 74 14 65 66 71 36 32
47 66 91 21 49 22 8 95 90 38 46 81 0 19 17 0 47 52 10 6 95 77 47 58 32 84 62 87 94 9 77 66 81 47 30 15 0 77 93 82 62 79 75 8 5 26 39 36 80 71 70 81 78 11 94 13 61 14 78 71 74 58 56 97
21 77 23 4 47 35 67 72 20 89 80 63 83 42 94 49 58 47 93 47 90 10 35 6 15 22 58 57 95 94 8 83 31 11 14 66 77 0 15 62 25 7 80 53 11 69 31 12 87 90 39 71 80 59 97 89 40 48 62 50 23 62 52 13
34 68 37 66 89 13 12 6 15 70 61 57 14 54 50 76 94 87 38 80 36 43 26 55 9 33 28 5 56 45 66 15 89 11 55 62 93 15 0 38 81 62 67 34 82 32 57 58 64 15 11 25 4 74 23 79 62 52 76 68 37 68 44 71
100 12 2 53 3 99 37 51 43 63 12 50 93 100000 81 40 68 49 75 99 86 2 96 55 99 29 28 85 13 46 90 38 2 13 34 14 82 62 38 0 28 19 41 77 23 12 10 71 27 21 60 22 37 64 2 30 72 91 67 41 69 7 97 41
87 80 10 28 7 85 25 94 18 60 94 95 54 23 81 77 33 25 92 6 63 99 22 41 97 38 11 53 30 10 41 88 32 19 97 34 62 25 81 28 0 45 42 77 21 92 67 6 56 62 42 2 54 16 71 46 64 87 82 34 51 65 97 56
69 9 54 95 10 57 16 62 54 74 9 48 72 65 9 48 82 23 42 61 8 12 53 97 7 14 54 22 21 10 30 87 42 63 20 69 79 7 62 19 45 0 47 66 62 42 74 53 40 100000 94 17 12 27 12 49 82 59 84 53 54 79 81 66
13 4 9 50 57 0 76 44 68 99 62 77 91 75 7 86 68 98 0 34 89 51 8 25 14 56 72 2 62 84 37 82 4 77 66 17 75 80 67 41 42 47 0 3 32 64 30 50 51 78 50 7 0 79 93 29 23 7 98 12 45 100 41 24
34 46 36 81 85 48 51 55 19 13 76 34 51 42 51 0 35 56 84 38 52 90 93 38 17 45 79 69 50 45 83 89 60 78 65 77 8 53 34 77 77 66 3 0 71 76 39 44 100 46 58 5 47 99 38 21 3 2 35 59 85 69 43 28
71 18 20 51 27 14 30 11 48 38 4 96 49 71 85 53 47 86 60 97 32 83 99 1 10 90 54 49 55 98 38 63 90 68 19 95 5 11 82 23 21 62 32 71 0 91 36 8 35 71 97 12 81 65 63 94 63 37 84 85 98 62 98 58
75 22 13 2 74 37 58 99 87 77 85 99 48 35 31 38 77 70 12 72 88 32 16 54 70 10 56 48 62 51 7 50 25 15 37 14 26 69 32 12 92 42 64 76 91 0 98 80 76 68 59 40 97 96 10 35 97 13 77 37 75 99 12 52
88 100 46 61 61 19 57 90 15 71 47 48 96 0 41 1 11 75 72 50 16 60 90 76 29 0 70 73 59 37 99 78 49 94 26 63 39 31 57 10 67 74 30 39 36 98 0 28 82 50 44 48 12 86 63 57 77 54 73 66 100000 58 22 6
93 47 84 94 31 2 93 54 15 0 39 84 98 91 98 43 19 46 21 98 56 74 14 27 77 76 8 99 75 89 61 67 36 53 48 56 36 12 58 71 6 53 50 44 8 80 28 0 14 69 29 22 19 7 38 19 1 62 44 85 45 21 71 54
45 91 86 45 93 92 72 28 63 1 97 19 76 21 60 82 19 25 64 0 18 81 49 79 97 0 35 38 51 39 34 8 38 78 54 44 80 87 64 27 56 40 51 100 35 76 82 14 0 11 57 61 61 3 0 45 63 29 91 24 71 65 35 7
98 25 76 17 31 35 30 62 7 95 19 1 98 49 60 88 51 63 15 86 11 96 80 2 48 7 15 48 43 9 100000 72 94 53 72 60 71 90 15 21 62 100000 78 46 71 68 50 69 11 0 83 93 5 87 100 7 24 3 42 44 33 30 16 3
84 28 37 43 98 37 91 26 10 22 79 57 36 50 76 56 71 56 69 67 92 81 27 42 100000 21 27 33 79 45 44 41 34 99 71 76 70 39 11 60 42 94 50 58 97 59 44 29 57 83 0 26 28 90 76 40 55 46 95 44 88 58 61 65
64 53 88 39 40 23 31 77 28 85 7 27 50 65 39 67 36 21 42 0 92 23 13 54 97 49 35 96 0 3 80 89 39 79 5 52 81 71 25 22 2 17 7 5 12 40 48 22 61 93 26 0 65 24 12 30 19 95 24 46 100000 57 7 23
60 66 76 43 53 91 25 46 57 39 81 23 28 65 47 50 17 9 56 21 80 35 19 0 100 39 55 35 77 91 87 27 27 60 37 25 78 80 4 37 54 12 0 47 81 97 12 19 61 5 28 65 0 59 83 63 17 77 76 27 7 5 19 67
0 19 31 32 74 93 15 32 24 53 23 91 91 77 67 18 34 20 50 56 83 53 2 99 42 100000 30 47 26 29 94 100000 9 1 8 35 11 59 74 64 16 27 79 99 65 96 86 7 3 87 90 24 59 0 86 19 85 61 6 86 34 46 90 37
5 77 39 54 70 89 35 80 70 44 94 42 92 52 78 100000 28 99 94 0 4 8 88 89 11 8 63 36 15 26 89 48 30 60 3 14 94 97 23 2 71 12 93 38 63 10 63 38 0 100 76 12 83 86 0 24 78 5 69 97 79 63 65 65
74 18 25 45 59 47 20 76 45 94 100000 94 29 0 13 17 17 52 26 26 86 95 89 14 42 9 8 64 27 94 79 68 51 52 63 33 13 89 79 30 46 49 29 21 94 35 57 19 45 7 40 30 63 19 24 0 56 28 39 51 66 39 77 53
60 13 3 20 81 61 1 53 55 20 25 82 11 14 1 74 87 66 7 38 67 27 36 45 12 85 6 52 18 41 16 19 41 40 92 38 61 40 62 72 64 82 23 3 63 97 77 1 63 24 55 19 17 85 78 56 0 22 100 57 86 4 61 98
82 86 97 46 88 69 9 100000 15 42 97 87 25 99 75 21 23 66 12 65 44 74 23 77 31 66 37 7 36 86 53 3 81 16 40 74 14 48 52 91 87 59 7 2 37 13 54 62 29 3 46 95 77 61 5 28 22 0 30 21 46 8 61 84
7 83 97 97 32 16 42 19 6 28 45 49 47 50 46 59 91 14 61 59 64 61 70 88 31 46 36 45 24 76 44 75 22 38 52 14 78 62 76 67 82 84 98 35 84 77 73 44 91 42 95 24 76 6 69 39 100 30 0 89 46 12 4 52
83 92 69 1 29 9 47 99 18 3 90 72 17 12 33 56 44 53 62 35 56 63 92 28 74 61 2 29 32 76 86 26 13 7 95 65 71 50 68 41 34 53 12 59 85 37 66 85 24 44 44 46 27 86 97 51 57 21 89 0 98 53 97 79
44 55 48 62 10 50 40 19 100000 33 62 20 98 95 95 96 89 48 89 61 47 1 4 63 16 59 31 3 39 53 20 24 31 88 52 66 74 23 37 69 51 54 45 85 98 75 100000 45 71 33 88 100000 7 34 79 66 86 46 46 98 0 20 44 48
54 14 71 10 56 8 36 13 65 75 100000 87 98 75 5 47 47 89 100 55 94 58 13 14 86 5 9 41 88 37 84 100 94 29 18 71 58 62 68 7 65 79 100 69 62 99 58 21 65 30 58 57 5 46 63 39 4 8 12 53 20 0 47 70
77 12 92 89 58 14 1 22 92 2 71 45 35 53 19 54 17 20 76 59 80 98 20 46 6 29 78 32 20 89 40 63 97 13 51 36 56 52 44 97 97 81 41 43 98 12 22 71 35 16 61 7 19 90 65 77 61 61 4 97 44 47 0 79
32 69 56 42 68 95 50 95 7 7 54 66 18 93 90 35 67 76 82 33 0 15 19 6 46 8 37 21 51 11 35 2 70 95 37 32 97 13 71 41 56 66 24 28 58 52 6 54 7 3 65 23 67 37 65 53 98 84 52 79 48 70 79 0
