64
0 91 21 16 91 88 49 95 9 93 37 13 40 19 94 1 48 15 80 12 23 1 41 21 3 16 44 51 20 5 71 27 63 5 84 91 84 47 83 91 62 16 58 97 53 79 78 68 62 40 64 33 85 39 12 59 56 94 45 53 17 93 1 57
91 0 54 29 46 90 15 98 82 57 89 45 14 98 51 87 4 41 91 94 94 43 91 64 38 80 5 93 88 31 32 82 14 42 1 41 39 53 94 56 29 18 94 63 13 43 88 59 16 42 6 88 18 65 47 92 74 13 21 23 63 75 56 96
21 54 0 75 78 86 41 41 1 7 44 33 80 77 41 14 43 44 31 58 79 94 1 46 98 36 42 40 7 41 21 39 88 37 55 58 25 16 68 25 14 45 4 44 77 47 64 75 32 11 69 34 49 0 32 21 18 77 33 92 97 49 35 18
16 29 75 0 91 83 68 36 100 6 47 27 46 70 44 1 68 32 70 11 55 4 91 32 70 8 48 42 90 29 87 7 60 100000 26 72 26 86 79 70 39 5 50 32 27 46 40 99 69 32 56 67 10 18 30 91 30 10 94 4 12 83 21 7
91 46 78 91 0 95 70 89 9 60 61 37 11 63 23 79 98 9 50 2 15 59 100 57 53 75 88 95 100 50 52 21 4 9 49 54 9 29 24 79 38 30 3 41 0 77 52 35 13 60 42 48 8 39 100000 87 41 23 50 59 43 55 92 96
88 90 86 83 95 0 35 19 45 28 41 1 18 18 14 71 0 80 0 58 76 44 96 91 96 7 80 7 35 53 74 19 30 76 94 50 63 100 82 7 90 61 55 32 29 64 90 96 59 3 76 86 40 69 71 28 46 26 99 17 76 29 21 53
49 15 41 68 70 35 0 66 35 86 45 86 97 20 100000 54 80 36 7 51 93 82 62 97 36 60 4 24 73 34 7 90 82 32 89 32 9 56 38 30 33 35 46 91 80 55 88 92 65 56 48 37 83 30 32 58 49 29 52 0 58 24 88 20
95 98 41 36 89 19 66 0 96 49 90 83 84 29 96 44 43 93 78 99 96 78 10 70 27 61 48 40 62 44 71 65 2 1 30 9 42 48 4 67 75 83 94 83 96 13 20 74 49 87 27 5 46 0 2 14 20 2 24 91 44 74 64 57
9 82 1 100 9 45 35 96 0 40 4 9 77 64 100000 66 30 9 65 23 50 15 21 57 96 37 57 72 52 52 6 41 95 91 45 95 18 73 26 82 35 39 38 92 55 87 98 26 2 85 96 39 85 57 55 57 70 39 69 94 100000 61 97 17
93 57 7 6 60 28 86 49 40 0 59 38 25 37 91 51 6 46 39 14 58 82 54 8 77 51 92 72 66 26 94 65 74 40 23 79 9 55 21 18 45 78 95 14 30 56 28 5 24 30 0 48 74 35 81 32 50 86 29 56 45 22 87 19
37 89 44 47 61 41 45 90 4 59 0 10 41 75 0 21 19 19 73 66 99 69 5 35 48 43 12 11 0 92 95 40 95 55 87 76 80 19 28 94 6 72 82 50 46 17 90 31 48 85 20 62 34 99 10 34 55 29 67 30 77 15 76 13
13 45 33 27 37 1 86 83 9 38 10 0 3 99 70 97 99 58 28 77 33 22 100 100000 39 16 16 62 89 55 44 92 32 0 81 19 97 17 76 89 95 40 56 3 86 93 43 76 34 96 46 49 54 83 4 80 75 77 1 67 33 0 21 92
40 14 80 46 11 18 97 84 77 25 41 3 0 55 97 4 98 70 73 11 10 90 50 29 76 1 78 66 8 60 91 20 62 24 28 77 43 30 80 13 90 20 92 48 28 58 28 33 13 53 24 80 26 53 7 45 10 2 78 84 63 96 4 34
19 98 77 70 63 18 20 29 64 37 75 99 55 0 100000 58 50 37 6 0 59 98 65 46 55 54 8 37 91 41 100000 89 69 89 45 38 27 8 51 11 63 33 17 24 80 79 7 47 48 44 60 96 97 71 37 5 28 78 42 32 42 70 17 7
94 51 41 44 23 14 100000 96 100000 91 0 70 97 100000 0 16 49 78 68 89 66 87 49 79 41 86 72 60 21 27 52 19 14 12 0 15 36 76 34 86 80 22 97 57 26 87 76 21 77 57 78 79 17 50 42 91 3 48 6 12 37 42 0 44
1 87 14 1 79 71 54 44 66 51 21 97 4 58 16 0 44 21 15 68 92 92 68 5 67 75 80 26 54 56 93 4 58 84 88 98 18 76 50 76 80 32 11 99 18 83 88 77 13 4 96 84 4 56 92 37 34 74 41 31 76 59 36 5
48 4 43 68 98 0 80 43 30 6 19 99 98 50 49 44 0 30 62 14 52 36 77 71 85 100 61 47 8 53 17 36 28 86 2 61 45 36 99 68 76 16 56 99 24 14 24 13 30 69 76 33 29 4 20 100000 46 2 26 33 71 20 82 62
15 41 44 32 9 80 36 93 9 46 19 58 70 37 78 21 30 0 12 33 33 17 98 89 33 59 9 24 36 3 79 11 34 73 43 30 55 96 97 26 59 43 64 60 26 27 31 64 9 79 22 87 74 53 93 27 53 15 23 91 37 4 70 77
80 91 31 70 50 0 7 78 65 39 73 28 73 6 68 15 62 12 0 70 22 64 43 82 55 41 76 50 14 7 92 7 63 84 2 66 70 11 5 73 92 48 42 99 13 0 95 21 7 75 3 24 5 65 2 53 59 37 23 6 72 85 97 53
12 94 58 11 2 58 51 99 23 14 66 77 11 0 89 68 14 33 70 0 70 65 69 60 1 26 52 56 41 39 65 17 67 37 84 95 24 70 53 75 35 2 42 69 67 77 16 81 73 26 19 88 85 93 91 0 60 34 93 1 40 20 89 59
23 94 79 55 15 76 93 96 50 58 99 33 10 59 66 92 52 33 22 70 0 85 45 44 5 88 99 72 0 1 13 52 28 73 55 98 6 36 25 82 57 67 56 51 63 71 44 8 70 71 30 78 78 79 86 31 57 12 46 15 48 6 17 62
1 43 94 4 59 44 82 78 15 82 69 22 90 98 87 92 36 17 64 65 85 0 53 69 30 47 10 62 52 23 32 9 32 3 61 21 47 4 23 71 42 100 98 62 20 81 15 19 96 78 28 94 14 55 5 82 46 55 40 87 81 25 58 12
41 91 1 91 100 96 62 10 21 54 5 100 50 65 49 68 77 98 43 69 45 53 0 81 86 85 96 10 8 36 8 41 28 81 22 62 29 18 29 20 56 15 69 63 54 75 65 54 28 13 46 3 89 31 83 85 68 92 46 91 84 9 70 41
21 64 46 32 57 91 97 70 57 8 35 100000 29 46 79 5 71 89 82 60 44 69 81 0 83 66 50 18 38 47 8 0 37 35 72 73 32 14 36 79 57 35 4 17 18 82 79 18 88 7 35 91 70 60 62 60 78 25 72 82 7 1 7 20
3 38 98 70 53 96 36 27 96 77 48 39 76 55 41 67 85 33 55 1 5 30 86 83 0 95 27 100 46 47 29 87 53 12 74 54 64 60 46 37 43 3 40 84 89 38 74 48 67 58 23 90 94 14 44 36 76 6 22 72 47 64 30 97
16 80 36 8 75 7 60 61 37 51 43 16 1 54 86 75 100 59 41 26 88 47 85 66 95 0 55 93 78 38 80 57 83 66 85 72 94 75 95 82 15 55 16 80 29 55 79 68 15 79 75 83 71 32 18 98 45 81 93 42 93 100000 58 66
44 5 42 48 88 80 4 48 57 92 12 16 78 8 72 80 61 9 76 52 99 10 96 50 27 55 0 33 14 49 23 80 65 84 23 92 32 1 59 57 19 15 66 32 21 13 22 3 31 22 66 69 6 11 92 54 89 12 0 89 15 44 70 25
51 93 40 42 95 7 24 40 72 72 11 62 66 37 60 26 47 24 50 56 72 62 10 18 100 93 33 0 33 97 70 72 23 61 93 76 51 19 40 55 78 74 47 58 19 61 35 86 31 54 32 4 91 4 63 62 91 25 25 89 83 23 81 17
20 88 7 90 100 35 73 62 52 66 0 89 8 91 21 54 8 36 14 41 0 52 8 38 46 78 14 33 0 99 70 8 84 71 39 100 70 19 13 77 57 40 4 52 98 26 66 64 37 19 94 37 68 31 19 65 59 98 47 60 87 23 54 93
5 31 41 29 50 53 34 44 52 26 92 55 60 41 27 56 53 3 7 39 1 23 36 47 47 38 49 97 99 0 12 53 82 79 85 100000 71 25 56 86 81 85 74 94 97 71 40 97 77 21 48 94 86 11 2 53 92 44 91 43 87 30 62 52
71 32 21 87 52 74 7 71 6 94 95 44 91 100000 52 93 17 79 92 65 13 32 8 8 29 80 23 70 70 12 0 24 62 20 64 8 82 26 37 3 50 93 65 50 16 28 43 34 86 37 26 49 59 69 40 73 69 69 1 71 70 15 40 19
27 82 39 7 21 19 90 65 41 65 40 92 20 89 19 4 36 11 7 17 52 9 41 0 87 57 80 72 8 53 24 0 73 5 70 77 92 37 69 28 1 23 54 92 16 85 84 26 2 83 94 89 55 16 88 72 8 93 9 39 50 22 61 87
63 14 88 60 4 30 82 2 95 74 95 32 62 69 14 58 28 34 63 67 28 32 28 37 53 83 65 23 84 82 62 73 0 97 100 26 86 16 15 45 89 74 26 37 32 94 59 79 63 45 0 84 92 27 95 25 96 94 82 33 44 97 95 41
5 42 37 100000 9 76 32 1 91 40 55 0 24 89 12 84 86 73 84 37 73 3 81 35 12 66 84 61 71 79 20 5 97 0 33 18 53 54 72 98 37 79 28 6 43 95 6 13 46 73 59 46 63 95 23 34 40 37 91 65 75 81 7 91
84 1 55 26 49 94 89 30 45 23 87 81 28 45 0 88 2 43 2 84 55 61 22 72 74 85 23 93 39 85 64 70 100 33 0 2 15 34 66 72 98 24 86 60 21 26 98 29 77 35 69 91 99 71 44 53 65 50 22 15 54 89 6 10
91 41 58 72 54 50 32 9 95 79 76 19 77 38 15 98 61 30 66 95 98 21 62 73 54 72 92 76 100 100000 8 77 26 18 2 0 31 38 86 73 68 40 87 80 70 70 44 41 67 52 47 81 100 29 44 63 58 57 77 82 54 82 66 10
84 39 25 26 9 63 9 42 18 9 80 97 43 27 36 18 45 55 70 24 6 47 29 32 64 94 32 51 70 71 82 92 86 53 15 31 0 24 14 23 19 66 68 7 48 87 51 24 1 27 30 45 82 10 81 74 44 7 13 53 39 36 62 64
47 53 16 86 29 100 56 48 73 55 19 17 30 8 76 76 36 96 11 70 36 4 18 14 60 75 1 19 19 25 26 37 16 54 34 38 24 0 38 79 95 61 15 28 100000 60 87 100 70 35 26 51 24 8 0 65 44 15 56 76 57 94 41 49
83 94 68 79 24 82 38 4 26 21 28 76 80 51 34 50 99 97 5 53 25 23 29 36 46 95 59 40 13 56 37 69 15 72 66 86 14 38 0 1 22 29 53 83 50 31 16 9 65 99 72 91 88 89 53 70 69 13 21 67 12 60 50 78
91 56 25 70 79 7 30 67 82 18 94 89 13 11 86 76 68 26 73 75 82 71 20 79 37 82 57 55 77 86 3 28 45 98 72 73 23 79 1 0 56 18 43 82 35 22 22 34 71 100000 53 83 1 69 31 15 31 0 81 56 46 89 6 67
62 29 14 39 38 90 33 75 35 45 6 95 90 63 80 80 76 59 92 35 57 42 56 57 43 15 19 78 57 81 50 1 89 37 98 68 19 95 22 56 0 74 63 89 2 18 39 2 37 41 97 16 93 89 17 83 72 30 79 60 9 10 92 38
16 18 45 5 30 61 35 83 39 78 72 40 20 33 22 32 16 43 48 2 67 100 15 35 3 55 15 74 40 85 93 23 74 79 24 40 66 61 29 18 74 0 82 58 65 60 27 77 92 21 39 10 80 60 53 75 35 57 20 72 71 13 5 1
58 94 4 50 3 55 46 94 38 95 82 56 92 17 97 11 56 64 42 42 56 98 69 4 40 16 66 47 4 74 65 54 26 28 86 87 68 15 53 43 63 82 0 43 94 63 91 10 10 22 8 83 99 19 11 55 35 5 80 47 39 63 74 26
97 63 44 32 41 32 91 83 92 14 50 3 48 24 57 99 99 60 99 69 51 62 63 17 84 80 32 58 52 94 50 92 37 6 60 80 7 28 83 82 89 58 43 0 12 67 90 8 31 89 49 75 11 74 17 87 23 19 0 47 100 78 7 20
53 13 77 27 0 29 80 96 55 30 46 86 28 80 26 18 24 26 13 67 63 20 54 18 89 29 21 19 98 97 16 16 32 43 21 70 48 100000 50 35 2 65 94 12 0 79 82 58 20 72 25 60 82 78 37 5 15 32 33 24 91 19 98 43
79 43 47 46 77 64 55 13 87 56 17 93 58 79 87 83 14 27 0 77 71 81 75 82 38 55 13 61 26 71 28 85 94 95 26 70 87 60 31 22 18 60 63 67 79 0 85 68 67 20 19 3 0 67 6 58 86 87 41 80 64 99 55 32
78 88 64 40 52 90 88 20 98 28 90 43 28 7 76 88 24 31 95 16 44 15 65 79 74 79 22 35 66 40 43 84 59 6 98 44 51 87 16 22 39 27 91 90 82 85 0 19 40 10 8 82 42 15 55 21 77 45 32 17 76 32 33 88
68 59 75 99 35 96 92 74 26 5 31 76 33 47 21 77 13 64 21 81 8 19 54 18 48 68 3 86 64 97 34 26 79 13 29 41 24 100 9 34 2 77 10 8 58 68 19 0 63 42 69 37 38 77 74 5 22 2 41 43 48 100 54 0
62 16 32 69 13 59 65 49 2 24 48 34 13 48 77 13 30 9 7 73 70 96 28 88 67 15 31 31 37 77 86 2 63 46 77 67 1 70 65 71 37 92 10 31 20 67 40 63 0 2 34 93 21 62 82 58 43 83 41 100000 38 2 77 83
40 42 11 32 60 3 56 87 85 30 85 96 53 44 57 4 69 79 75 26 71 78 13 7 58 79 22 54 19 21 37 83 45 73 35 52 27 35 99 100000 41 21 22 89 72 20 10 42 2 0 95 32 36 22 79 90 34 2 6 58 23 17 74 60
64 6 69 56 42 76 48 27 96 0 20 46 24 60 78 96 76 22 3 19 30 28 46 35 23 75 66 32 94 48 26 94 0 59 69 47 30 26 72 53 97 39 8 49 25 19 8 69 34 95 0 13 10 63 73 100000 72 17 92 97 49 48 49 55
33 88 34 67 48 86 37 5 39 48 62 49 80 96 79 84 33 87 24 88 78 94 3 91 90 83 69 4 37 94 49 89 84 46 91 81 45 51 91 83 16 10 83 75 60 3 82 37 93 32 13 0 89 97 96 11 78 25 5 5 95 2 52 77
85 18 49 10 8 40 83 46 85 74 34 54 26 97 17 4 29 74 5 85 78 14 89 70 94 71 6 91 68 86 59 55 92 63 99 100 82 24 88 1 93 80 99 11 82 0 42 38 21 36 10 89 0 68 10 99 16 3 86 0 86 81 100000 73
39 65 0 18 39 69 30 0 57 35 99 83 53 71 50 56 4 53 65 93 79 55 31 60 14 32 11 4 31 11 69 16 27 95 71 29 10 8 89 69 89 60 19 74 78 67 15 77 62 22 63 97 68 0 19 5 19 15 38 47 92 95 22 80
12 47 32 30 100000 71 32 2 55 81 10 4 7 37 42 92 20 93 2 91 86 5 83 62 44 18 92 63 19 2 40 88 95 23 44 44 81 0 53 31 17 53 11 17 37 6 55 74 82 79 73 96 10 19 0 55 8 92 25 82 28 89 11 94
59 92 21 91 87 28 58 14 57 32 34 80 45 5 91 37 100000 27 53 0 31 82 85 60 36 98 54 62 65 53 73 72 25 34 53 63 74 65 70 15 83 75 55 87 5 58 21 5 58 90 100000 11 99 5 55 0 82 62 93 9 59 52 83 96
56 74 18 30 41 46 49 20 70 50 55 75 10 28 3 34 46 53 59 60 57 46 68 78 76 45 89 91 59 92 69 8 96 40 65 58 44 44 69 31 72 35 35 23 15 86 77 22 43 34 72 78 16 19 8 82 0 6 98 54 74 0 25 11
94 13 77 10 23 26 29 2 39 86 29 77 2 78 48 74 2 15 37 34 12 55 92 25 6 81 12 25 98 44 69 93 94 37 50 57 7 15 13 0 30 57 5 19 32 87 45 2 83 2 17 25 3 15 92 62 6 0 71 61 77 67 32 23
45 21 33 94 50 99 52 24 69 29 67 1 78 42 6 41 26 23 23 93 46 40 46 72 22 93 0 25 47 91 1 9 82 91 22 77 13 56 21 81 79 20 80 0 33 41 32 41 41 6 92 5 86 38 25 93 98 71 0 49 6 39 0 59
53 23 92 4 59 17 0 91 94 56 30 67 84 32 12 31 33 91 6 1 15 87 91 82 72 42 89 89 60 43 71 39 33 65 15 82 53 76 67 56 60 72 47 47 24 80 17 43 100000 58 97 5 0 47 82 9 54 61 49 0 54 4 13 7
17 63 97 12 43 76 58 44 100000 45 77 33 63 42 37 76 71 37 72 40 48 81 84 7 47 93 15 83 87 87 70 50 44 75 54 54 39 57 12 46 9 71 39 100 91 64 76 48 38 23 49 95 86 92 28 59 74 77 6 54 0 44 3 94
93 75 49 83 55 29 24 74 61 22 15 0 96 70 42 59 20 4 85 20 6 25 9 1 64 100000 44 23 23 30 15 22 97 81 89 82 36 94 60 89 10 13 63 78 19 99 32 100 2 17 48 2 81 95 89 52 0 67 39 4 44 0 19 0
1 56 35 21 92 21 88 64 97 87 76 21 4 17 0 36 82 70 97 89 17 58 70 7 30 58 70 81 54 62 40 61 95 7 6 66 62 41 50 6 92 5 74 7 98 55 33 54 77 74 49 52 100000 22 11 83 25 32 0 13 3 19 0 88
57 96 18 7 96 53 20 57 17 19 13 92 34 7 44 5 62 77 53 59 62 12 41 20 97 66 25 17 93 52 19 87 41 91 10 10 64 49 78 67 38 1 26 20 43 32 88 0 83 60 55 77 73 80 94 96 11 23 59 7 94 0 88 0
