128
0 13 52 47 27 41 62 5 38 91 3 99 53 82 47 37 69 16 98 97 93 95 72 67 74 24 53 77 51 3 31 62 82 77 12 46 8 32 100 41 2 75 100 21 21 43 16 10 16 31 44 92 29 51 93 3 92 23 73 16 3 5 18 10 15 5 73 59 100000 90 64 48 82 20 90 48 53 40 57 32 18 89 74 31 65 54 67 18 98 48 50 40 97 55 72 62 49 95 3 76 34 39 76 28 12 49 97 74 98 74 2 46 64 17 55 44 47 35 54 30 88 32 92 9 98 45 9 13
13 0 22 1 79 12 24 58 80 24 58 2 84 62 34 17 70 23 19 39 1 53 73 95 47 43 94 88 30 35 26 84 81 24 91 15 44 4 45 96 61 78 57 47 32 78 52 8 47 92 68 24 91 83 38 6 93 88 22 97 70 35 7 41 17 58 16 39 15 52 90 80 52 49 30 71 99 50 26 43 100000 46 54 76 74 37 10 90 97 26 57 60 44 39 97 50 45 72 12 29 84 24 93 78 13 4 96 99 49 87 47 64 64 57 68 55 11 16 88 53 22 51 24 92 91 18 69 93
52 22 0 95 27 21 100 62 20 40 20 99 90 97 90 86 38 52 33 92 22 53 97 68 29 19 20 47 33 0 82 34 63 80 49 5 24 49 32 69 100 5 84 84 39 47 93 10 4 97 41 15 34 79 22 43 45 7 23 79 47 6 87 23 50 26 74 14 98 49 43 13 84 20 86 50 98 17 29 25 83 74 50 70 65 85 76 6 41 50 72 61 74 89 34 70 15 70 82 62 48 56 9 15 92 73 37 46 50 54 99 15 60 98 64 6 28 15 68 16 100 65 16 4 98 4 75 44
47 1 95 0 48 67 85 63 49 0 49 99 97 0 0 43 7 53 2 19 20 51 11 26 42 35 55 26 70 44 38 79 37 19 91 68 33 41 40 35 29 81 40 80 90 2 82 33 66 8 79 41 74 67 86 18 17 74 91 20 40 86 30 65 22 61 88 3 97 10 84 62 96 45 63 79 43 32 8 98 78 67 79 87 15 7 78 19 17 3 44 16 76 14 7 95 56 17 48 59 10 17 49 95 72 22 25 65 72 79 10 53 86 37 31 38 21 41 50 21 69 92 9 91 0 46 12 41
27 79 27 48 0 15 10 36 7 47 9 80 97 15 85 71 79 41 79 70 93 73 17 23 81 1 71 58 80 63 82 48 73 36 81 73 7 91 31 16 31 55 60 33 55 14 92 45 66 100 83 96 76 7 53 87 30 81 92 100 69 5 50 45 56 61 80 10 25 55 76 37 67 31 14 77 87 77 82 22 51 61 85 84 73 15 59 80 45 58 97 99 82 47 45 17 91 41 74 37 41 48 33 40 82 27 26 90 95 82 8 8 91 95 27 88 80 47 43 6 75 95 100000 36 39 23 71 61
41 12 21 67 15 0 2 55 9 83 19 54 60 45 42 96 89 62 72 14 71 86 63 85 77 42 75 14 99 4 34 31 60 43 94 87 64 33 4 90 31 21 60 56 34 3 24 36 94 11 21 74 30 92 42 13 64 12 98 39 66 77 74 62 52 32 50 3 72 53 53 11 3 60 98 5 18 37 57 98 36 84 100 49 83 18 17 82 93 40 33 52 59 19 31 52 53 36 4 91 68 36 21 67 96 98 68 82 8 28 41 11 30 11 87 23 13 76 89 66 77 73 51 39 5 45 95 76
62 24 100 85 10 2 0 53 38 64 61 37 90 59 29 95 82 93 90 27 31 52 54 93 52 92 13 100 21 11 27 41 82 80 67 24 26 75 36 9 83 63 100000 68 54 42 29 48 6 26 23 36 69 97 91 76 76 88 57 48 19 2 18 83 45 70 32 78 7 49 71 52 39 90 36 26 99 84 35 34 63 24 57 51 34 87 9 13 45 77 98 45 59 65 13 67 100000 11 63 36 37 49 61 94 30 23 100 56 66 100000 98 80 89 3 90 31 26 89 57 94 91 96 45 83 58 24 39 14
5 58 62 63 36 55 53 0 78 40 33 100 8 32 16 66 53 80 14 11 39 9 41 51 21 14 75 34 88 34 29 81 15 33 58 88 59 24 8 3 5 54 9 33 27 62 45 33 36 32 58 38 36 63 59 58 49 56 27 69 36 14 10 52 73 72 74 81 54 29 5 36 33 70 33 95 95 77 46 3 53 51 15 98 12 40 74 27 4 23 89 85 84 100 57 12 85 35 68 56 67 25 80 95 31 84 90 82 38 75 1 52 6 25 91 13 34 81 90 20 69 52 18 16 83 36 34 30
38 80 20 49 7 9 38 78 0 50 81 88 63 26 51 76 71 99 80 100 75 19 69 76 58 9 49 62 36 52 25 38 71 70 69 91 2 79 83 25 83 59 27 63 32 37 23 41 0 96 17 62 70 81 15 87 78 54 71 27 75 31 3 45 75 21 12 57 71 4 46 26 14 100000 32 48 15 5 74 24 53 90 97 94 12 31 75 49 15 80 72 92 98 64 6 61 63 9 38 66 3 2 1 4 93 5 60 79 72 5 22 59 1 71 22 91 77 79 53 80 39 93 75 40 56 85 35 31
91 24 40 0 47 83 64 40 50 0 54 92 54 89 71 76 20 67 75 58 95 17 16 15 100 89 51 98 100000 67 67 78 38 54 63 3 50 17 75 73 55 39 40 65 25 49 96 48 93 78 70 74 81 30 46 82 21 63 84 8 95 95 11 23 67 7 14 96 51 95 43 40 60 5 29 7 99 65 40 33 29 46 56 14 78 68 62 31 3 7 70 26 15 44 95 10 5 17 15 100000 79 88 95 49 95 16 47 59 36 22 3 84 24 18 42 92 6 58 54 58 26 42 28 9 71 54 97 47
3 58 20 49 9 19 61 33 81 54 0 9 78 92 8 66 93 88 75 12 30 78 66 80 0 12 5 23 84 91 52 91 27 87 35 11 70 0 71 93 75 96 55 6 56 34 88 16 12 52 34 37 10 84 47 71 74 30 70 76 73 86 86 28 72 56 72 46 75 1 94 88 67 6 10 56 3 41 73 42 52 86 91 19 20 62 54 49 67 95 64 76 49 92 10 53 60 26 7 100000 11 15 2 52 82 45 92 49 23 51 95 9 36 16 73 73 3 72 0 19 73 60 60 90 9 59 47 24
99 2 99 99 80 54 37 100 88 92 9 0 96 78 88 21 66 9 62 21 36 81 18 79 7 21 16 94 75 19 13 33 31 35 31 74 97 5 74 55 100000 12 19 46 48 70 71 8 27 78 81 99 4 100 33 89 10 10 2 94 55 17 24 86 100 20 20 86 90 90 65 88 55 50 5 87 51 74 91 69 37 93 37 99 3 3 71 61 32 26 65 85 39 2 49 41 10 39 4 98 82 93 67 39 18 98 22 27 23 90 8 42 90 26 25 74 2 29 65 48 91 31 20 86 83 74 5 34
53 84 90 97 97 60 90 8 63 54 78 96 0 27 9 37 49 80 73 21 13 58 16 75 69 16 54 41 93 4 31 78 12 67 63 100 93 58 12 76 23 36 17 88 22 30 90 67 53 34 49 69 48 11 42 100000 61 76 36 1 63 10 96 59 15 75 69 92 79 78 17 81 67 73 91 68 51 7 3 82 71 63 58 55 4 14 19 49 64 76 50 47 58 43 95 98 85 91 72 76 74 38 12 75 51 52 17 32 57 86 59 81 65 40 67 58 79 12 33 89 46 3 82 0 57 90 50 92
82 62 97 0 15 45 59 32 26 89 92 78 27 0 58 15 18 34 19 57 21 49 13 51 100000 100 60 13 30 71 100 1 17 28 25 54 19 98 19 24 32 5 31 59 33 70 74 86 5 73 4 32 17 17 61 36 80 37 67 32 70 10 82 85 80 59 32 100000 17 32 99 9 14 47 82 65 87 75 56 85 70 27 43 30 62 22 88 67 74 55 36 34 92 22 55 9 14 17 54 1 41 92 40 95 36 7 19 11 47 58 37 32 20 11 95 37 82 3 99 71 13 1 58 39 17 23 60 100000
47 34 90 0 85 42 29 16 51 71 8 88 9 58 0 25 0 56 68 52 56 86 93 98 35 73 68 55 74 60 60 0 57 7 68 52 17 35 13 23 58 49 73 6 94 21 19 33 46 68 64 2 40 80 49 95 91 77 70 61 98 21 57 100 50 70 73 73 90 94 30 63 26 75 38 62 74 32 58 24 36 22 72 76 89 18 76 58 6 50 72 25 73 96 55 72 89 30 100000 18 100000 26 67 32 70 20 4 77 100 80 67 27 33 39 33 78 39 23 43 63 1 27 55 78 85 19 14 29
37 17 86 43 71 96 95 66 76 76 66 21 37 15 25 0 25 39 69 45 71 62 70 91 52 58 1 39 8 15 9 3 63 20 92 1 80 40 52 81 38 100 75 78 21 31 94 65 26 67 18 58 1 97 89 39 66 27 62 85 23 0 67 6 22 67 7 70 64 68 11 73 44 29 24 68 1 54 82 3 27 88 84 19 10 44 38 26 24 15 8 53 6 63 28 5 21 79 30 93 78 23 56 40 49 98 97 21 42 84 12 33 92 26 90 80 30 69 54 89 75 34 24 44 62 48 39 85
69 70 38 7 79 89 82 53 71 20 93 66 49 18 0 25 0 95 7 62 63 90 77 9 23 86 9 62 1 86 78 6 23 19 11 67 36 80 12 85 100000 28 69 32 43 25 49 87 96 54 21 50 33 26 66 91 55 87 8 60 79 85 10 88 17 46 94 99 100000 4 8 29 85 3 85 49 71 54 82 30 70 73 61 42 80 81 74 42 45 2 14 42 92 24 24 47 7 100000 86 89 95 30 86 14 62 72 5 22 42 95 19 27 26 67 87 55 1 76 48 76 62 65 7 17 75 44 70 17
16 23 52 53 41 62 93 80 99 67 88 9 80 34 56 39 95 0 45 18 73 10 78 32 71 100000 51 100 3 5 66 47 94 60 87 56 83 15 59 98 75 62 71 27 100000 91 39 78 90 91 37 90 4 92 73 17 19 66 66 71 12 40 21 13 41 40 58 71 15 100000 45 84 29 65 92 21 37 3 42 29 86 0 14 92 75 41 91 93 64 78 86 69 1 84 40 98 8 50 97 4 77 16 26 4 83 5 88 25 63 7 76 52 86 18 53 94 15 96 91 25 3 18 97 47 21 18 73 48
98 19 33 2 79 72 90 14 80 75 75 62 73 19 68 69 7 45 0 28 84 97 18 48 34 37 18 73 85 78 91 24 88 46 52 16 98 75 11 56 60 68 42 30 38 86 3 2 61 66 100 25 68 54 44 29 58 26 73 57 58 81 14 77 28 50 39 8 73 16 16 83 23 30 37 53 32 42 46 90 37 23 40 16 67 22 37 3 62 67 36 22 83 10 48 3 93 12 16 23 91 65 90 5 19 80 74 14 73 27 83 44 64 91 100000 93 22 42 0 95 48 63 4 26 57 7 37 32
97 39 92 19 70 14 27 11 100 58 12 21 21 57 52 45 62 18 28 0 79 40 63 74 18 0 44 74 47 2 6 28 72 93 19 2 12 98 10 41 83 91 76 53 61 89 89 63 69 71 86 100 54 85 54 82 35 67 14 63 52 57 75 53 25 15 65 96 84 71 82 37 82 12 84 0 37 39 31 49 4 52 42 25 87 24 100 5 67 32 40 36 99 98 76 28 38 62 14 23 39 82 0 14 52 19 86 12 59 71 1 100 80 69 18 88 49 88 26 100000 77 47 38 29 80 31 71 51
93 1 22 20 93 71 31 39 75 95 30 36 13 21 56 71 63 73 84 79 0 77 15 20 71 53 53 20 78 97 58 69 75 1 0 29 76 56 91 64 67 55 29 97 45 50 61 77 77 92 46 58 81 42 49 47 75 20 47 54 18 63 58 62 90 15 38 31 26 64 63 8 7 55 71 68 47 97 82 22 21 85 19 84 85 44 2 1 8 69 42 49 19 95 4 53 12 19 57 64 94 85 81 74 57 70 2 69 83 76 5 6 50 20 45 33 9 94 96 86 26 98 50 2 25 34 83 70
95 53 53 51 73 86 52 9 19 17 78 81 58 49 86 62 90 10 97 40 77 0 60 72 96 6 18 9 76 61 100000 26 33 9 34 81 37 19 49 10 83 35 50 18 50 75 62 88 19 31 41 13 26 98 45 31 9 22 79 86 29 56 55 92 5 25 13 14 85 64 41 60 2 34 86 60 47 12 37 82 17 55 43 45 64 34 52 18 43 44 57 55 45 24 57 53 48 50 28 70 87 21 1 80 100 39 42 77 67 59 48 80 74 17 44 64 2 55 50 28 45 60 15 51 72 56 93 9
72 73 97 11 17 63 54 41 69 16 66 18 16 13 93 70 77 78 18 63 15 60 0 100000 2 83 9 19 100 65 53 21 44 74 32 7 38 26 68 92 73 82 79 74 92 97 42 46 0 20 51 88 54 47 15 3 62 77 93 10 30 10 13 93 92 24 12 99 42 47 13 28 49 31 33 13 74 6 57 64 12 38 77 91 72 100000 94 89 18 8 58 38 86 71 60 79 13 84 100000 99 46 94 79 20 64 90 75 94 47 98 0 61 67 28 15 85 59 76 96 100000 58 22 68 12 89 61 95 43
67 95 68 26 23 85 93 51 76 15 80 79 75 51 98 91 9 32 48 74 20 72 100000 0 3 32 81 47 20 77 54 25 57 25 33 0 13 11 30 85 73 81 94 83 42 66 49 56 70 58 89 3 67 59 81 74 78 11 56 64 97 35 59 43 85 36 11 57 75 2 72 80 68 33 54 82 15 71 81 76 84 21 80 2 47 89 66 15 15 10 75 0 96 70 47 9 23 65 81 92 35 97 93 13 84 5 47 16 90 54 44 42 35 83 83 82 55 83 11 6 47 32 3 90 59 32 4 14
74 47 29 42 81 77 52 21 58 100 0 7 69 100000 35 52 23 71 34 18 71 96 2 3 0 33 70 37 38 35 71 33 69 7 83 71 60 22 57 27 83 18 56 50 52 24 79 23 25 89 27 69 53 99 43 27 73 74 42 100 98 98 32 20 65 5 95 11 17 21 69 2 48 21 0 97 60 53 21 19 53 25 16 93 97 95 45 8 91 65 48 12 12 5 43 56 31 5 59 17 48 47 78 14 50 38 82 96 45 28 91 84 46 72 60 32 29 63 77 94 53 46 37 79 23 100000 14 80
24 43 19 35 1 42 92 14 9 89 12 21 16 100 73 58 86 100000 37 0 53 6 83 32 33 0 43 66 11 100 55 18 28 74 63 41 55 99 67 25 64 99 94 27 56 99 82 32 98 20 98 38 91 84 90 89 83 82 3 53 99 35 100000 29 94 2 27 51 29 49 38 98 1 82 65 84 31 72 16 11 1 18 64 38 56 100 62 54 45 40 48 69 94 83 97 49 15 75 38 96 83 4 4 95 99 42 53 8 99 56 49 16 84 99 18 89 29 19 1 3 35 16 9 81 85 71 31 41
53 94 20 55 71 75 13 75 49 51 5 16 54 60 68 1 9 51 18 44 53 18 9 81 70 43 0 28 40 27 66 85 64 68 61 84 83 7 5 62 4 15 28 46 99 7 16 91 18 9 38 13 61 90 18 22 96 22 73 32 54 54 20 58 92 31 73 66 1 63 62 36 100 31 63 89 10 9 97 63 76 18 24 50 8 98 10 36 64 4 13 95 71 39 72 27 82 93 88 87 84 38 25 93 59 60 72 94 15 80 48 15 39 70 93 37 84 13 29 87 16 94 0 57 75 71 84 91
77 88 47 26 58 14 100 34 62 98 23 94 41 13 55 39 62 100 73 74 20 9 19 47 37 66 28 0 3 91 56 72 89 100 16 100 52 63 84 10 90 58 34 5 16 36 85 18 96 85 56 1 22 31 31 93 39 16 76 7 29 22 77 34 51 93 40 37 1 67 41 1 38 6 95 100 31 25 32 43 53 38 54 59 33 97 73 10 48 68 72 44 0 72 29 56 1 62 58 87 82 3 51 79 18 10 47 1 68 37 83 88 7 11 32 95 84 7 26 55 78 90 64 13 7 76 22 30
51 30 33 70 80 99 21 88 36 100000 84 75 93 30 74 8 1 3 85 47 78 76 100 20 38 11 40 3 0 77 18 82 40 22 82 89 57 26 76 66 44 69 92 81 35 49 38 4 50 62 74 37 22 47 2 0 22 18 29 94 68 10 51 33 10 54 58 94 19 75 0 57 48 6 11 44 31 10 68 43 15 78 73 51 8 34 100 39 100000 12 29 35 25 11 3 32 30 13 62 46 48 35 36 24 39 16 33 44 16 2 83 85 56 36 73 79 31 96 47 99 33 7 24 69 30 81 60 65
3 35 0 44 63 4 11 34 52 67 91 19 4 71 60 15 86 5 78 2 97 61 65 77 35 100 27 91 77 0 30 100 53 12 9 89 19 22 66 48 32 73 60 98 39 82 2 26 50 36 28 70 37 32 65 52 65 83 18 6 87 21 45 30 46 17 51 10 44 55 47 93 42 80 86 46 13 81 63 90 1 31 79 4 2 19 26 63 11 9 67 64 39 1 30 23 92 62 6 18 19 33 61 51 23 42 31 82 55 98 18 52 94 98 90 53 96 31 87 16 20 25 8 4 37 51 90 49
31 26 82 38 82 34 27 29 25 67 52 13 31 100 60 9 78 66 91 6 58 100000 53 54 71 55 66 56 18 30 0 7 91 39 75 42 41 62 57 52 57 36 38 74 2 74 64 20 85 35 85 60 49 62 40 95 39 18 18 58 3 18 53 62 48 52 37 79 47 52 22 58 38 1 43 27 7 15 62 72 67 65 28 16 52 84 80 13 85 78 64 16 90 85 80 61 22 84 68 68 79 14 4 74 4 64 13 52 1 97 36 47 36 88 4 81 26 31 23 95 63 78 7 55 54 95 45 31
62 84 34 79 48 31 41 81 38 78 91 33 78 1 0 3 6 47 24 28 69 26 21 25 33 18 85 72 82 100 7 0 60 36 1 26 22 27 75 22 96 90 17 13 92 6 42 30 91 24 78 48 64 70 88 77 61 80 18 55 18 19 100 83 57 98 10 95 25 100000 72 39 62 8 61 47 6 24 81 52 9 64 37 92 41 64 87 98 6 54 13 45 95 47 95 37 45 12 82 56 20 24 94 92 41 6 35 24 81 33 41 36 17 88 56 42 49 20 4 91 81 89 98 15 68 24 30 98
82 81 63 37 73 60 82 15 71 38 27 31 12 17 57 63 23 94 88 72 75 33 44 57 69 28 64 89 40 53 91 60 0 87 40 68 92 58 16 55 25 96 33 50 65 0 51 64 45 11 94 7 8 53 14 36 18 66 100000 23 46 7 35 91 68 66 90 91 84 65 96 90 92 47 56 43 81 23 30 0 95 79 70 4 84 71 63 83 3 100 28 66 84 65 33 81 91 56 75 88 33 37 44 81 12 5 100 92 93 28 58 60 88 38 97 82 100 14 31 43 46 15 20 9 35 79 20 94
77 24 80 19 36 43 80 33 70 54 87 35 67 28 7 20 19 60 46 93 1 9 74 25 7 74 68 100 22 12 39 36 87 0 93 28 21 25 91 74 42 68 91 72 2 55 73 38 36 98 93 14 63 72 32 87 11 2 24 100 0 40 74 83 35 50 2 57 80 80 83 0 98 54 50 5 55 81 82 20 87 53 36 59 33 6 33 37 65 37 72 14 14 100000 19 55 66 61 11 84 82 17 65 69 4 45 71 79 63 67 14 13 23 47 10 91 50 70 71 75 13 44 60 20 86 8 42 96
12 91 49 91 81 94 67 58 69 63 35 31 63 25 68 92 11 87 52 19 0 34 32 33 83 63 61 16 82 9 75 1 40 93 0 77 69 88 98 57 10 4 38 75 70 69 54 47 9 91 74 45 69 47 11 38 28 75 39 87 30 99 12 5 19 15 26 43 46 61 87 82 80 26 74 63 48 49 74 1 10 89 28 26 34 26 75 4 4 74 65 87 63 4 37 65 3 0 59 93 57 89 86 1 62 64 20 75 85 95 9 52 74 37 60 40 95 95 6 42 60 37 72 99 76 97 14 73
46 15 5 68 73 87 24 88 91 3 11 74 100 54 52 1 67 56 16 2 29 81 7 0 71 41 84 100 89 89 42 26 68 28 77 0 62 8 84 26 88 56 62 77 9 24 66 42 60 47 52 16 60 99 84 71 71 4 45 62 71 65 6 42 67 50 28 13 45 72 24 3 85 35 97 94 10 0 100000 87 26 38 89 13 39 32 59 9 68 16 5 27 44 44 13 59 97 94 66 36 23 6 62 5 37 51 73 49 99 57 37 78 71 18 51 67 36 30 25 43 82 31 51 79 6 38 39 89
8 44 24 33 7 64 26 59 2 50 70 97 93 19 17 80 36 83 98 12 76 37 38 13 60 55 83 52 57 19 41 22 92 21 69 62 0 39 81 28 59 35 66 23 79 100000 18 71 85 46 43 28 98 90 73 73 50 72 62 91 84 52 65 10 26 65 60 4 2 57 71 55 45 65 48 24 6 92 41 45 48 18 29 16 33 22 59 11 74 22 30 71 71 93 93 47 41 31 68 67 48 7 18 88 37 55 70 79 97 5 100000 42 94 44 67 100 73 24 46 66 0 40 53 66 64 96 16 62
32 4 49 41 91 33 75 24 79 17 0 5 58 98 35 40 80 15 75 98 56 19 26 11 22 99 7 63 26 22 62 27 58 25 88 8 39 0 45 95 48 73 6 72 31 91 29 97 91 2 4 33 90 2 87 41 6 63 8 86 60 7 42 2 73 29 47 63 97 32 19 58 6 81 25 54 31 20 74 7 47 39 49 75 15 37 33 49 49 35 70 93 48 3 62 47 58 66 4 24 77 30 99 79 51 70 73 31 73 16 100 91 61 53 34 15 56 47 30 68 70 11 4 7 79 86 5 43
100 45 32 40 31 4 36 8 83 75 71 74 12 19 13 52 12 59 11 10 91 49 68 30 57 67 5 84 76 66 57 75 16 91 98 84 81 45 0 87 51 35 93 45 4 80 35 1 23 51 100000 65 44 91 95 9 60 22 31 86 19 9 83 80 4 99 49 54 2 22 51 3 29 73 54 93 38 95 97 68 73 91 66 76 44 96 70 89 89 71 5 31 76 91 52 77 64 24 20 64 77 71 93 40 87 100 89 14 30 6 29 92 22 97 48 56 98 62 15 44 19 75 90 49 23 0 76 78
41 96 69 35 16 90 9 3 25 73 93 55 76 24 23 81 85 98 56 41 64 10 92 85 27 25 62 10 66 48 52 22 55 74 57 26 28 95 87 0 38 50 81 91 90 13 5 5 33 38 25 10 98 52 72 33 74 49 40 47 23 49 81 14 94 100000 14 75 5 24 60 77 30 85 8 38 44 63 70 11 46 71 89 13 47 37 31 90 34 29 4 64 79 91 70 42 2 27 31 73 9 78 78 16 5 15 60 30 21 30 89 88 46 48 58 77 45 31 3 21 90 50 76 92 17 3 98 40
2 61 100 29 31 31 83 5 83 55 75 100000 23 32 58 38 100000 75 60 83 67 83 73 73 83 64 4 90 44 32 57 96 25 42 10 88 59 48 51 38 0 86 93 60 42 26 46 40 42 66 41 96 39 27 77 58 14 54 36 29 75 48 95 42 2 33 75 85 81 9 92 34 43 88 72 93 65 61 91 89 41 42 44 54 6 3 3 31 86 88 88 84 76 49 6 58 73 45 52 3 64 81 87 35 37 74 8 28 25 53 30 11 35 18 40 60 77 25 65 14 85 59 50 25 51 77 48 19
75 78 5 81 55 21 63 54 59 39 96 12 36 5 49 100 28 62 68 91 55 35 82 81 18 99 15 58 69 73 36 90 96 68 4 56 35 73 35 50 86 0 51 39 21 52 3 9 79 81 95 52 18 40 63 74 67 42 66 53 81 75 93 60 83 91 44 16 91 99 98 6 82 75 71 51 38 23 78 88 100000 19 64 53 100000 67 4 32 91 82 97 12 70 81 90 64 20 93 91 30 91 100000 84 43 74 73 70 85 44 28 27 97 38 9 23 71 62 32 20 72 20 85 93 59 68 67 77 18
100 57 84 40 60 60 100000 9 27 40 55 19 17 31 73 75 69 71 42 76 29 50 79 94 56 94 28 34 92 60 38 17 33 91 38 62 66 6 93 81 93 51 0 52 85 35 42 12 29 35 49 47 26 30 100000 43 58 17 73 40 31 71 28 35 10 58 0 96 5 90 39 7 48 95 55 68 39 26 45 32 20 71 23 97 79 75 30 99 9 48 19 55 80 2 91 80 10 80 6 100 46 34 86 76 52 1 33 74 61 91 98 80 85 20 12 20 4 77 99 3 50 29 91 13 80 40 9 29
21 47 84 80 33 56 68 33 63 65 6 46 88 59 6 78 32 27 30 53 97 18 74 83 50 27 46 5 81 98 74 13 50 72 75 77 23 72 45 91 60 39 52 0 24 36 44 98 77 51 56 29 90 2 27 24 80 19 17 35 11 84 53 74 68 29 11 82 73 66 62 49 52 53 15 12 92 47 65 60 66 56 73 15 81 12 49 16 78 86 23 26 0 62 100 83 2 47 98 96 53 76 12 90 22 66 81 93 76 46 12 54 0 20 69 32 19 58 47 79 53 84 2 19 27 66 98 64
21 32 39 90 55 34 54 27 32 25 56 48 22 33 94 21 43 100000 38 61 45 50 92 42 52 56 99 16 35 39 2 92 65 2 70 9 79 31 4 90 42 21 85 24 0 5 24 77 3 7 55 11 33 20 57 51 52 45 73 51 82 84 54 1 79 66 25 25 55 96 88 41 5 39 10 71 87 18 60 77 29 28 96 100000 99 8 0 56 39 97 89 89 49 25 71 100000 25 99 27 76 83 72 55 5 45 10 99 17 61 96 48 85 9 25 91 87 73 44 6 48 98 65 89 79 12 94 57 100000
43 78 47 2 14 3 42 62 37 49 34 70 30 70 21 31 25 91 86 89 50 75 97 66 24 99 7 36 49 82 74 6 0 55 69 24 100000 91 80 13 26 52 35 36 5 0 57 83 48 100000 66 38 84 47 28 32 1 60 79 56 80 21 20 72 63 89 26 5 59 51 49 75 4 62 79 76 65 100000 29 24 11 50 23 30 6 68 97 14 41 13 56 83 83 38 75 27 39 64 14 36 94 85 11 3 92 27 81 6 33 87 93 6 73 8 58 89 69 21 23 13 3 49 41 36 84 74 67 68
16 52 93 82 92 24 29 45 23 96 88 71 90 74 19 94 49 39 3 89 61 62 42 49 79 82 16 85 38 2 64 42 51 73 54 66 18 29 35 5 46 3 42 44 24 57 0 26 79 65 60 4 97 12 55 34 96 37 58 13 68 36 58 96 73 39 7 88 34 55 92 16 52 51 52 75 51 46 87 24 28 76 74 45 16 73 89 51 75 50 34 35 69 23 97 91 5 14 17 64 35 37 53 12 25 47 47 48 89 21 32 93 68 37 72 27 22 10 52 63 94 85 88 51 75 26 13 72
10 8 10 33 45 36 48 33 41 48 16 8 67 86 33 65 87 78 2 63 77 88 46 56 23 32 91 18 4 26 20 30 64 38 47 42 71 97 1 5 40 9 12 98 77 83 26 0 34 59 56 38 47 33 31 100 91 40 91 75 6 23 77 18 76 24 83 10 34 21 76 62 87 27 40 43 21 65 89 20 54 5 56 78 59 26 13 56 80 75 7 6 16 99 90 84 34 71 26 67 30 3 11 44 44 2 88 48 60 16 52 100000 78 33 43 20 47 27 82 91 47 26 5 59 23 45 36 80
16 47 4 66 66 94 6 36 0 93 12 27 53 5 46 26 96 90 61 69 77 19 0 70 25 98 18 96 50 50 85 91 45 36 9 60 85 91 23 33 42 79 29 77 3 48 79 34 0 12 44 48 54 74 100000 14 99 49 40 61 43 38 20 71 79 69 11 79 26 66 85 2 100000 70 64 83 65 48 100 2 75 75 74 9 96 3 69 32 63 51 14 0 85 77 12 86 33 40 26 32 33 50 58 1 39 84 41 64 65 30 69 88 56 42 9 88 78 63 22 15 95 62 87 83 26 70 90 52
31 92 97 8 100 11 26 32 96 78 52 78 34 73 68 67 54 91 66 71 92 31 20 58 89 20 9 85 62 36 35 24 11 98 91 47 46 2 51 38 66 81 35 51 7 100000 65 59 12 0 31 17 46 64 77 31 84 5 49 34 27 42 15 40 42 68 100000 79 62 62 16 6 45 94 7 89 94 86 81 92 41 71 54 13 31 66 45 98 53 80 41 89 100 19 27 36 74 69 23 98 29 69 33 73 94 29 72 92 14 77 42 54 29 65 100 53 73 100000 97 34 29 55 64 48 60 78 6 41
44 68 41 79 83 21 23 58 17 70 34 81 49 4 64 18 21 37 100 86 46 41 51 89 27 98 38 56 74 28 85 78 94 93 74 52 43 4 100000 25 41 95 49 56 55 66 60 56 44 31 0 87 100 29 40 23 49 15 40 79 13 22 8 98 20 75 17 8 72 80 33 18 0 63 86 37 60 25 38 37 33 12 30 80 37 95 19 19 90 57 60 3 1 35 76 64 80 45 22 69 65 83 43 26 70 51 33 55 92 92 98 20 7 32 4 44 98 27 76 62 72 79 86 55 47 45 3 95
92 24 15 41 96 74 36 38 62 74 37 99 69 32 2 58 50 90 25 100 58 13 88 3 69 38 13 1 37 70 60 48 7 14 45 16 28 33 65 10 96 52 47 29 11 38 4 38 48 17 87 0 94 91 3 55 14 5 88 23 20 46 76 70 1 31 15 32 84 14 34 2 64 64 21 31 90 17 64 56 87 99 72 84 100000 63 59 88 100 94 92 98 83 87 39 71 34 74 74 79 31 13 52 84 46 12 12 70 87 41 58 66 53 27 25 93 10 39 23 35 74 62 25 97 93 51 20 83
29 91 34 74 76 30 69 36 70 81 10 4 48 17 40 1 33 4 68 54 81 26 54 67 53 91 61 22 22 37 49 64 8 63 69 60 98 90 44 98 39 18 26 90 33 84 97 47 54 46 100 94 0 43 41 20 63 77 9 35 0 69 98 82 40 22 94 87 100000 31 60 32 30 71 40 68 10 70 48 81 60 86 80 67 62 47 26 93 60 62 60 5 8 1 1 34 34 1 27 5 9 99 30 97 80 7 65 45 70 9 0 19 88 85 71 79 15 54 87 92 57 78 100 83 9 68 14 73
51 83 79 67 7 92 97 63 81 30 84 100 11 17 80 97 26 92 54 85 42 98 47 59 99 84 90 31 47 32 62 70 53 72 47 99 90 2 91 52 27 40 30 2 20 47 12 33 74 64 29 91 43 0 87 94 31 75 80 50 29 92 69 47 48 47 78 46 100000 90 10 55 55 95 76 100 77 55 69 52 32 10 39 56 65 88 23 5 20 91 2 68 64 38 51 75 87 63 92 46 38 52 19 65 86 5 45 28 5 96 81 39 57 11 42 95 46 43 14 93 25 66 94 20 72 13 26 90
93 38 22 86 53 42 91 59 15 46 47 33 42 61 49 89 66 73 44 54 49 45 15 81 43 90 18 31 2 65 40 88 14 32 11 84 73 87 95 72 77 63 100000 27 57 28 55 31 100000 77 40 3 41 87 0 28 49 23 13 99 28 52 49 24 80 36 91 71 21 18 56 19 38 44 90 55 49 11 62 84 91 51 20 35 89 45 65 33 6 60 73 73 80 43 63 10 62 8 21 38 64 27 17 4 53 71 67 65 13 26 48 13 90 76 25 79 53 35 84 88 0 29 41 96 9 95 100000 52
3 6 43 18 87 13 76 58 87 82 71 89 100000 36 95 39 91 17 29 82 47 31 3 74 27 89 22 93 0 52 95 77 36 87 38 71 73 41 9 33 58 74 43 24 51 32 34 100 14 31 23 55 20 94 28 0 32 11 98 43 8 49 46 10 71 99 52 22 48 40 61 39 14 34 15 56 19 42 31 32 7 74 10 47 100 71 0 66 32 23 75 39 11 62 92 31 61 85 37 10 7 52 59 30 66 88 6 76 25 93 13 90 86 21 25 32 78 60 16 44 43 71 33 70 93 47 11 64
92 93 45 17 30 64 76 49 78 21 74 10 61 80 91 66 55 19 58 35 75 9 62 78 73 83 96 39 22 65 39 61 18 11 28 71 50 6 60 74 14 67 58 80 52 1 96 91 99 84 49 14 63 31 49 32 0 49 4 23 23 97 22 34 54 46 95 46 10 99 78 75 56 83 65 23 93 48 15 66 69 40 62 30 65 100 91 77 53 78 10 60 100 71 62 4 53 43 92 24 95 54 38 37 51 29 24 1 27 15 50 36 66 64 98 75 88 11 98 21 10 76 34 90 92 83 48 20
23 88 7 74 81 12 88 56 54 63 30 10 76 37 77 27 87 66 26 67 20 22 77 11 74 82 22 16 18 83 18 80 66 2 75 4 72 63 22 49 54 42 17 19 45 60 37 40 49 5 15 5 77 75 23 11 49 0 25 88 11 40 25 75 65 23 76 34 30 18 17 13 19 43 91 48 47 63 23 8 10 3 62 88 22 39 72 17 71 30 100 92 32 28 15 11 66 77 100000 48 79 84 7 19 97 10 86 96 60 98 63 7 73 70 6 38 20 70 21 24 14 87 44 19 96 87 68 25
73 22 23 91 92 98 57 27 71 84 70 2 36 67 70 62 8 66 73 14 47 79 93 56 42 3 73 76 29 18 18 18 100000 24 39 45 62 8 31 40 36 66 73 17 73 79 58 91 40 49 40 88 9 80 13 98 4 25 0 26 23 8 44 1 73 37 61 32 74 10 72 76 37 44 98 70 47 82 26 46 81 39 25 100000 93 51 82 44 70 89 14 32 43 15 54 89 97 27 56 88 6 7 7 90 9 51 42 76 35 25 100 79 78 22 10 15 16 16 54 55 45 64 28 2 74 7 22 72
16 97 79 20 100 39 48 69 27 8 76 94 1 32 61 85 60 71 57 63 54 86 10 64 100 53 32 7 94 6 58 55 23 100 87 62 91 86 86 47 29 53 40 35 51 56 13 75 61 34 79 23 35 50 99 43 23 88 26 0 23 36 78 39 5 100000 27 32 11 56 39 53 56 77 38 97 64 4 74 21 13 69 83 30 18 91 70 66 95 73 95 95 37 33 54 4 97 91 41 2 51 43 66 0 97 76 14 68 6 97 64 30 37 36 11 68 92 70 64 29 62 11 11 14 76 18 86 86
3 70 47 40 69 66 19 36 75 95 73 55 63 70 98 23 79 12 58 52 18 29 30 97 98 99 54 29 68 87 3 18 46 0 30 71 84 60 19 23 75 81 31 11 82 80 68 6 43 27 13 20 0 29 28 8 23 11 23 23 0 15 35 94 58 17 99 33 84 67 35 67 20 87 49 11 61 4 49 52 69 15 81 35 42 19 51 72 45 27 28 16 15 94 93 69 46 87 22 13 0 60 68 100 85 26 94 87 62 89 98 16 69 27 42 8 24 54 56 63 82 74 48 26 43 54 78 45
5 35 6 86 5 77 2 14 31 95 86 17 10 10 21 0 85 40 81 57 63 56 10 35 98 35 54 22 10 21 18 19 7 40 99 65 52 7 9 49 48 75 71 84 84 21 36 23 38 42 22 46 69 92 52 49 97 40 8 36 15 0 45 59 15 60 60 17 51 45 73 24 70 100000 28 55 71 22 42 55 35 77 37 25 55 12 10 96 84 4 74 21 75 66 45 88 19 42 3 65 16 10 46 19 35 56 34 18 86 38 93 30 22 62 85 95 55 71 23 83 70 62 96 42 97 100000 90 79
18 7 87 30 50 74 18 10 3 11 86 24 96 82 57 67 10 21 14 75 58 55 13 59 32 100000 20 77 51 45 53 100 35 74 12 6 65 42 83 81 95 93 28 53 54 20 58 77 20 15 8 76 98 69 49 46 22 25 44 78 35 45 0 72 43 80 29 10 18 50 67 27 30 98 100 73 24 79 76 69 85 61 60 54 4 98 62 66 32 10 99 20 26 82 42 59 56 70 35 55 71 1 96 39 61 72 16 51 36 21 41 30 7 31 71 6 88 1 80 49 50 18 70 56 48 74 59 15
10 41 23 65 45 62 83 52 45 23 28 86 59 85 100 6 88 13 77 53 62 92 93 43 20 29 58 34 33 30 62 83 91 83 5 42 10 2 80 14 42 60 35 74 1 72 96 18 71 40 98 70 82 47 24 10 34 75 1 39 94 59 72 0 69 68 94 38 70 2 73 94 48 97 100 1 46 50 13 17 41 84 46 69 46 98 9 1 83 65 35 27 68 92 5 55 0 7 100 23 75 86 19 10 79 15 78 23 12 15 77 58 15 54 100 32 63 1 9 29 63 94 60 35 55 51 13 39
15 17 50 22 56 52 45 73 75 67 72 100 15 80 50 22 17 41 28 25 90 5 92 85 65 94 92 51 10 46 48 57 68 35 19 67 26 73 4 94 2 83 10 68 79 63 73 76 79 42 20 1 40 48 80 71 54 65 73 5 58 15 43 69 0 52 92 96 11 72 36 37 59 77 82 28 65 13 54 92 77 47 47 100 56 25 96 54 12 87 27 43 20 46 100000 3 1 89 29 6 37 79 12 71 40 13 52 83 44 70 94 86 0 66 63 32 8 45 76 30 68 93 97 6 27 61 9 88
5 58 26 61 61 32 70 72 21 7 56 20 75 59 70 67 46 40 50 15 15 25 24 36 5 2 31 93 54 17 52 98 66 50 15 50 65 29 99 100000 33 91 58 29 66 89 39 24 69 68 75 31 22 47 36 99 46 23 37 100000 17 60 80 68 52 0 45 36 13 67 43 4 80 78 51 94 33 90 43 41 48 58 39 23 71 31 53 71 63 70 22 100 63 74 23 32 25 19 99 46 100000 83 38 42 50 35 14 36 34 24 59 23 41 27 24 100 30 17 6 88 52 17 100000 60 29 43 58 13
73 16 74 88 80 50 32 74 12 14 72 20 69 32 73 7 94 58 39 65 38 13 12 11 95 27 73 40 58 51 37 10 90 2 26 28 60 47 49 14 75 44 0 11 25 26 7 83 11 100000 17 15 94 78 91 52 95 76 61 27 99 60 29 94 92 45 0 9 15 55 10 84 15 7 89 6 79 79 87 10 18 50 17 38 29 81 80 42 20 53 65 13 86 37 47 74 11 95 60 11 41 70 32 12 49 6 68 17 75 55 64 100000 29 82 42 7 56 24 99 18 62 90 89 35 10 92 66 67
59 39 14 3 10 3 78 81 57 96 46 86 92 100000 73 70 99 71 8 96 31 14 99 57 11 51 66 37 94 10 79 95 91 57 43 13 4 63 54 75 85 16 96 82 25 5 88 10 79 79 8 32 87 46 71 22 46 34 32 32 33 17 10 38 96 36 9 0 26 97 11 18 18 40 19 31 35 33 67 3 28 39 29 24 16 89 36 3 51 61 62 24 44 54 44 59 50 89 25 38 77 64 93 64 38 45 67 96 35 76 89 92 54 28 82 65 81 5 70 84 40 12 34 25 84 62 96 53
100000 15 98 97 25 72 7 54 71 51 75 90 79 17 90 64 100000 15 73 84 26 85 42 75 17 29 1 1 19 44 47 25 84 80 46 45 2 97 2 5 81 91 5 73 55 59 34 34 26 62 72 84 100000 100000 21 48 10 30 74 11 84 51 18 70 11 13 15 26 0 88 26 22 63 24 86 94 48 12 31 60 4 76 14 94 70 18 92 58 55 0 64 71 88 55 13 82 45 28 29 80 49 4 42 100 82 74 69 62 23 58 71 88 100 99 12 23 34 65 48 35 100 96 72 20 90 42 21 6
90 52 49 10 55 53 49 29 4 95 1 90 78 32 94 68 4 100000 16 71 64 64 47 2 21 49 63 67 75 55 52 100000 65 80 61 72 57 32 22 24 9 99 90 66 96 51 55 21 66 62 80 14 31 90 18 40 99 18 10 56 67 45 50 2 72 67 55 97 88 0 73 46 0 84 11 83 52 38 77 94 26 38 27 97 36 100 51 74 14 42 11 66 50 55 74 29 56 70 86 100 27 97 41 34 73 82 50 88 63 3 59 88 45 73 98 40 60 11 97 84 58 42 31 38 87 3 63 4
64 90 43 84 76 53 71 5 46 43 94 65 17 99 30 11 8 45 16 82 63 41 13 72 69 38 62 41 0 47 22 72 96 83 87 24 71 19 51 60 92 98 39 62 88 49 92 76 85 16 33 34 60 10 56 61 78 17 72 39 35 73 67 73 36 43 10 11 26 73 0 2 57 84 7 59 67 86 100 0 68 50 34 67 84 86 39 9 80 90 97 10 89 100000 18 90 37 1 89 59 60 95 22 3 29 90 35 20 31 2 27 71 1 92 32 52 26 98 10 66 8 37 55 84 95 95 54 27
48 80 13 62 37 11 52 36 26 40 88 88 81 9 63 73 29 84 83 37 8 60 28 80 2 98 36 1 57 93 58 39 90 0 82 3 55 58 3 77 34 6 7 49 41 75 16 62 2 6 18 2 32 55 19 39 75 13 76 53 67 24 27 94 37 4 84 18 22 46 2 0 88 69 7 0 76 35 48 96 69 80 54 64 16 99 22 7 46 31 10 22 4 80 80 85 84 53 50 94 36 84 100 53 6 23 67 69 54 29 12 64 52 10 40 90 44 32 97 27 29 36 54 52 4 88 8 29
82 52 84 96 67 3 39 33 14 60 67 55 67 14 26 44 85 29 23 82 7 2 49 68 48 1 100 38 48 42 38 62 92 98 80 85 45 6 29 30 43 82 48 52 5 4 52 87 100000 45 0 64 30 55 38 14 56 19 37 56 20 70 30 48 59 80 15 18 63 0 57 88 0 36 70 57 71 73 63 12 53 51 37 67 85 20 25 25 53 18 68 32 61 25 77 61 82 85 93 89 37 43 94 84 34 13 13 77 85 70 17 32 67 91 51 2 32 36 62 84 11 46 71 77 48 78 30 22
20 49 20 45 31 60 90 70 100000 5 6 50 73 47 75 29 3 65 30 12 55 34 31 33 21 82 31 6 6 80 1 8 47 54 26 35 65 81 73 85 88 75 95 53 39 62 51 27 70 94 63 64 71 95 44 34 83 43 44 77 87 100000 98 97 77 78 7 40 24 84 84 69 36 0 27 100000 66 39 44 37 72 34 50 9 56 88 46 17 42 98 43 23 51 1 83 80 1 75 22 65 74 25 50 57 79 5 15 44 21 98 2 51 5 70 21 17 4 1 98 93 34 56 92 2 84 66 22 94
90 30 86 63 14 98 36 33 32 29 10 5 91 82 38 24 85 92 37 84 71 86 33 54 0 65 63 95 11 86 43 61 56 50 74 97 48 25 54 8 72 71 55 15 10 79 52 40 64 7 86 21 40 76 90 15 65 91 98 38 49 28 100 100 82 51 89 19 86 11 7 7 70 27 0 24 73 56 67 72 74 3 62 14 91 63 21 98 33 28 75 7 86 5 70 65 38 60 38 76 64 3 20 41 16 63 15 76 81 31 72 34 34 90 69 84 72 84 72 93 51 15 5 24 22 13 37 84
48 71 50 79 77 5 26 95 48 7 56 87 68 65 62 68 49 21 53 0 68 60 13 82 97 84 89 100 44 46 27 47 43 5 63 94 24 54 93 38 93 51 68 12 71 76 75 43 83 89 37 31 68 100 55 56 23 48 70 97 11 55 73 1 28 94 6 31 94 83 59 0 57 100000 24 0 31 63 69 86 100000 60 31 86 21 80 83 32 26 23 24 82 16 83 77 42 42 5 3 86 31 36 42 0 52 8 99 95 2 37 97 53 48 28 35 51 78 17 56 89 95 42 23 91 11 56 83 49
53 99 98 43 87 18 99 95 15 99 3 51 51 87 74 1 71 37 32 37 47 47 74 15 60 31 10 31 31 13 7 6 81 55 48 10 6 31 38 44 65 38 39 92 87 65 51 21 65 94 60 90 10 77 49 19 93 47 47 64 61 71 24 46 65 33 79 35 48 52 67 76 71 66 73 31 0 9 1 61 9 95 28 48 92 24 63 74 92 92 20 28 33 79 61 60 5 75 53 33 46 87 25 93 98 41 79 66 75 55 26 29 85 89 59 78 57 64 54 92 46 99 88 29 47 84 78 17
40 50 17 32 77 37 84 77 5 65 41 74 7 75 32 54 54 3 42 39 97 12 6 71 53 72 9 25 10 81 15 24 23 81 49 0 92 20 95 63 61 23 26 47 18 100000 46 65 48 86 25 17 70 55 11 42 48 63 82 4 4 22 79 50 13 90 79 33 12 38 86 35 73 39 56 63 9 0 28 5 64 14 46 47 11 16 39 81 69 36 15 77 77 91 19 1 100 9 49 84 23 94 67 56 75 63 98 82 94 79 46 28 34 84 68 70 31 35 27 42 82 7 20 47 77 28 100 25
57 26 29 8 82 57 35 46 74 40 73 91 3 56 58 82 82 42 46 31 82 37 57 81 21 16 97 32 68 63 62 81 30 82 74 100000 41 74 97 70 91 78 45 65 60 29 87 89 100 81 38 64 48 69 62 31 15 23 26 74 49 42 76 13 54 43 87 67 31 77 100 48 63 44 67 69 1 28 0 5 41 80 4 25 53 39 30 90 98 67 81 53 55 100000 81 84 18 30 90 31 39 69 86 92 33 4 97 90 90 18 37 15 52 99 28 62 43 68 42 1 59 40 1 30 6 54 67 55
32 43 25 98 22 98 34 3 24 33 42 69 82 85 24 3 30 29 90 49 22 82 64 76 19 11 63 43 43 90 72 52 0 20 1 87 45 7 68 11 89 88 32 60 77 24 24 20 2 92 37 56 81 52 84 32 66 8 46 21 52 55 69 17 92 41 10 3 60 94 0 96 12 37 72 86 61 5 5 0 32 6 58 88 83 64 19 49 14 99 32 94 47 49 50 100000 56 86 91 83 14 53 34 11 64 19 71 47 15 31 93 55 11 9 85 48 99 40 39 57 61 4 28 34 87 94 9 77
18 100000 83 78 51 36 63 53 53 29 52 37 71 70 36 27 70 86 37 4 21 17 12 84 53 1 76 53 15 1 67 9 95 87 10 26 48 47 73 46 41 100000 20 66 29 11 28 54 75 41 33 87 60 32 91 7 69 10 81 13 69 35 85 41 77 48 18 28 4 26 68 69 53 72 74 100000 9 64 41 32 0 90 96 83 47 30 12 39 63 65 48 62 94 89 38 42 21 60 5 1 12 16 44 28 75 83 36 20 78 69 90 23 83 8 67 82 37 60 16 45 11 52 28 56 17 21 33 38
89 46 74 67 61 84 24 51 90 46 86 93 63 27 22 88 73 0 23 52 85 55 38 21 25 18 18 38 78 31 65 64 79 53 89 38 18 39 91 71 42 19 71 56 28 50 76 5 75 71 12 99 86 10 51 74 40 3 39 69 15 77 61 84 47 58 50 39 76 38 50 80 51 34 3 60 95 14 80 6 90 0 59 9 97 76 19 97 44 35 34 25 64 95 4 75 92 15 93 59 26 25 2 74 72 6 2 39 21 91 36 74 19 22 76 38 78 12 83 94 25 49 60 96 75 48 81 20
74 54 50 79 85 100 57 15 97 56 91 37 58 43 72 84 61 14 40 42 19 43 77 80 16 64 24 54 73 79 28 37 70 36 28 89 29 49 66 89 44 64 23 73 96 23 74 56 74 54 30 72 80 39 20 10 62 62 25 83 81 37 60 46 47 39 17 29 14 27 34 54 37 50 62 31 28 46 4 58 96 59 0 66 18 36 46 12 33 73 84 97 17 1 90 78 33 39 73 28 19 55 38 17 24 75 48 24 39 87 61 27 36 81 29 29 22 5 16 50 97 60 31 9 23 34 94 82
31 76 70 87 84 49 51 98 94 14 19 99 55 30 76 19 42 92 16 25 84 45 91 2 93 38 50 59 51 4 16 92 4 59 26 13 16 75 76 13 54 53 97 15 100000 30 45 78 9 13 80 84 67 56 35 47 30 88 100000 30 35 25 54 69 100 23 38 24 94 97 67 64 67 9 14 86 48 47 25 88 83 9 66 0 86 69 14 3 19 74 74 20 36 100000 76 89 22 48 27 50 43 85 99 21 3 50 16 20 54 9 52 52 43 16 52 73 93 89 39 34 50 31 28 15 66 5 9 21
65 74 65 15 73 83 34 12 12 78 20 3 4 62 89 10 80 75 67 87 85 64 72 47 97 56 8 33 8 2 52 41 84 33 34 39 33 15 44 47 6 100000 79 81 99 6 16 59 96 31 37 100000 62 65 89 100 65 22 93 18 42 55 4 46 56 71 29 16 70 36 84 16 85 56 91 21 92 11 53 83 47 97 18 86 0 60 87 38 94 79 85 17 100000 28 24 52 70 56 91 43 84 17 10 73 24 47 73 51 42 80 14 71 3 95 26 26 69 21 72 17 51 75 88 92 69 0 99 28
54 37 85 7 15 18 87 40 31 68 62 3 14 22 18 44 81 41 22 24 44 34 100000 89 95 100 98 97 34 19 84 64 71 6 26 32 22 37 96 37 3 67 75 12 8 68 73 26 3 66 95 63 47 88 45 71 100 39 51 91 19 12 98 98 25 31 81 89 18 100 86 99 20 88 63 80 24 16 39 64 30 76 36 69 60 0 9 25 73 0 12 75 23 93 84 9 28 22 64 13 35 86 32 73 24 27 81 38 70 12 9 44 72 81 52 61 91 82 66 0 68 27 10 14 70 57 64 98
67 10 76 78 59 17 9 74 75 62 54 71 19 88 76 38 74 91 37 100 2 52 94 66 45 62 10 73 100 26 80 87 63 33 75 59 59 33 70 31 3 4 30 49 0 97 89 13 69 45 19 59 26 23 65 0 91 72 82 70 51 10 62 9 96 53 80 36 92 51 39 22 25 46 21 83 63 39 30 19 12 19 46 14 87 9 0 21 46 11 26 25 30 93 63 68 94 36 43 33 3 99 35 16 29 51 62 5 17 92 66 24 61 25 94 39 47 2 90 23 53 31 45 57 62 68 54 24
18 90 6 19 80 82 13 27 49 31 49 61 49 67 58 26 42 93 3 5 1 18 89 15 8 54 36 10 39 63 13 98 83 37 4 9 11 49 89 90 31 32 99 16 56 14 51 56 32 98 19 88 93 5 33 66 77 17 44 66 72 96 66 1 54 71 42 3 58 74 9 7 25 17 98 32 74 81 90 49 39 97 12 3 38 25 21 0 52 95 13 65 74 91 77 8 79 14 12 26 61 54 72 74 33 36 93 19 25 73 76 34 63 52 41 70 57 23 94 95 73 87 17 17 5 79 60 44
98 97 41 17 45 93 45 4 15 3 67 32 64 74 6 24 45 64 62 67 8 43 18 15 91 45 64 48 100000 11 85 6 3 65 4 68 74 49 89 34 86 91 9 78 39 41 75 80 63 53 90 100 60 20 6 32 53 71 70 95 45 84 32 83 12 63 20 51 55 14 80 46 53 42 33 26 92 69 98 14 63 44 33 19 94 73 46 52 0 47 21 89 17 71 79 62 68 89 17 24 29 62 66 66 68 100 82 91 10 98 66 2 67 33 9 85 41 81 98 21 23 40 8 31 32 8 76 94
48 26 50 3 58 40 77 23 80 7 95 26 76 55 50 15 2 78 67 32 69 44 8 10 65 40 4 68 12 9 78 54 100 37 74 16 22 35 71 29 88 82 48 86 97 13 50 75 51 80 57 94 62 91 60 23 78 30 89 73 27 4 10 65 87 70 53 61 0 42 90 31 18 98 28 23 92 36 67 99 65 35 73 74 79 0 11 95 47 0 39 17 14 37 13 58 96 44 14 94 79 29 55 55 20 50 88 53 37 53 80 38 3 66 46 87 22 26 9 94 86 11 54 27 46 4 11 31
50 57 72 44 97 33 98 89 72 70 64 65 50 36 72 8 14 86 36 40 42 57 58 75 48 48 13 72 29 67 64 13 28 72 65 5 30 70 5 4 88 97 19 23 89 56 34 7 14 41 60 92 60 2 73 75 10 100 14 95 28 74 99 35 27 22 65 62 64 11 97 10 68 43 75 24 20 15 81 32 48 34 84 74 85 12 26 13 21 39 0 71 12 41 11 78 84 53 38 86 5 61 46 92 75 9 84 100 100 63 36 76 16 66 8 63 80 93 5 20 22 61 3 80 64 13 35 88
40 60 61 16 99 52 45 85 92 26 76 85 47 34 25 53 42 69 22 36 49 55 38 0 12 69 95 44 35 64 16 45 66 14 87 27 71 93 31 64 84 12 55 26 89 83 35 6 0 89 3 98 5 68 73 39 60 92 32 95 16 21 20 27 43 100 13 24 71 66 10 22 32 23 7 82 28 77 53 94 62 25 97 20 17 75 25 65 89 17 71 0 3 73 58 98 14 42 89 7 28 40 86 85 100000 87 60 78 24 34 11 99 1 99 39 97 0 27 66 45 82 77 87 92 12 68 35 100000
97 44 74 76 82 59 59 84 98 15 49 39 58 92 73 6 92 1 83 99 19 45 86 96 12 94 71 0 25 39 90 95 84 14 63 44 71 48 76 79 76 70 80 0 49 83 69 16 85 100 1 83 8 64 80 11 100 32 43 37 15 75 26 68 20 63 86 44 88 50 89 4 61 51 86 16 33 77 55 47 94 64 17 36 100000 23 30 74 17 14 12 3 0 31 42 91 94 52 83 83 32 35 38 11 87 65 54 26 51 92 47 23 59 38 43 29 75 24 46 55 13 62 95 88 18 80 53 69
55 39 89 14 47 19 65 100 64 44 92 2 43 22 96 63 24 84 10 98 95 24 71 70 5 83 39 72 11 1 85 47 65 100000 4 44 93 3 91 91 49 81 2 62 25 38 23 99 77 19 35 87 1 38 43 62 71 28 15 33 94 66 82 92 46 74 37 54 55 55 100000 80 25 1 5 83 79 91 100000 49 89 95 1 100000 28 93 93 91 71 37 41 73 31 0 23 7 76 6 29 63 100000 89 29 100000 42 100000 50 2 26 57 17 40 73 37 19 55 11 9 25 37 27 36 5 100 4 88 22 99
72 97 34 7 45 31 13 57 6 95 10 49 95 55 55 28 24 40 48 76 4 57 60 47 43 97 72 29 3 30 80 95 33 19 37 13 93 62 52 70 6 90 91 100 71 75 97 90 12 27 76 39 1 51 63 92 62 15 54 54 93 45 42 5 100000 23 47 44 13 74 18 80 77 83 70 77 61 19 81 50 38 4 90 76 24 84 63 77 79 13 11 58 42 23 0 2 93 60 86 41 3 47 83 28 18 27 60 55 100 3 49 9 20 14 51 7 72 41 12 42 26 61 64 98 65 79 13 47
62 50 70 95 17 52 67 12 61 10 53 41 98 9 72 5 47 98 3 28 53 53 79 9 56 49 27 56 32 23 61 37 81 55 65 59 47 47 77 42 58 64 80 83 100000 27 91 84 86 36 64 71 34 75 10 31 4 11 89 4 69 88 59 55 3 32 74 59 82 29 90 85 61 80 65 42 60 1 84 100000 42 75 78 89 52 9 68 8 62 58 78 98 91 7 2 0 61 8 97 30 67 37 74 91 10 63 88 28 49 16 46 0 69 22 47 11 13 20 17 78 55 41 28 47 38 31 13 38
49 45 15 56 91 53 100000 85 63 5 60 10 85 14 89 21 7 8 93 38 12 48 13 23 31 15 82 1 30 92 22 45 91 66 3 97 41 58 64 2 73 20 10 2 25 39 5 34 33 74 80 34 34 87 62 61 53 66 97 97 46 19 56 0 1 25 11 50 45 56 37 84 82 1 38 42 5 100 18 56 21 92 33 22 70 28 94 79 68 96 84 14 94 76 93 61 0 62 20 96 54 74 55 23 10 47 55 60 34 94 94 61 6 57 96 45 91 13 44 65 5 60 71 70 19 46 55 61
95 72 70 17 41 36 11 35 9 17 26 39 91 17 30 79 100000 50 12 62 19 50 84 65 5 75 93 62 13 62 84 12 56 61 0 94 31 66 24 27 45 93 80 47 99 64 14 71 40 69 45 74 1 63 8 85 43 77 27 91 87 42 70 7 89 19 95 89 28 70 1 53 85 75 60 5 75 9 30 86 60 15 39 48 56 22 36 14 89 44 53 42 52 6 60 8 62 0 11 48 15 45 4 90 99 9 55 30 44 7 33 30 90 85 66 75 84 34 45 52 47 58 89 7 45 52 31 1
3 12 82 48 74 4 63 68 38 15 7 4 72 54 100000 30 86 97 16 14 57 28 100000 81 59 38 88 58 62 6 68 82 75 11 59 66 68 4 20 31 52 91 6 98 27 14 17 26 26 23 22 74 27 92 21 37 92 100000 56 41 22 3 35 100 29 99 60 25 29 86 89 50 93 22 38 3 53 49 90 91 5 93 73 27 91 64 43 12 17 14 38 89 83 29 86 97 20 11 0 72 100 0 97 56 46 40 51 68 83 31 84 41 97 97 85 92 7 8 7 44 100 100 71 63 20 94 15 39
76 29 62 59 37 91 36 56 66 100000 100000 98 76 1 18 93 89 4 23 23 64 70 99 92 17 96 87 87 46 18 68 56 88 84 93 36 67 24 64 73 3 30 100 96 76 36 64 67 32 98 69 79 5 46 38 10 24 48 88 2 13 65 55 23 6 46 11 38 80 100 59 94 89 65 76 86 33 84 31 83 1 59 28 50 43 13 33 26 24 94 86 7 83 63 41 30 96 48 72 0 14 48 98 12 37 6 70 27 89 47 14 37 68 51 77 2 45 5 84 35 42 48 50 44 8 11 55 5
34 84 48 10 41 68 37 67 3 79 11 82 74 41 100000 78 95 77 91 39 94 87 46 35 48 83 84 82 48 19 79 20 33 82 57 23 48 77 77 9 64 91 46 53 83 94 35 30 33 29 65 31 9 38 64 7 95 79 6 51 0 16 71 75 37 100000 41 77 49 27 60 36 37 74 64 31 46 23 39 14 12 26 19 43 84 35 3 61 29 79 5 28 32 100000 3 67 54 15 100 14 0 80 8 72 33 39 90 22 64 95 19 82 79 50 61 42 23 52 24 59 68 99 85 27 59 73 90 97
39 24 56 17 48 36 49 25 2 88 15 93 38 92 26 23 30 16 65 82 85 21 94 97 47 4 38 3 35 33 14 24 37 17 89 6 7 30 71 78 81 100000 34 76 72 85 37 3 50 69 83 13 99 52 27 52 54 84 7 43 60 10 1 86 79 83 70 64 4 97 95 84 43 25 3 36 87 94 69 53 16 25 55 85 17 86 99 54 62 29 61 40 35 89 47 37 74 45 0 48 80 0 82 42 56 5 7 62 87 76 5 67 28 34 100000 22 42 36 16 14 12 73 83 79 81 73 31 19
76 93 9 49 33 21 61 80 1 95 2 67 12 40 67 56 86 26 90 0 81 1 79 93 78 4 25 51 36 61 4 94 44 65 86 62 18 99 93 78 87 84 86 12 55 11 53 11 58 33 43 52 30 19 17 59 38 7 7 66 68 46 96 19 12 38 32 93 42 41 22 100 94 50 20 42 25 67 86 34 44 2 38 99 10 32 35 72 66 55 46 86 38 29 83 74 55 4 97 98 8 82 0 90 37 19 84 19 62 92 27 15 79 84 21 12 94 100 16 1 31 98 75 37 35 49 86 79
28 78 15 95 40 67 94 95 4 49 52 39 75 95 32 40 14 4 5 14 74 80 20 13 14 95 93 79 24 51 74 92 81 69 1 5 88 79 40 16 35 43 76 90 5 3 12 44 1 73 26 84 97 65 4 30 37 19 90 0 100 19 39 10 71 42 12 64 100 34 3 53 84 57 41 0 93 56 92 11 28 74 17 21 73 73 16 74 66 55 92 85 11 100000 28 91 23 90 56 12 72 42 90 0 54 11 77 58 45 28 18 76 92 35 50 80 40 6 82 26 61 83 40 97 26 70 6 77
12 13 92 72 82 96 30 31 93 95 82 18 51 36 70 49 62 83 19 52 57 100 64 84 50 99 59 18 39 23 4 41 12 4 62 37 37 51 87 5 37 74 52 22 45 92 25 44 39 94 70 46 80 86 53 66 51 97 9 97 85 35 61 79 40 50 49 38 82 73 29 6 34 79 16 52 98 75 33 64 75 72 24 3 24 24 29 33 68 20 75 100000 87 42 18 10 10 99 46 37 33 56 37 54 0 65 39 37 16 65 77 52 44 37 57 77 8 95 75 97 95 30 38 54 95 54 32 16
49 4 73 22 27 98 23 84 5 16 45 98 52 7 20 98 72 5 80 19 70 39 90 5 38 42 60 10 16 42 64 6 5 45 64 51 55 70 100 15 74 73 1 66 10 27 47 2 84 29 51 12 7 5 71 88 29 10 51 76 26 56 72 15 13 35 6 45 74 82 90 23 13 5 63 8 41 63 4 19 83 6 75 50 47 27 51 36 100 50 9 87 65 100000 27 63 47 9 40 6 39 5 19 11 65 0 88 60 33 53 87 0 57 21 34 48 65 8 19 53 28 91 51 96 21 100 17 12
97 96 37 25 26 68 100 90 60 47 92 22 17 19 4 97 5 88 74 86 2 42 75 47 82 53 72 47 33 31 13 35 100 71 20 73 70 73 89 60 8 70 33 81 99 81 47 88 41 72 33 12 65 45 67 6 24 86 42 14 94 34 16 78 52 14 68 67 69 50 35 67 13 15 15 99 79 98 97 71 36 2 48 16 73 81 62 93 82 88 84 60 54 50 60 88 55 55 51 70 90 7 84 77 39 88 0 60 3 82 57 31 79 5 47 60 71 34 87 37 52 80 35 6 63 58 42 33
74 99 46 65 90 82 56 82 79 59 49 27 32 11 77 21 22 25 14 12 69 77 94 16 96 8 94 1 44 82 52 24 92 79 75 49 79 31 14 30 28 85 74 93 17 6 48 48 64 92 55 70 45 28 65 76 1 96 76 68 87 18 51 23 83 36 17 96 62 88 20 69 77 44 76 95 66 82 90 47 20 39 24 20 51 38 5 19 91 53 100 78 26 2 55 28 60 30 68 27 22 62 19 58 37 60 60 0 8 12 79 14 2 32 68 97 50 90 12 5 67 78 63 14 29 56 13 61
98 49 50 72 95 8 66 38 72 36 23 23 57 47 100 42 42 63 73 59 83 67 47 90 45 99 15 68 16 55 1 81 93 63 85 99 97 73 30 21 25 44 61 76 61 33 89 60 65 14 92 87 70 5 13 25 27 60 35 6 62 86 36 12 44 34 75 35 23 63 31 54 85 21 81 2 75 94 90 15 78 21 39 54 42 70 17 25 10 37 100 24 51 26 100 49 34 44 83 89 64 87 62 45 16 33 3 8 0 20 46 79 82 5 98 58 37 13 27 59 58 39 25 96 68 22 87 92
74 87 54 79 82 28 100000 75 5 22 51 90 86 58 80 84 95 7 27 71 76 59 98 54 28 56 80 37 2 98 97 33 28 67 95 57 5 16 6 30 53 28 91 46 96 87 21 16 30 77 92 41 9 96 26 93 15 98 25 97 89 38 21 15 70 24 55 76 58 3 2 29 70 98 31 37 55 79 18 31 69 91 87 9 80 12 92 73 98 53 63 34 92 57 3 16 94 7 31 47 95 76 92 28 65 53 82 12 20 0 19 70 21 8 24 96 28 5 83 24 9 78 17 14 60 17 40 17
2 47 99 10 8 41 98 1 22 3 95 8 59 37 67 12 19 76 83 1 5 48 0 44 91 49 48 83 83 18 36 41 58 14 9 37 100000 100 29 89 30 27 98 12 48 93 32 52 69 42 98 58 0 81 48 13 50 63 100 64 98 93 41 77 94 59 64 89 71 59 27 12 17 2 72 97 26 46 37 93 90 36 61 52 14 9 66 76 66 80 36 11 47 17 49 46 94 33 84 14 19 5 27 18 77 87 57 79 46 19 0 38 44 41 85 25 83 16 34 26 81 16 42 73 53 99 67 34
46 64 15 53 8 11 80 52 59 84 9 42 81 32 27 33 27 52 44 100 6 80 61 42 84 16 15 88 85 52 47 36 60 13 52 78 42 91 92 88 11 97 80 54 85 6 93 100000 88 54 20 66 19 39 13 90 36 7 79 30 16 30 30 58 86 23 100000 92 88 88 71 64 32 51 34 53 29 28 15 55 23 74 27 52 71 44 24 34 2 38 76 99 23 40 9 0 61 30 41 37 82 67 15 76 52 0 31 14 79 70 38 0 1 6 9 82 64 66 47 50 73 68 94 42 81 61 68 50
64 64 60 86 91 30 89 6 1 24 36 90 65 20 33 92 26 86 64 80 50 74 67 35 46 84 39 7 56 94 36 17 88 23 74 71 94 61 22 46 35 38 85 0 9 73 68 78 56 29 7 53 88 57 90 86 66 73 78 37 69 22 7 15 0 41 29 54 100 45 1 52 67 5 34 48 85 34 52 11 83 19 36 43 3 72 61 63 67 3 16 1 59 73 20 69 6 90 97 68 79 28 79 92 44 57 79 2 82 21 44 1 0 46 68 76 66 68 58 76 31 47 35 91 16 56 12 87
17 57 98 37 95 11 3 25 71 18 16 26 40 11 39 26 67 18 91 69 20 17 28 83 72 99 70 11 36 98 88 88 38 47 37 18 44 53 97 48 18 9 20 20 25 8 37 33 42 65 32 27 85 11 76 21 64 70 22 36 27 62 31 54 66 27 82 28 99 73 92 10 91 70 90 28 89 84 99 9 8 22 81 16 95 81 25 52 33 66 66 99 38 37 14 22 57 85 97 51 50 34 84 35 37 21 5 32 5 8 41 6 46 0 91 36 75 54 56 65 49 69 17 34 32 100000 31 50
55 68 64 31 27 87 90 91 22 42 73 25 67 95 33 90 87 53 100000 18 45 44 15 83 60 18 93 32 73 90 4 56 97 10 60 51 67 34 48 58 40 23 12 69 91 58 72 43 9 100 4 25 71 42 25 25 98 6 10 11 42 85 71 100 63 24 42 82 12 98 32 40 51 21 69 35 59 68 28 85 67 76 29 52 26 52 94 41 9 46 8 39 43 19 51 47 96 66 85 77 61 100000 21 50 57 34 47 68 98 24 85 9 68 91 0 43 5 25 85 79 77 40 29 49 51 18 40 73
44 55 6 38 88 23 31 13 91 92 73 74 58 37 78 80 55 94 93 88 33 64 85 82 32 89 37 95 79 53 81 42 82 91 40 67 100 15 56 77 60 71 20 32 87 89 27 20 88 53 44 93 79 95 79 32 75 38 15 68 8 95 6 32 32 100 7 65 23 40 52 90 2 17 84 51 78 70 62 48 82 38 29 73 26 61 39 70 85 87 63 97 29 55 7 11 45 75 92 2 42 22 12 80 77 48 60 97 58 96 25 82 76 36 43 0 75 54 79 97 95 20 7 62 3 100 98 65
47 11 28 21 80 13 26 34 77 6 3 2 79 82 39 30 1 15 22 49 9 2 59 55 29 29 84 84 31 96 26 49 100 50 95 36 73 56 98 45 77 62 4 19 73 69 22 47 78 73 98 10 15 46 53 78 88 20 16 92 24 55 88 63 8 30 56 81 34 60 26 44 32 4 72 78 57 31 43 99 37 78 22 93 69 91 47 57 41 22 80 0 75 11 72 13 91 84 7 45 23 42 94 40 8 65 71 50 37 28 83 64 66 75 5 75 0 96 52 21 14 68 21 21 27 56 17 16
35 16 15 41 47 76 89 81 79 58 72 29 12 3 23 69 76 96 42 88 94 55 76 83 63 19 13 7 96 31 31 20 14 70 95 30 24 47 62 31 25 32 77 58 44 21 10 27 63 100000 27 39 54 43 35 60 11 70 16 70 54 71 1 1 45 17 24 5 65 11 98 32 36 1 84 17 64 35 68 40 60 12 5 89 21 82 2 23 81 26 93 27 24 9 41 20 13 34 8 5 52 36 100 6 95 8 34 90 13 5 16 66 68 54 25 54 96 0 99 17 6 49 92 35 55 94 26 75
54 88 68 50 43 89 57 90 53 54 0 65 33 99 43 54 48 91 0 26 96 50 96 11 77 1 29 26 47 87 23 4 31 71 6 25 46 30 15 3 65 20 99 47 6 23 52 82 22 97 76 23 87 14 84 16 98 21 54 64 56 23 80 9 76 6 99 70 48 97 10 97 62 98 72 56 54 27 42 39 16 83 16 39 72 66 90 94 98 9 5 66 46 25 12 17 44 45 7 84 24 16 16 82 75 19 87 12 27 83 34 47 58 56 85 79 52 99 0 48 35 8 23 17 61 38 23 26
30 53 16 21 6 66 94 20 80 58 19 48 89 71 63 89 76 25 95 100000 86 28 100000 6 94 3 87 55 99 16 95 91 43 75 42 43 66 68 44 21 14 72 3 79 48 13 63 91 15 34 62 35 92 93 88 44 21 24 55 29 63 83 49 29 30 88 18 84 35 84 66 27 84 93 93 89 92 42 1 57 45 94 50 34 17 0 23 95 21 94 20 45 55 37 42 78 65 52 44 35 59 14 1 26 97 53 37 5 59 24 26 50 76 65 79 97 21 17 48 0 76 6 56 100000 92 6 53 69
88 22 100 69 75 77 91 69 39 26 73 91 46 13 1 75 62 3 48 77 26 45 58 47 53 35 16 78 33 20 63 81 46 13 60 82 0 70 19 90 85 20 50 53 98 3 94 47 95 29 72 74 57 25 0 43 10 14 45 62 82 70 50 63 68 52 62 40 100 58 8 29 11 34 51 95 46 82 59 61 11 25 97 50 51 68 53 73 23 86 22 82 13 27 26 55 5 47 100 42 68 12 31 61 95 28 52 67 58 9 81 73 31 49 77 95 14 6 35 76 0 86 39 43 9 34 100000 20
32 51 65 92 95 73 96 52 93 42 60 31 3 1 27 34 65 18 63 47 98 60 22 32 46 16 94 90 7 25 78 89 15 44 37 31 40 11 75 50 59 85 29 84 65 49 85 26 62 55 79 62 78 66 29 71 76 87 64 11 74 62 18 94 93 17 90 12 96 42 37 36 46 56 15 42 99 7 40 4 52 49 60 31 75 27 31 87 40 11 61 77 62 36 61 41 60 58 100 48 99 73 98 83 30 91 80 78 39 78 16 68 47 69 40 20 68 49 8 6 86 0 66 19 75 23 56 91
92 24 16 9 100000 51 45 18 75 28 60 20 82 58 55 24 7 97 4 38 50 15 68 3 37 9 0 64 24 8 7 98 20 60 72 51 53 4 90 76 50 93 91 2 89 41 88 5 87 64 86 25 100 94 41 33 34 44 28 11 48 96 70 60 97 100000 89 34 72 31 55 54 71 92 5 23 88 20 1 28 28 60 31 28 88 10 45 17 8 54 3 87 95 5 64 28 71 89 71 50 85 83 75 40 38 51 35 63 25 17 42 94 35 17 29 7 21 92 23 56 39 66 0 75 96 31 48 40
9 92 4 91 36 39 83 16 40 9 90 86 0 39 78 44 17 47 26 29 2 51 12 90 79 81 57 13 69 4 55 15 9 20 99 79 66 7 49 92 25 59 13 19 79 36 51 59 83 48 55 97 83 20 96 70 90 19 2 14 26 42 56 35 6 60 35 25 20 38 84 52 77 2 24 91 29 47 30 34 56 96 9 15 92 14 57 17 31 27 80 92 88 100 98 47 70 7 63 44 27 79 37 97 54 96 6 14 96 14 73 42 91 34 49 62 21 35 17 100000 43 19 75 0 25 50 82 64
98 91 98 0 39 5 58 83 56 71 9 83 57 17 85 62 75 21 57 80 25 72 89 59 23 85 75 7 30 37 54 68 35 86 76 6 64 79 23 17 51 68 80 27 12 84 75 23 26 60 47 93 9 72 9 93 92 96 74 76 43 97 48 55 27 29 10 84 90 87 95 4 48 84 22 11 47 77 6 87 17 75 23 66 69 70 62 5 32 46 64 12 18 4 65 38 19 45 20 8 59 81 35 26 95 21 63 29 68 60 53 81 16 32 51 3 27 55 61 92 9 75 96 25 0 29 78 18
45 18 4 46 23 45 24 36 85 54 59 74 90 23 19 48 44 18 7 31 34 56 61 32 100000 71 71 76 81 51 95 24 79 8 97 38 96 86 0 3 77 67 40 66 94 74 26 45 70 78 45 51 68 13 95 47 83 87 7 18 54 100000 74 51 61 43 92 62 42 3 95 88 78 66 13 56 84 28 54 94 21 48 34 5 0 57 68 79 8 4 13 68 80 88 79 31 46 52 94 11 73 73 49 70 54 100 58 56 22 17 99 61 56 100000 18 100 56 94 38 6 34 23 31 50 29 0 2 54
9 69 75 12 71 95 39 34 35 97 47 5 50 60 14 39 70 73 37 71 83 93 95 4 14 31 84 22 60 90 45 30 20 42 14 39 16 5 76 98 48 77 9 98 57 67 13 36 90 6 3 20 14 26 100000 11 48 68 22 86 78 90 59 13 9 58 66 96 21 63 54 8 30 22 37 83 78 100 67 9 33 81 94 9 99 64 54 60 76 11 35 35 53 22 13 13 55 31 15 55 90 31 86 6 32 17 42 13 87 40 67 68 12 31 40 98 17 26 23 53 100000 56 48 82 78 2 0 96
13 93 44 41 61 76 14 30 31 47 24 34 92 100000 29 85 17 48 32 51 70 9 43 14 80 41 91 30 65 49 31 98 94 96 73 89 62 43 78 40 19 18 29 64 100000 68 72 80 52 41 95 83 73 90 52 64 20 25 72 86 45 79 15 39 88 13 67 53 6 4 27 29 22 94 84 49 17 25 55 77 38 20 82 21 28 98 24 44 94 31 88 100000 69 99 47 38 61 1 39 5 97 19 79 77 16 12 33 61 92 17 34 50 87 50 73 65 16 75 26 69 20 91 40 64 18 54 96 0
