32
0 12 20 15 16 21 17 18 15 15 16 15 22 14 21 15 30 16 0 18 15 11 8 14 9 1 10 16 15 24 12 20
12 0 12 4 9 11 7 8 5 5 22 10 16 4 10 4 19 5 12 8 5 1 4 4 3 11 4 10 5 14 6 10
20 12 0 12 17 15 11 18 7 7 25 18 23 8 100000 12 27 11 20 12 10 11 13 16 12 19 13 13 10 18 9 15
15 4 12 0 5 11 7 12 5 5 20 6 13 4 6 0 15 1 15 8 7 5 7 8 7 14 8 9 7 14 5 11
16 9 17 5 0 16 12 17 10 10 15 1 8 9 11 5 20 6 16 13 12 10 12 13 12 17 13 100000 12 19 10 16
21 11 15 11 16 0 10 19 8 8 28 17 22 7 17 11 26 10 21 11 11 10 13 15 12 20 13 18 11 17 14 14
17 7 11 7 12 10 0 15 100000 4 26 13 17 3 13 7 20 6 17 1 7 6 9 11 8 16 9 14 7 7 10 4
18 8 18 12 17 19 15 0 13 13 24 18 13 12 18 12 27 13 18 16 13 9 12 4 11 19 12 13 13 22 9 15
15 5 7 5 10 8 100000 13 0 0 25 11 16 1 11 5 20 4 15 5 3 4 7 9 6 14 7 14 3 11 100000 8
15 5 7 5 10 8 4 13 0 0 24 11 16 1 11 5 20 4 15 5 3 4 7 9 6 14 7 12 3 11 8 8
16 22 25 20 15 28 26 24 25 24 0 14 21 100000 15 20 23 20 16 27 25 21 20 100000 19 15 20 12 25 33 16 30
15 10 18 6 1 17 13 18 11 11 14 0 7 10 12 6 21 7 15 14 13 11 13 14 13 16 14 15 13 20 11 17
22 16 23 13 8 22 17 13 16 16 21 7 0 15 19 13 28 12 22 16 19 17 15 17 16 22 17 14 19 22 16 19
14 4 8 4 9 7 3 12 1 1 100000 10 15 0 10 4 100000 3 14 4 4 3 6 8 5 13 6 11 4 10 7 7
21 10 100000 6 11 17 13 18 11 11 15 12 19 10 0 6 9 7 21 14 13 11 13 14 13 20 14 15 13 18 11 17
15 4 12 0 5 11 7 12 5 5 20 6 13 4 6 0 15 1 15 8 7 5 7 8 7 14 8 9 7 14 5 11
30 19 27 15 20 26 20 27 20 20 23 21 28 100000 9 15 0 16 30 21 22 20 22 23 22 29 23 24 22 27 20 24
16 5 11 1 6 10 6 13 4 4 20 7 12 3 7 1 16 0 16 7 7 6 8 9 7 15 8 8 7 13 4 10
0 12 20 15 16 21 17 18 15 15 16 15 22 14 21 15 30 16 0 18 15 11 8 14 9 1 10 16 15 24 12 20
18 8 12 8 13 11 1 16 5 5 27 14 16 4 14 8 21 7 18 0 8 7 10 12 9 17 10 15 8 6 11 3
15 5 10 7 12 11 7 13 3 3 25 13 19 4 13 7 22 7 15 8 0 4 7 9 6 14 7 13 0 14 9 5
11 1 11 5 10 10 6 9 4 4 21 11 17 3 11 5 20 6 11 7 4 0 3 5 2 10 3 9 4 13 5 9
8 4 13 7 12 13 9 12 7 7 20 13 15 6 13 7 22 8 8 10 7 3 0 8 1 7 2 8 7 16 4 12
14 4 16 8 13 15 11 4 9 9 100000 14 17 8 14 8 23 9 14 12 9 5 8 0 7 15 8 14 9 18 10 11
9 3 12 7 12 12 8 11 6 6 19 13 16 5 13 7 22 7 9 9 6 2 1 7 0 8 1 7 6 15 3 11
1 11 19 14 17 20 16 19 14 14 15 16 22 13 20 14 29 15 1 17 14 10 7 15 8 0 9 15 14 23 11 19
10 4 13 8 13 13 9 12 7 7 20 14 17 6 14 8 23 8 10 10 7 3 2 8 1 9 0 8 7 16 4 12
16 10 13 9 100000 18 14 13 14 12 12 15 14 11 15 9 24 8 16 15 13 9 8 14 7 15 8 0 13 21 4 18
15 5 10 7 12 11 7 13 3 3 25 13 19 4 13 7 22 7 15 8 0 4 7 9 6 14 7 13 0 14 9 5
24 14 18 14 19 17 7 22 11 11 33 20 22 10 18 14 27 13 24 6 14 13 16 18 15 23 16 21 14 0 17 9
12 6 9 5 10 14 10 9 100000 8 16 11 16 7 11 5 20 4 12 11 9 5 4 10 3 11 4 4 9 17 0 14
20 10 15 11 16 14 4 15 8 8 30 17 19 7 17 11 24 10 20 3 5 9 12 11 11 19 12 18 5 9 14 0
