32
0 6 3 11 3 15 18 20 9 17 11 15 16 11 7 15 20 11 9 20 12 14 14 11 20 13 8 8 3 11 22 20
6 0 9 17 9 21 23 20 15 22 17 21 22 17 13 21 25 17 15 26 18 20 20 17 21 19 14 14 9 17 20 25
3 9 0 8 0 12 15 17 11 14 8 12 13 8 4 12 17 14 100000 18 9 11 11 8 17 10 5 5 0 8 17 17
11 17 8 0 8 15 20 15 9 19 16 19 19 11 12 15 21 22 13 17 17 9 9 16 15 8 13 3 8 11 15 22
3 9 0 8 0 12 11 3 11 12 8 12 7 8 4 12 9 14 6 18 9 11 11 8 17 10 5 5 0 8 3 13
15 21 12 15 12 0 8 15 9 7 14 12 13 4 16 8 10 26 14 14 13 7 7 20 19 12 17 15 12 4 15 10
18 23 15 20 11 8 0 8 17 1 14 17 7 9 19 13 2 29 14 19 15 12 12 16 24 17 17 20 15 9 8 2
20 20 17 15 3 15 8 0 24 9 21 19 4 11 14 15 6 31 9 21 20 11 11 10 21 14 22 18 17 11 0 10
9 15 11 9 11 9 17 24 0 16 13 17 22 13 15 17 19 20 16 11 14 16 16 19 18 11 10 6 11 13 24 19
17 22 14 19 12 7 1 9 16 0 15 16 6 8 18 12 3 28 13 18 16 11 11 15 23 16 18 19 14 8 9 3
11 17 8 16 8 14 14 21 13 15 0 10 21 10 12 14 16 22 14 19 1 10 10 16 23 16 3 13 8 10 21 16
15 21 12 19 12 12 17 19 17 16 10 0 22 8 16 12 19 26 13 18 11 11 11 20 23 16 7 17 12 8 19 19
16 22 13 19 7 13 7 4 22 6 21 22 0 14 17 18 9 27 13 24 22 15 15 14 25 18 18 18 13 14 4 9
11 17 8 11 8 4 9 11 13 8 10 8 14 0 12 4 11 22 10 10 9 3 3 16 15 8 13 13 8 0 11 11
7 13 4 12 4 16 19 14 15 18 12 16 17 12 0 16 20 18 10 22 13 15 15 4 100000 14 9 9 4 12 14 17
15 21 12 15 12 8 13 15 17 12 14 12 18 4 16 0 15 26 14 6 13 7 7 20 19 12 17 17 12 4 15 15
20 25 17 21 9 10 2 6 19 3 16 19 9 11 20 15 0 31 15 21 17 14 14 16 26 19 19 22 17 11 6 4
11 17 14 22 14 26 29 31 20 28 22 26 27 22 18 26 31 0 20 31 23 25 25 22 30 23 19 19 14 22 33 31
9 15 100000 13 6 14 14 9 16 13 14 13 13 10 10 14 15 20 0 14 15 7 7 14 12 5 11 10 6 10 9 16
20 26 18 17 18 14 19 21 11 18 19 18 24 10 22 6 21 31 14 0 19 13 13 100000 16 9 16 14 18 10 21 21
12 18 9 17 9 13 15 20 14 16 1 11 22 9 13 13 17 23 15 19 0 9 9 17 24 17 4 14 9 9 20 17
14 20 11 9 11 7 12 11 16 11 10 11 15 3 15 7 14 25 7 13 9 0 0 19 18 11 13 12 11 3 11 13
14 20 11 9 11 7 12 11 16 11 10 11 15 3 15 7 14 25 7 13 9 0 0 19 18 11 13 100000 11 3 11 13
11 17 8 16 8 20 16 10 19 15 16 20 14 16 4 20 16 22 14 100000 17 19 19 0 25 18 13 13 8 16 10 18
20 21 17 15 17 19 24 21 18 23 23 23 25 15 100000 19 26 30 12 16 24 18 18 25 0 7 22 12 17 15 21 26
13 19 10 8 10 12 17 14 11 16 16 16 18 8 14 12 19 23 5 9 17 11 11 18 7 0 15 5 10 8 14 19
8 14 5 13 5 17 17 22 10 18 3 7 18 13 9 17 19 19 11 16 4 13 13 13 22 15 0 10 5 13 22 19
8 14 5 3 5 15 20 18 6 19 13 17 18 13 9 17 22 19 10 14 14 12 100000 13 12 5 10 0 5 13 18 22
3 9 0 8 0 12 15 17 11 14 8 12 13 8 4 12 17 14 6 18 9 11 11 8 17 10 5 5 0 8 100000 17
11 17 8 11 8 4 9 11 13 8 10 8 14 0 12 4 11 22 10 10 9 3 3 16 15 8 13 13 8 0 11 11
22 20 17 15 3 15 8 0 24 9 21 19 4 11 14 15 6 33 9 21 20 11 11 10 21 14 22 18 100000 11 0 10
20 25 17 22 13 10 2 10 19 3 16 19 9 11 17 15 4 31 16 21 17 13 13 18 26 19 19 22 17 11 10 0
