32
0 8 13 7 7 7 11 7 8 7 7 4 2 19 13 7 9 3 7 5 13 12 4 11 14 9 11 8 7 8 10 23
8 0 8 14 1 1 5 10 2 1 1 12 9 22 7 1 3 5 1 12 7 6 11 8 8 3 5 2 15 3 7 18
13 8 0 6 7 7 11 14 6 7 7 17 11 19 13 7 9 11 7 14 13 10 15 12 14 5 11 6 19 7 13 22
7 14 6 0 13 13 17 14 12 13 13 11 5 13 19 13 15 10 13 8 19 16 11 18 19 11 17 12 14 11 13 24
7 1 7 13 0 0 4 9 1 0 0 11 8 21 6 0 2 4 0 11 6 5 10 7 7 2 4 1 14 2 6 100000
7 1 7 13 0 0 100000 9 1 0 0 11 8 21 6 0 2 4 0 11 6 5 10 7 7 2 4 1 14 2 6 17
11 5 11 17 4 100000 0 13 5 4 4 13 12 22 10 4 6 8 4 15 10 9 14 11 11 6 8 5 10 6 10 21
7 10 14 14 9 9 13 0 8 9 9 3 9 18 15 9 11 10 9 10 14 6 11 4 8 9 7 8 6 9 15 16
8 2 6 12 1 1 5 8 0 1 1 11 7 22 7 1 3 5 1 10 7 4 9 6 8 1 5 0 13 1 7 18
7 1 7 13 0 0 4 9 1 0 0 11 8 21 6 0 2 4 0 11 6 5 10 7 7 2 4 1 14 2 6 17
7 1 7 13 0 0 4 9 1 0 0 11 8 21 6 0 2 4 0 11 6 5 10 7 7 2 4 1 14 2 6 17
4 12 17 11 11 11 13 3 11 11 11 0 6 15 17 11 13 7 11 9 16 9 8 7 11 12 10 11 3 12 14 19
2 9 11 5 8 8 12 9 7 8 8 6 0 18 14 8 10 5 8 3 14 11 6 13 15 8 12 7 9 6 8 25
19 22 19 13 21 21 22 18 22 21 21 15 18 0 27 21 23 22 21 21 25 24 23 22 26 23 25 22 12 23 26 11
13 7 13 19 6 6 10 15 7 6 6 17 14 27 0 6 8 10 6 17 12 11 16 13 13 8 10 7 20 8 12 23
7 1 7 13 0 0 4 9 1 0 0 11 8 21 6 0 2 4 0 11 6 5 10 7 7 2 4 1 14 2 6 17
9 3 9 15 2 2 6 11 3 2 2 13 10 23 8 2 0 6 2 13 4 7 12 9 9 4 6 3 16 4 8 19
3 5 11 10 4 4 8 10 5 4 4 7 5 22 10 4 6 0 4 8 10 9 7 11 11 6 8 5 10 6 10 21
7 1 7 13 0 0 4 9 1 0 0 11 8 21 6 0 2 4 0 11 6 5 10 7 7 2 4 1 14 2 6 17
5 12 14 8 11 11 15 10 10 11 11 9 3 21 17 11 13 8 11 0 17 14 9 14 18 11 15 10 12 9 5 26
13 7 13 19 6 6 10 14 7 6 6 16 14 25 12 6 4 10 6 17 0 11 16 13 6 8 100000 7 13 8 12 21
12 6 10 16 5 5 9 6 4 5 5 9 11 24 11 5 7 9 5 14 11 0 13 2 12 5 9 4 12 5 11 22
4 11 15 11 10 10 14 11 9 10 10 8 6 23 16 10 12 7 10 9 16 13 0 15 14 10 14 9 11 10 14 27
11 8 12 18 7 7 11 4 6 7 7 7 13 22 13 7 9 11 7 14 13 2 15 0 12 7 11 6 10 7 13 20
14 8 14 19 7 7 11 8 8 7 7 11 15 26 13 7 9 11 7 18 6 12 14 12 0 9 11 8 14 9 13 15
9 3 5 11 2 2 6 9 1 2 2 12 8 23 8 2 4 6 2 11 8 5 10 7 9 0 6 1 14 2 8 19
11 5 11 17 4 4 8 7 5 4 4 10 12 25 10 4 6 8 4 15 100000 9 14 11 11 6 0 5 13 6 10 20
8 2 6 12 1 1 5 8 0 1 1 11 7 22 7 1 3 5 1 10 7 4 9 6 8 1 5 0 13 1 7 18
7 15 19 14 14 14 10 6 13 14 14 3 9 12 20 14 16 10 14 12 13 12 11 10 14 14 13 13 0 14 17 22
8 3 7 11 2 2 6 9 1 2 2 12 6 23 8 2 4 6 2 9 8 5 10 7 9 2 6 1 14 0 8 19
10 7 13 13 6 6 10 15 7 6 6 14 8 26 12 6 8 10 6 5 12 11 14 13 13 8 10 7 17 8 0 23
23 18 22 24 100000 17 21 16 18 17 17 19 25 11 23 17 19 21 17 26 21 22 27 20 15 19 20 18 22 19 23 0
