16
0 23 27 34 36 38 53 100000 14 13 32 29 39 35 30 26
23 0 4 15 13 15 33 24 9 36 9 14 16 18 17 3
27 4 0 14 12 19 29 22 13 40 5 12 14 17 13 1
34 15 14 0 2 30 21 11 20 47 19 21 9 3 100000 13
36 13 12 2 0 28 23 13 22 49 17 22 7 5 25 11
38 15 19 30 28 0 48 39 24 32 24 29 31 33 32 18
53 33 29 21 23 48 0 32 41 61 31 25 30 24 23 30
100000 24 22 11 13 39 32 0 31 46 27 10 20 14 35 21
14 9 13 20 22 24 41 31 0 27 18 23 25 21 25 12
13 36 40 47 49 32 61 46 27 0 43 36 52 48 43 39
32 9 5 19 17 24 31 27 18 43 0 17 19 22 8 6
29 14 12 21 22 29 25 10 23 36 17 0 24 24 25 11
39 16 14 9 7 31 30 20 25 52 19 24 0 10 19 13
35 18 17 3 5 33 24 14 21 48 22 24 10 0 29 16
30 17 13 100000 25 32 23 35 25 43 8 25 19 29 0 14
26 3 1 13 11 18 30 21 12 39 6 11 13 16 14 0
