32
0 3 14 15 10 5 9 8 2 11 5 3 5 7 11 20 4 7 1 8 5 15 12 4 9 16 9 10 3 16 2 11
3 0 11 14 9 4 6 7 1 11 4 0 4 4 10 23 1 10 4 11 4 14 9 3 6 13 8 7 2 15 1 11
14 11 0 13 15 15 7 18 12 9 9 11 15 15 8 34 12 13 15 18 15 13 5 14 5 12 19 4 13 23 12 13
15 14 13 0 21 16 20 19 13 16 14 14 16 18 15 35 15 17 16 23 10 0 18 15 18 25 18 17 12 12 13 21
10 9 15 21 0 7 15 2 8 8 8 9 7 13 7 22 10 12 11 18 11 21 10 10 15 22 15 16 9 22 8 14
5 4 15 16 7 0 10 5 3 15 6 4 0 8 14 25 5 11 6 12 6 16 13 5 10 15 10 11 4 17 3 7
9 6 7 20 15 10 0 13 7 17 10 6 10 10 16 29 7 16 10 17 10 20 15 9 4 11 14 3 8 21 7 12
8 7 18 19 2 5 13 0 6 20 9 7 5 11 100000 24 8 15 9 16 9 19 16 8 13 20 13 14 7 20 6 12
2 1 12 13 8 3 7 6 0 17 3 1 3 5 16 22 2 9 3 10 3 13 10 2 100000 14 7 8 1 14 0 10
11 11 9 16 8 15 17 20 17 0 2 11 15 15 1 30 12 4 10 100000 11 16 4 15 17 18 19 17 13 14 100000 8
5 4 9 14 8 6 10 9 3 2 0 4 6 8 1 25 5 6 6 13 6 14 4 5 10 17 10 11 4 16 3 10
3 0 11 14 9 4 6 7 1 11 4 0 4 4 10 23 1 10 4 11 4 14 9 3 6 13 8 7 2 15 1 11
5 4 15 16 7 0 10 5 3 15 6 4 0 8 14 25 5 11 6 12 6 16 13 5 10 15 10 11 4 17 3 7
7 4 15 18 13 8 10 11 5 15 8 4 8 0 14 27 5 14 8 15 8 18 13 7 10 17 12 11 6 19 5 15
11 10 8 15 7 14 16 100000 16 1 1 10 14 14 0 29 11 5 10 14 12 15 3 14 16 17 20 17 14 15 100000 9
20 23 34 35 22 25 29 24 22 30 25 23 25 27 29 0 24 27 21 28 25 35 32 24 29 36 29 30 23 36 22 31
4 1 12 15 10 5 7 8 2 12 5 1 5 5 11 24 0 11 5 12 5 15 10 4 7 14 9 8 3 14 2 12
7 10 13 17 12 11 16 15 9 4 6 10 11 14 5 27 11 0 6 9 7 17 8 11 14 21 15 13 9 10 9 4
1 4 15 16 11 6 10 9 3 10 6 4 6 8 10 21 5 6 0 9 6 16 13 5 10 17 10 11 4 16 3 10
8 11 18 23 18 12 17 16 10 100000 13 11 12 15 14 28 12 9 9 0 13 23 17 12 15 22 17 14 11 19 10 5
5 4 15 10 11 6 10 9 3 11 6 4 6 8 12 25 5 7 6 13 0 10 13 5 10 17 8 11 2 15 3 11
15 14 13 0 21 16 20 19 13 16 14 14 16 18 15 35 15 17 16 23 10 0 18 15 18 25 18 17 12 12 13 21
12 9 5 18 10 13 15 16 10 4 4 9 13 13 3 32 10 8 13 17 13 18 0 12 15 14 17 100000 11 18 10 12
4 3 14 15 10 5 9 8 2 15 5 3 5 7 14 24 4 11 5 12 5 15 12 0 9 16 9 10 3 16 2 12
9 6 5 18 15 10 4 13 100000 17 10 6 10 10 16 29 7 14 10 15 10 18 15 9 0 7 14 1 8 21 7 10
16 13 12 25 22 15 11 20 14 18 17 13 15 17 17 36 14 21 17 22 17 25 14 16 7 0 21 8 15 28 14 17
9 8 19 18 15 10 14 13 7 19 10 8 10 12 20 29 9 15 10 17 8 18 17 9 14 21 0 15 6 7 7 17
10 7 4 17 16 11 3 14 8 17 11 7 11 11 17 30 8 13 11 14 11 17 100000 10 1 8 15 0 9 22 8 9
3 2 13 12 9 4 8 7 1 13 4 2 4 6 14 23 3 9 4 11 2 12 11 3 8 15 6 9 0 13 1 11
16 15 23 12 22 17 21 20 14 14 16 15 17 19 15 36 14 10 16 19 15 12 18 16 21 28 7 22 13 0 14 14
2 1 12 13 8 3 7 6 0 100000 3 1 3 5 100000 22 2 9 3 10 3 13 10 2 7 14 7 8 1 14 0 10
11 11 13 21 14 7 12 12 10 8 10 11 7 15 9 31 12 4 10 5 11 21 12 12 10 17 17 9 11 14 10 0
