32
0 4 100000 7 4 2 3 6 8 4 19 2 2 1 2 7 9 18 3 5 18 0 13 8 7 8 4 3 7 7 11 10
4 0 16 10 8 2 7 10 8 7 23 6 6 5 2 3 9 17 6 5 14 4 15 11 7 12 8 7 7 5 15 10
100000 16 0 15 12 14 11 16 17 12 31 10 10 13 14 19 21 25 11 17 11 12 5 16 17 16 12 100000 17 17 1 15
7 10 15 0 7 8 6 11 14 3 26 5 5 8 8 13 15 21 4 11 22 7 16 7 10 11 7 6 10 12 14 15
4 8 12 7 0 6 3 8 12 4 23 2 2 5 6 8 13 20 3 9 15 4 9 8 9 8 4 3 9 9 11 12
2 2 14 8 6 0 5 8 6 5 21 4 4 3 0 5 7 16 4 3 16 2 13 9 5 10 6 5 5 5 13 8
3 7 11 6 3 5 0 7 11 3 22 1 1 4 5 10 12 19 2 8 18 100000 12 7 8 5 1 0 8 8 10 11
6 10 16 11 8 8 7 0 14 8 25 6 6 7 8 13 15 23 7 11 100000 6 17 12 13 12 8 7 13 13 15 16
8 8 17 14 12 6 11 14 0 11 27 10 10 9 6 11 13 11 10 9 14 8 19 15 9 16 12 11 9 11 16 2
4 7 12 3 4 5 3 8 11 0 23 2 2 5 5 10 12 18 1 8 19 4 13 4 7 8 4 3 7 9 11 12
19 23 31 26 23 21 22 25 27 23 0 21 21 20 100000 26 26 37 22 24 37 19 32 27 26 27 23 22 26 26 30 29
2 6 10 5 2 4 1 6 10 2 21 0 0 3 4 9 11 18 1 7 17 2 11 6 7 6 2 1 7 7 9 10
2 6 10 5 2 4 1 6 10 2 21 0 0 3 4 9 11 18 1 7 17 2 11 6 7 6 2 1 7 7 9 10
1 5 13 8 5 3 4 7 9 5 20 3 3 0 3 8 10 19 4 6 18 1 14 9 100000 9 5 4 8 8 12 11
2 2 14 8 6 0 5 8 6 5 100000 4 4 3 0 5 7 16 4 3 16 2 13 9 5 10 6 5 5 5 13 8
7 3 19 13 8 5 10 13 11 10 26 9 9 8 5 0 12 15 9 8 17 7 17 14 10 15 11 10 10 2 18 13
9 9 21 15 13 7 12 15 13 12 26 11 11 10 7 12 0 23 11 4 23 9 20 16 12 17 13 12 12 100000 20 15
18 17 25 21 20 16 19 23 11 18 37 18 18 19 16 15 23 0 17 19 3 18 100000 22 11 24 20 19 11 13 24 13
3 6 11 4 3 4 2 7 10 1 22 1 1 4 4 9 11 17 0 7 18 3 12 5 6 7 3 2 6 8 10 11
5 5 17 11 9 3 8 11 9 8 24 7 7 6 3 8 4 19 7 0 19 5 16 12 8 13 9 8 8 8 16 11
18 14 11 22 15 16 18 100000 14 19 37 17 17 18 16 17 23 3 18 19 0 18 6 23 14 23 19 18 14 16 12 14
0 4 12 7 4 2 100000 6 8 4 19 2 2 1 2 7 9 18 3 5 18 0 13 8 7 8 4 3 7 7 11 10
13 15 5 16 9 13 12 17 19 13 32 11 11 14 13 17 20 100000 12 16 6 13 0 17 18 17 13 12 18 18 6 20
8 11 16 7 8 9 7 12 15 4 27 6 6 9 9 14 16 22 5 12 23 8 17 0 11 12 8 7 11 13 15 16
7 7 17 10 9 5 8 13 9 7 26 7 7 100000 5 10 12 11 6 8 14 7 18 11 0 13 9 8 0 10 16 11
8 12 16 11 8 10 5 12 16 8 27 6 6 9 10 15 17 24 7 13 23 8 17 12 13 0 4 5 13 13 15 16
4 8 12 7 4 6 1 8 12 4 23 2 2 5 6 11 13 20 3 9 19 4 13 8 9 4 0 1 9 9 11 12
3 7 100000 6 3 5 0 7 11 3 22 1 1 4 5 10 12 19 2 8 18 3 12 7 8 5 1 0 8 8 10 11
7 7 17 10 9 5 8 13 9 7 26 7 7 8 5 10 12 11 6 8 14 7 18 11 0 13 9 8 0 10 16 11
7 5 17 12 9 5 8 13 11 9 26 7 7 8 5 2 100000 13 8 8 16 7 18 13 10 13 9 8 10 0 16 13
11 15 1 14 11 13 10 15 16 11 30 9 9 12 13 18 20 24 10 16 12 11 6 15 16 15 11 10 16 16 0 14
10 10 15 15 12 8 11 16 2 12 29 10 10 11 8 13 15 13 11 11 14 10 20 16 11 16 12 11 11 13 14 0
