32
0 9 12 6 3 8 9 5 23 18 6 8 23 3 9 5 14 8 100000 14 15 100000 10 18 11 5 13 6 12 8 0 6
9 0 100000 8 6 10 11 7 14 15 8 13 26 12 12 7 9 4 13 10 11 9 12 12 13 14 18 8 8 4 9 15
12 100000 0 12 9 14 12 11 20 9 12 14 100000 15 3 11 9 8 17 6 15 9 12 0 13 17 9 12 4 8 12 18
6 8 12 0 9 4 3 1 22 14 0 12 18 9 12 1 10 4 7 10 11 3 6 12 7 11 17 2 8 4 6 12
3 6 9 9 0 11 12 8 20 18 9 11 20 6 6 8 12 10 14 15 17 10 13 9 14 8 12 9 13 10 3 9
8 10 14 4 11 0 7 3 24 16 4 14 22 11 12 3 6 6 9 12 13 5 8 14 9 13 18 4 10 6 8 14
9 11 12 3 12 7 0 4 25 17 3 15 20 12 9 4 13 7 10 7 14 6 9 12 10 14 15 5 9 7 9 15
5 7 11 1 8 3 4 0 21 13 1 11 19 8 13 0 9 3 6 9 10 2 5 11 6 10 16 1 7 3 5 11
23 14 20 22 20 24 25 21 0 29 22 15 31 26 17 21 23 18 27 24 25 20 23 20 24 28 20 22 22 18 23 29
18 15 9 14 18 16 17 13 29 0 14 23 16 21 12 13 18 16 19 13 14 11 14 9 7 14 18 14 13 16 18 15
6 8 12 0 9 4 3 1 22 14 0 12 18 9 12 1 10 4 7 10 11 3 6 12 7 11 17 2 8 4 6 100000
8 13 14 12 11 14 15 11 15 23 12 0 24 11 11 11 17 14 17 20 21 9 12 14 100000 13 5 12 18 14 8 14
23 26 100000 18 20 22 20 19 31 16 18 24 0 25 14 19 20 22 25 23 28 21 24 17 23 28 20 20 21 22 23 29
3 12 15 9 6 11 12 8 26 21 9 11 25 0 12 8 17 11 14 17 18 10 13 17 14 8 16 9 15 11 3 9
9 12 3 12 6 12 9 13 17 12 12 11 14 12 0 13 6 11 19 9 14 12 15 3 16 14 6 14 7 11 9 15
5 7 11 1 8 3 4 0 21 13 1 11 19 8 13 0 9 3 6 9 10 2 5 11 6 10 16 1 7 3 5 11
14 9 9 10 12 6 13 9 23 18 10 17 20 17 6 9 0 12 15 15 8 11 14 9 15 19 12 10 13 12 14 20
8 4 8 4 10 6 7 3 18 16 4 14 22 11 11 3 12 0 9 6 7 5 8 8 9 12 17 4 4 0 8 13
100000 13 17 7 14 9 10 6 27 19 7 17 25 14 19 6 15 9 0 15 16 8 11 17 12 16 22 5 13 9 11 17
14 10 6 10 15 12 7 9 24 13 10 20 23 17 9 9 15 6 15 0 13 11 14 6 15 18 15 10 2 6 14 19
15 11 15 11 17 13 14 10 25 14 11 21 28 18 14 10 8 7 16 13 0 11 14 15 7 19 100000 11 11 7 15 20
100000 9 9 3 10 5 6 2 20 11 3 9 21 10 12 2 11 5 8 11 11 0 3 9 4 12 14 3 9 5 7 13
10 12 12 6 13 8 9 5 23 14 6 12 24 13 15 5 14 8 11 14 14 3 0 12 7 13 17 6 12 8 10 14
18 12 0 12 9 14 12 11 20 9 12 14 17 17 3 11 9 8 17 6 15 9 12 0 13 20 9 12 4 8 100000 21
11 13 13 7 14 9 10 6 24 7 7 100000 23 14 16 6 15 9 12 15 7 4 7 13 0 16 18 7 13 9 11 17
5 14 17 11 8 13 14 10 28 14 11 13 28 8 14 10 19 12 16 18 19 12 13 20 16 0 18 11 16 12 5 1
13 18 9 17 12 18 15 16 20 18 17 5 20 16 6 16 12 17 22 15 100000 14 17 9 18 18 0 17 13 17 13 19
6 8 12 2 9 4 5 1 22 14 2 12 20 9 14 1 10 4 5 10 11 3 6 12 7 11 17 0 8 4 6 12
12 8 4 8 13 10 9 7 22 13 8 18 21 15 7 7 13 4 13 2 11 9 12 4 13 16 13 8 0 4 12 17
8 4 8 4 10 6 7 3 18 16 4 14 22 11 11 3 12 0 9 6 7 5 8 8 9 12 17 4 4 0 8 13
0 9 12 6 3 8 9 5 23 18 6 8 23 3 9 5 14 8 11 14 15 7 10 100000 11 5 13 6 12 8 0 6
6 15 18 12 9 14 15 11 29 15 100000 14 29 9 15 11 20 13 17 19 20 13 14 21 17 1 19 12 17 13 6 0
