32
0 12 14 9 4 8 3 5 3 7 4 7 2 24 11 6 7 1 12 12 5 7 5 2 3 5 3 15 8 3 11 1
12 0 18 21 10 12 11 9 11 11 10 14 10 32 15 10 14 13 0 16 8 15 7 10 9 8 9 19 12 9 19 13
14 18 0 21 10 12 11 9 11 11 10 14 14 30 15 8 14 15 18 16 14 15 11 14 13 12 13 15 6 13 19 13
9 21 21 0 13 9 12 12 12 14 13 12 11 33 10 13 12 10 21 19 14 16 14 11 12 14 12 22 15 12 20 10
4 10 10 13 0 4 1 1 1 3 0 4 6 22 7 2 4 5 10 8 6 5 3 6 5 4 5 11 4 5 9 3
8 12 12 9 4 0 5 3 5 5 4 8 8 26 9 4 8 9 12 10 8 9 5 8 7 6 7 13 6 7 13 7
3 11 11 12 1 5 0 2 0 4 1 4 5 21 8 3 4 4 11 9 7 4 4 5 6 5 6 12 5 6 8 2
5 9 9 12 1 3 2 0 2 2 1 100000 5 23 6 1 5 6 9 7 5 6 2 5 4 3 4 10 3 4 10 4
3 11 11 12 1 5 0 2 0 4 1 4 5 21 8 3 4 4 11 9 7 4 4 5 6 5 6 12 5 6 8 2
7 11 11 14 3 5 4 2 4 0 3 7 7 23 4 3 7 8 11 5 7 8 4 7 6 5 6 8 5 6 12 6
4 10 10 13 0 4 1 1 1 3 0 4 6 22 7 2 4 5 10 8 6 5 3 6 5 4 5 11 4 5 9 3
7 14 14 12 4 8 4 100000 4 7 4 0 5 25 11 6 0 8 14 12 8 8 7 5 6 8 6 13 8 6 12 6
2 10 14 11 6 8 5 5 5 7 6 5 0 26 11 6 5 3 10 12 3 9 3 0 1 4 1 15 8 1 13 3
24 32 30 33 22 26 21 23 21 23 22 25 26 0 27 24 25 25 32 28 28 25 25 26 27 24 27 15 26 27 29 23
11 15 15 10 7 9 8 6 8 4 7 11 11 27 0 7 11 12 15 9 11 12 8 11 10 9 10 12 9 10 16 10
6 10 8 13 2 4 3 1 3 3 2 6 6 24 7 0 6 7 10 8 6 7 3 6 5 4 5 11 2 5 11 5
7 14 14 12 4 8 4 5 4 7 4 0 5 25 11 6 0 8 14 12 8 8 7 5 6 8 6 13 8 6 12 6
1 13 15 10 5 9 4 6 4 8 5 8 3 25 12 7 8 0 13 13 6 8 6 3 4 6 4 16 9 4 12 2
12 0 18 21 10 12 11 9 11 11 10 14 10 32 15 10 14 13 0 16 8 15 7 10 9 8 9 19 12 9 19 13
12 16 16 19 8 10 9 7 9 5 8 12 12 28 9 8 12 13 16 0 12 13 9 12 11 10 11 13 10 11 17 11
5 8 14 14 6 8 7 5 7 7 6 8 3 28 11 6 8 6 8 12 0 11 3 3 2 4 2 15 8 2 15 6
7 15 15 16 5 9 4 6 4 8 5 8 9 25 12 7 8 8 15 13 11 0 8 9 10 9 10 16 9 10 12 6
5 7 11 14 3 5 4 2 4 4 3 7 3 25 8 3 7 6 7 9 3 8 0 3 2 1 2 12 5 2 12 6
2 10 14 11 6 8 5 5 5 7 6 5 0 26 11 6 5 3 10 12 3 9 3 0 1 4 1 15 8 1 13 3
3 9 13 12 5 7 6 4 6 6 5 6 1 27 10 5 6 4 9 11 2 10 2 1 0 3 0 14 7 0 14 4
5 8 12 14 4 6 5 3 5 5 4 8 4 24 9 4 8 6 8 10 4 9 1 4 3 0 3 13 6 3 13 6
3 9 13 12 5 7 6 4 6 6 5 6 1 27 10 5 6 4 9 11 2 10 2 1 0 3 0 14 7 0 14 4
15 19 15 22 11 13 12 10 12 8 11 13 15 15 12 11 13 16 19 13 15 16 12 15 14 13 14 0 13 14 100000 14
8 12 6 15 4 6 5 3 5 5 4 8 8 26 9 2 8 9 12 10 8 9 5 8 7 6 7 13 0 7 13 7
3 9 13 12 5 7 6 4 6 6 5 6 1 27 10 5 6 4 9 11 2 10 2 1 0 3 0 14 7 0 14 4
11 19 19 20 9 13 8 10 8 12 9 12 13 29 16 11 12 12 19 17 15 12 12 13 14 13 14 100000 13 14 0 10
1 13 13 10 3 7 2 4 2 6 3 6 3 23 10 5 6 2 13 11 6 6 6 3 4 6 4 14 7 4 10 0
