32
0 13 22 25 19 16 12 9 8 13 11 6 16 10 21 22 17 28 13 10 0 14 10 12 1 16 1 12 13 14 10 14
13 0 19 23 16 12 9 12 5 3 8 7 8 11 19 21 14 38 6 6 13 11 6 4 14 100000 14 16 15 5 11 27
22 19 0 16 22 18 10 13 18 16 16 20 18 100000 26 2 5 27 14 16 22 12 16 17 23 23 23 19 20 15 12 36
25 23 16 0 15 11 17 20 28 20 25 27 21 31 100000 14 21 37 23 17 25 24 17 19 26 16 26 20 19 24 15 39
19 16 22 15 0 4 12 15 16 13 19 18 16 22 27 24 17 30 19 10 19 22 10 12 18 9 20 7 6 18 14 31
16 12 18 11 4 0 8 11 17 9 15 18 12 22 23 20 13 34 17 6 16 20 6 8 15 13 17 11 10 17 10 28
12 9 10 17 12 8 0 3 14 6 11 16 8 15 16 12 5 34 13 9 12 13 9 7 13 13 13 11 10 14 2 26
9 12 13 20 15 11 3 0 16 9 14 15 11 18 13 15 8 33 16 7 9 10 7 9 10 16 10 14 13 17 5 23
8 5 18 28 16 17 14 16 0 8 13 2 13 6 17 16 19 34 11 11 8 6 11 9 9 13 9 11 10 10 16 22
13 3 16 20 13 9 6 9 8 0 11 10 5 14 16 18 11 35 9 3 13 11 3 1 12 18 14 14 15 8 8 24
11 8 16 25 19 15 11 14 13 11 0 15 16 16 27 100000 16 38 2 14 11 19 14 12 11 18 12 16 15 3 10 24
6 7 20 27 18 18 16 15 2 10 15 0 14 4 15 18 21 34 13 12 6 8 12 10 7 15 7 13 12 12 15 20
16 8 18 21 16 12 8 11 13 5 16 14 0 18 13 20 13 33 18 6 16 16 6 4 15 13 17 9 10 100000 6 28
10 11 100000 31 22 22 15 18 6 14 16 4 18 0 19 22 20 38 14 16 10 12 16 14 11 19 11 17 16 13 17 24
21 19 26 100000 27 23 16 13 17 16 27 15 13 19 0 28 21 20 25 17 21 23 17 15 22 24 22 20 21 24 18 35
22 21 2 14 24 20 12 15 16 18 100000 18 20 22 28 0 7 29 16 18 22 10 18 19 21 21 23 17 18 17 14 34
17 14 5 21 17 13 5 8 19 11 16 21 13 20 21 7 0 32 18 14 17 17 14 12 18 18 18 16 15 19 7 31
28 38 27 37 30 34 34 33 34 35 38 34 33 38 20 29 32 0 40 36 28 39 36 34 27 21 29 25 24 100000 32 40
13 6 14 23 19 17 13 16 11 9 2 13 18 14 25 16 18 40 0 12 13 17 12 10 13 16 14 14 13 1 12 26
10 6 16 17 10 6 9 7 11 3 14 12 6 16 17 18 14 36 12 0 10 14 0 2 9 100000 11 15 16 11 11 22
0 13 22 25 19 16 12 9 8 13 11 6 16 10 21 22 17 28 13 10 0 14 10 12 1 16 1 12 13 14 10 14
14 11 12 24 22 20 13 10 6 11 19 8 16 12 23 10 17 39 17 14 14 0 14 12 15 19 15 17 16 16 15 27
10 6 16 17 10 6 9 7 11 3 14 12 6 16 17 18 14 36 12 0 10 14 0 2 9 19 11 15 16 11 11 22
12 4 17 19 12 8 7 9 9 1 12 10 4 14 15 19 12 34 10 2 12 12 2 0 11 17 13 13 14 9 9 24
1 14 23 26 18 15 13 10 9 12 11 7 15 11 22 21 18 27 13 9 1 15 9 11 0 15 2 11 12 14 11 13
16 100000 23 16 9 13 13 16 13 18 18 15 13 19 24 21 18 21 16 100000 16 19 19 17 15 0 17 4 3 15 11 28
1 14 23 26 20 17 13 10 9 14 12 7 17 11 22 23 18 29 14 11 1 15 11 13 2 17 0 13 14 15 11 15
12 16 19 20 7 11 11 14 11 14 16 13 9 17 20 17 16 25 14 15 12 17 15 13 11 4 13 0 1 13 9 24
13 15 20 19 6 10 10 13 10 15 15 12 10 16 21 18 15 24 13 16 13 16 16 14 12 3 14 1 0 12 8 25
14 5 15 24 18 17 14 17 10 8 3 12 100000 13 24 17 19 100000 1 11 14 16 11 9 14 15 15 13 12 0 13 27
10 11 12 15 14 10 2 5 16 8 10 15 6 17 18 14 7 32 12 11 10 15 11 9 11 11 11 9 8 13 0 24
14 27 36 39 31 28 26 23 22 24 24 20 28 24 35 34 31 40 26 22 14 27 22 24 13 28 15 24 25 27 24 0
