32
0 10 8 11 6 11 8 9 12 5 9 9 11 6 9 17 8 12 10 5 13 2 11 16 10 10 4 4 8 11 24 7
10 0 2 7 8 10 2 16 7 7 11 3 3 4 11 19 9 12 16 12 10 8 7 16 12 7 6 6 2 7 23 6
8 2 0 5 6 11 0 14 5 5 9 1 3 2 9 17 8 10 14 10 8 6 5 14 10 5 4 4 0 5 23 4
11 7 5 0 5 14 5 19 1 8 12 6 13 7 12 14 6 10 9 11 8 9 0 14 13 10 7 7 5 0 27 6
6 8 6 5 0 9 6 15 6 3 7 7 9 100000 100000 15 6 13 14 11 11 4 5 17 8 8 2 2 6 5 22 5
11 10 11 14 9 0 11 20 15 8 2 12 13 9 12 20 11 18 21 16 16 9 14 22 13 13 7 7 11 14 13 10
8 2 0 5 6 11 0 14 5 5 9 1 3 2 9 17 8 10 14 10 8 6 5 14 10 5 4 4 0 5 23 4
9 16 14 19 15 20 14 0 19 12 18 15 17 15 18 26 17 21 19 14 22 11 19 25 19 19 13 13 14 19 33 16
12 7 5 1 6 15 5 19 0 9 13 6 8 7 13 13 7 11 10 12 9 10 1 15 14 10 8 8 5 1 28 5
5 7 5 8 3 8 5 12 9 0 6 6 8 3 6 14 5 12 15 10 10 3 8 16 7 7 1 1 5 8 21 4
9 11 9 12 7 2 9 18 13 6 0 10 12 7 10 18 9 16 19 14 14 7 12 20 11 11 5 5 9 12 15 8
9 3 1 6 7 12 1 15 6 6 10 0 2 3 10 18 8 9 15 11 9 7 6 13 11 6 5 5 1 6 24 5
11 3 3 13 9 13 3 17 8 8 12 2 0 5 12 20 6 11 21 13 11 9 13 15 13 8 7 7 3 100000 26 7
6 4 2 7 100000 9 2 15 7 3 7 3 5 0 7 15 6 12 16 100000 10 4 7 16 8 7 2 2 2 7 22 5
9 11 9 12 100000 12 9 18 13 6 10 10 12 7 0 18 9 16 19 14 14 7 12 20 11 11 5 5 9 12 25 8
17 19 17 14 15 20 17 26 13 14 18 18 20 15 18 0 17 10 23 22 12 15 14 6 19 19 13 13 17 14 30 16
8 9 8 6 6 11 8 17 7 5 9 8 6 6 9 17 0 7 15 11 5 6 6 11 10 10 4 4 8 6 24 7
12 12 10 10 13 18 10 21 11 12 16 9 11 12 16 10 7 0 18 17 2 13 10 4 100000 15 11 11 10 10 100000 14
10 16 14 9 14 21 14 19 10 15 19 15 21 16 19 23 15 18 0 15 17 12 9 22 20 19 14 14 14 9 34 15
5 12 10 11 11 16 10 14 12 10 14 11 13 100000 14 22 11 17 15 0 16 7 11 21 15 15 9 9 10 11 29 12
13 10 8 8 11 16 8 22 9 10 14 9 11 10 14 12 5 2 17 16 0 11 8 6 100000 13 9 9 8 8 29 12
2 8 6 9 4 9 6 11 10 3 7 7 9 4 7 15 6 13 12 7 11 0 9 17 8 8 2 2 6 9 22 5
11 7 5 0 5 14 5 19 1 8 12 6 13 7 12 14 6 10 9 11 8 9 0 14 13 10 7 7 5 0 27 6
16 16 14 14 17 22 14 25 15 16 20 13 15 16 20 6 11 4 22 21 6 17 14 0 21 19 15 15 14 14 24 18
10 12 10 13 8 13 10 19 14 7 11 11 13 8 11 19 10 100000 20 15 100000 8 13 21 0 12 6 6 10 13 23 9
10 7 5 10 8 13 5 19 10 7 11 6 8 7 11 19 10 15 19 15 13 8 10 19 12 0 6 6 5 10 26 9
4 6 4 7 2 7 4 13 8 1 5 5 7 2 5 13 4 11 14 9 9 2 7 15 6 6 0 0 4 7 20 3
4 6 4 7 2 7 4 13 8 1 5 5 7 2 5 13 4 11 14 9 9 2 7 15 6 6 0 0 4 7 20 3
8 2 0 5 6 11 0 14 5 5 9 1 3 2 9 17 8 10 14 10 8 6 5 14 10 5 4 4 0 5 23 4
11 7 5 0 5 14 5 19 1 8 12 6 100000 7 12 14 6 10 9 11 8 9 0 14 13 10 7 7 5 0 27 6
24 23 23 27 22 13 23 33 28 21 15 24 26 22 25 30 24 100000 34 29 29 22 27 24 23 26 20 20 23 27 0 23
7 6 4 6 5 10 4 16 5 4 8 5 7 5 8 16 7 14 15 12 12 5 6 18 9 9 3 3 4 6 23 0
